"uniprot_id","protein","gene","description","gene_symbol","S03_T1","S10_T1","S16_T1","S22_T1","S24_T1","S27_T1","S28_T1","S04_T1","S05_T1","S06_T1","S12_T1","S14_T1","S17_T1","S21_T1","S30_T1","S03_T2","S10_T2","S16_T2","S22_T2","S24_T2","S27_T2","S29_T2","S04_T2","S05_T2","S06_T2","S12_T2","S14_T2","S17_T2","S21_T2","S30_T2","S03_T3","S10_T3","S16_T3","S22_T3","S24_T3","S27_T3","S29_T3","S04_T3","S05_T3","S06_T3","S12_T3","S14_T3","S17_T3","S21_T3","S30_T3","logFC_Training","CI.L_Training","CI.R_Training","average_intensity_Training","t_Training","B_Training","P.Value_Training","adj.P.Val_Training","sig.PVal_Training","sig.FDR_Training","pi_score_Training","sig_pi_Training","logFC_Acute","CI.L_Acute","CI.R_Acute","average_intensity_Acute","t_Acute","B_Acute","P.Value_Acute","adj.P.Val_Acute","sig.PVal_Acute","sig.FDR_Acute","pi_score_Acute","sig_pi_Acute"
"A0A0B4J2D5","GAL3B_HUMAN","GATD3B","Glutamine amidotransferase-like class 1 domain-containing protein 3B, mitochondrial","=""GATD3B""",25.7736274900879,25.197166661687,25.3410516235823,25.892821204133,25.4134350899287,24.9320811463494,25.1389498534086,24.8539823493761,24.9057575223539,24.8561437577516,25.2058941674598,24.4076078851145,25.3799186430513,24.8270096743021,25.8259226365362,25.5003850952851,24.6989616181573,25.0037095394384,25.388986272321,25.4969518522757,25.0544023060542,25.4795533527634,24.9677784366859,25.2095495477163,25.4121289009882,25.4893926558738,25.4044154653715,25.68391662195,25.0703457356095,25.557836227814,25.2870079253534,25.2213609453269,25.2257467494895,25.5217746720847,25.7917734798761,25.1294878840905,25.3139571877896,25.2699453888867,25.1568347998571,25.2405776029729,25.4917867346685,25.1490127717759,25.3076570276452,24.8790086260233,25.693489331481,0.0950546310730296,-0.117839215591299,0.307948477737359,25.2677578769055,0.898712912261212,-5.23508662491669,0.373481818557932,0.847616168637045,0,0,0.91063058306952,0,0.0174071666011422,-0.19424588172729,0.229060214929574,25.2677578769055,0.16554435195304,-5.95174074251217,0.869240322154003,0.969399700838415,0,0,0.997563608369635,0
"A0FGR8","ESYT2_HUMAN","ESYT2","Extended synaptotagmin-2","=""ESYT2""",NA,NA,NA,NA,16.8444889482106,NA,17.1980516228074,16.6153505898097,16.6466103847493,NA,NA,16.4111592406277,NA,16.7165100752949,16.4013617498395,NA,NA,16.6917921150148,16.7690509215832,NA,16.5269577068262,NA,16.1811857338393,15.8153556966256,16.0653701267781,16.3736816008351,17.0150575804124,NA,15.7744424573779,NA,16.7888504493617,17.4260215074194,16.6696089229169,16.0972022710788,NA,17.0765342383497,NA,17.2083594695373,NA,NA,NA,17.0014110333678,NA,NA,16.2927450355955,-0.337380192380778,-0.730093332449154,0.0553329476875986,16.6086316449275,-1.76920438302851,-4.16505773233847,0.0890394297559253,0.645025861397455,-1,0,0.44219099881712,0,0.435736877491159,0.059338915215793,0.812134839766525,16.6086316449275,2.384025581703,-3.36030504679937,0.0250185015721506,0.344080314270748,1,0,0.200476456844499,0
"A1L0T0","ILVBL_HUMAN","ILVBL","Acetolactate synthase-like protein","=""ILVBL""",NA,NA,NA,16.9000137698269,16.7079966251134,NA,NA,NA,16.6384716013589,NA,NA,NA,NA,NA,17.3176752677309,NA,NA,17.2862099451125,17.0256690856101,NA,NA,NA,15.4686836867477,NA,17.2992059563197,NA,16.7380675550075,NA,NA,16.8985905203207,17.0305264577628,18.6005436564601,15.4519912256785,17.34330995546,17.2507144386436,NA,NA,NA,NA,16.839401478665,NA,NA,NA,NA,17.237794608924,-0.0305103612354287,-0.891595927726349,0.830575205255492,16.9432274020437,-0.0744286615428199,-5.14847905556258,0.941488370459737,0.983220575615884,0,0,0.998162121124063,0,0.23548541089167,-0.50370522556836,0.974676047351699,16.9432274020437,0.669185802761309,-5.38789664305201,0.511850467041784,0.834663611429138,0,0,0.854097487513965,0
"A5A3E0","POTEF_HUMAN","POTEF","POTE ankyrin domain family member F","=""POTEF""",22.0073817341109,21.2715132977313,17.1319277753419,19.4973835010821,19.2623757464937,19.5896549833452,20.3811984121968,17.4062171445893,19.4419043827206,NA,21.3979815356506,16.4762271328355,20.3739967323426,19.706462849377,16.7998289061303,16.9161054745147,20.5343807757193,18.2330342022383,16.8572080281295,NA,19.1874367728169,19.7795096732704,18.4963511013527,20.4202390817458,19.0944015991739,19.5344964160405,17.8699660113137,18.9139160430563,18.5540473918056,18.6739952767394,18.8152922351456,18.3983215575909,16.9285654029649,19.4618952755862,19.3203695248643,18.5234188447153,NA,18.9140637064624,20.8521650879836,19.5812112887555,18.7457920413849,17.2925806636247,17.7046106517692,18.9007920783597,18.4223286905834,-0.555206986895591,-1.43069269359834,0.320278719807155,18.9445368817061,-1.27889094641767,-4.85924648433253,0.207788025096344,0.74423025803658,0,0,0.417963293230722,0,-0.0784433524529433,-0.948785240842929,0.791898535937042,18.9445368817061,-0.181758156909404,-5.91835085334964,0.856625828940045,0.96254478959715,0,0,0.987933958213828,0
"A5D6W6","FITM1_HUMAN","FITM1","Fat storage-inducing transmembrane protein 1","=""FITM1""",NA,16.6179838493512,NA,16.118707044935,NA,15.6987774900239,16.2774818403639,16.8118204655945,16.072204460398,16.5770835760042,15.9068719090652,16.05835945671,17.6982624056008,NA,16.3421707669555,17.343970140986,17.2343749274609,14.906184911221,17.4806686511713,16.9974974405253,NA,15.3638025470948,18.6991182932693,16.2764243299614,18.0023656033115,16.8399706030672,NA,NA,16.2995142263012,15.3482401637598,16.9665652798461,NA,16.3692940592027,17.4018524051434,16.2463467526868,16.7285759364327,NA,16.1752736709223,15.4381503495907,16.319503267201,16.1064707183791,NA,16.3548209857922,NA,NA,0.399429439386935,-0.198218926460724,0.997077805234594,16.5175366220706,1.35816026150249,-4.71532627891382,0.18334686385287,0.733010065782738,0,0,0.507843316692535,0,-0.381443324978111,-0.990447187486272,0.22756053753005,16.5175366220706,-1.27281902212428,-5.07953520074171,0.211706991179011,0.701115954106001,0,0,0.553103227557134,0
"A5YM72","CRNS1_HUMAN","CARNS1","Carnosine synthase 1","=""CARNS1""",22.3763532659679,20.7514794932388,21.7540211542267,22.629579310464,20.223056099753,21.5141583238056,21.1837181719942,20.5753918259663,20.7938179384317,20.5711696805762,21.0718576055608,21.5397820951831,21.7276091340744,NA,21.529560179084,21.4292234050339,21.3826534884268,22.7436994671327,22.1579774806594,21.443470928292,21.7646614751516,21.4099434560711,21.7074684195032,21.541089455695,21.4444318089143,21.3860618699555,21.9690276342632,22.2342874628846,21.0143108010659,21.315968298163,21.7293021344068,20.9106273971971,22.1720950164632,21.9541129115383,20.5106966112479,21.401731471932,21.504590842281,21.2995619077677,21.2678167225525,20.8418730908813,21.4905396081792,21.2797345956409,21.5788522400722,NA,21.3466186623969,0.368613786833599,0.0325756080739607,0.704651965593237,21.4528833242348,2.21067955897588,-3.55386495023192,0.0322977269934841,0.492623799681105,1,0,0.282137120992617,0,-0.29402896383603,-0.628100934390609,0.0400430067185484,21.4528833242348,-1.77375208058169,-4.50205758443945,0.0830185294374514,0.523449990728398,-1,0,0.481067652868742,0
"A6NCE7","MP3B2_HUMAN","MAP1LC3B2","Microtubule-associated proteins 1A/1B light chain 3 beta 2","=""MAP1LC3B2""",19.6389866945443,18.8201120525479,NA,19.4729755486503,18.6648566033616,19.742813010534,18.8615872489451,19.2705226744234,19.0960485026421,19.499870016221,19.0294540224632,19.7283454744871,19.8857708818235,19.1623664566583,18.2696532147953,18.1672165317485,19.356337888034,18.4589374531279,18.8472765211194,17.3756817280257,18.234411089277,18.7125579739104,18.9485303421471,18.9635182064977,18.9618317361563,18.5586242209333,19.3487953535748,19.640012984987,19.3185839351774,18.8441157491627,19.2565589394022,19.6673127573264,19.0426537984463,19.352283158159,19.6987221955283,19.5320439309936,19.0544741448674,18.6116108840546,19.1663848870447,19.0296361076804,18.5842247439155,19.4085943089524,19.3179684439264,19.5438253235649,18.913737700862,-0.438603290938659,-0.760273292013258,-0.116933289864059,19.0695414872886,-2.74620004699284,-2.54802287797541,0.00863439017853048,0.416167334657996,-1,0,0.12440115676945,0,0.429573307389678,0.115052100793971,0.744094513985384,19.0695414872886,2.75079482897843,-2.63843577259345,0.00853167541205985,0.272445073110452,1,0,0.129189605434221,0
"A6NDG6","PGP_HUMAN","PGP","Glycerol-3-phosphate phosphatase","=""PGP""",22.3607432137151,22.8271414616304,22.7801569405621,23.126167255531,22.070931264278,22.7680573171615,22.6650479964978,22.4603867462893,23.0176654789349,22.874277048447,22.6583241816608,22.9467620998765,23.035252275566,22.702985273682,22.9801405016543,22.6919684042683,22.4911071116019,23.1592748746338,23.3419977360655,23.0708252176365,22.7951952868638,22.0208753754995,22.6888804755447,22.9653121248161,22.9191577965164,22.4595631546593,22.6895906713266,22.5949006497485,22.5492708305535,23.031144742617,22.6098541452952,22.176909109484,22.6655726616405,22.8001762720856,22.143784954481,22.3301148935218,23.1903194204667,22.5950409083539,23.0950784631764,22.9104437130961,22.7375645020351,22.6890584001434,23.075894415575,22.5012269149142,22.8720688756406,0.0145268594633094,-0.20255347018591,0.231607189112529,22.7363602479499,0.134698286969538,-5.57949820489444,0.893437564562136,0.963281315260771,0,0,0.998364469496445,0,-0.0717304534961194,-0.287545584944428,0.144084677952189,22.7363602479499,-0.669009824342002,-5.75205642498236,0.50683012041666,0.834663611429138,0,0,0.952422501514586,0
"A6NNS2","DRS7C_HUMAN","DHRS7C","Dehydrogenase/reductase SDR family member 7C","=""DHRS7C""",23.612278324022,22.7808055648842,23.5443568175397,23.0735998355609,22.1959811436919,22.4043223884542,22.8289871781963,22.5772065506955,22.7878600698365,22.8544466043762,23.3354133371457,22.0429335083733,22.7562414066675,23.2510811925226,22.2590374985798,22.1941145616901,22.1707903710044,23.162191824007,21.9315626929652,22.6340036905259,23.1693204526438,22.0042621515681,21.5472042254632,22.9813039369676,22.5471914433063,22.8854285165674,22.1000076149827,22.9902969665584,22.2979391912499,21.9288110691895,22.3175083689908,21.4562119759026,23.1711641152946,22.5436234037002,21.9086444276694,23.1819749196121,22.0493587724616,22.9486010007537,22.7257680660251,22.8509528186292,22.0309406722364,21.7900768659944,22.2450882886838,22.4639840391413,21.5202424454341,-0.376091209680581,-0.710420867818954,-0.0417615515422081,22.5345137846614,-2.26427456740755,-3.46136374523624,0.0283112818897166,0.488872265797768,-1,0,0.261695098521125,0,-0.0893525685440224,-0.421733670207143,0.243028533119098,22.5345137846614,-0.541104976746254,-5.82539057137798,0.591043918619104,0.870504901879224,0,0,0.954099434276186,0
"A8MU46","SMTL1_HUMAN","SMTNL1","Smoothelin-like protein 1","=""SMTNL1""",22.7423583242306,23.5559168895035,24.3049720866264,24.8441517068917,23.9091884227539,23.2056758878261,23.9446984065991,23.5910490696631,23.7729296442682,23.2904794664258,22.9453851001294,23.1255367563671,22.5671584325279,23.7158459017239,22.6290678549433,23.5957830656091,23.4892692904973,23.4264894127869,24.4812087397106,23.2286897810927,22.9342218386107,23.952737165155,23.2935428163576,22.7252324062059,23.311152950206,23.1619621833291,22.15789688005,23.7875454379721,23.3123822752752,23.5924720541552,23.5965172565588,21.7981285906795,23.2761388814164,23.95577066669,23.1942860448415,23.1696861488497,23.0188234109742,23.3356538641282,23.4649163760679,23.3959616538587,23.2296974035383,22.3850517108158,23.3711114174461,23.0783798743051,23.4873857616736,-0.11145670227906,-0.476971680474929,0.254058275916809,23.3411668735408,-0.613778711089394,-5.42225262060636,0.542382433130445,0.899122088181203,0,0,0.93408539148007,0,-0.179538482344615,-0.5429231482567,0.183846183567471,23.3411668735408,-0.99449307344903,-5.49755375809053,0.325181022943888,0.770746018696202,0,0,0.817349304786482,0
"A8MXV4","NUD19_HUMAN","NUDT19","Nucleoside diphosphate-linked moiety X motif 19","=""NUDT19""",NA,NA,NA,NA,16.4576667203753,NA,NA,NA,NA,NA,NA,15.2904502857081,NA,NA,15.5319344044536,NA,NA,16.4042504819767,15.4802143157387,NA,NA,16.1538808107545,NA,14.825436000886,16.1814115110113,15.5118644378684,NA,15.2788215201902,NA,16.5841301763025,NA,NA,15.0693500903517,NA,NA,NA,NA,NA,NA,15.5068536752631,NA,14.9783107830824,16.291780604195,NA,NA,0.0686625405873595,-0.705498933572234,0.842824014746954,15.7030903878772,0.187981249659377,-5.09929249624249,0.85324875150066,0.95848719206779,0,0,0.989162127116135,0,-0.340555199383903,-1.03249702860884,0.351386629841038,15.7030903878772,-1.0431437216408,-5.03820194357364,0.312348556951265,0.760119753912049,0,0,0.672816843944949,0
"E9PAV3","NACAM_HUMAN","NACA","Nascent polypeptide-associated complex subunit alpha, muscle-specific form","=""NACA""",21.3983567381328,22.010461247322,21.7724490100102,21.673321098521,21.4633982891614,21.5331764534216,21.7066450669355,21.8258348254068,21.7198603614617,21.9668480141608,21.7473639594068,21.416963708212,21.4853966348301,21.3750441175739,21.483441784012,21.584245248909,22.6753728289436,22.0727471442252,21.8068848593112,21.8387718224503,21.1190899625973,21.621494788779,22.1150948860907,21.8331132548652,21.6003933481036,21.7093985999415,21.7345847741708,21.9897672037232,21.8021563005283,21.725372258272,21.8029374239204,22.5329850339995,21.8834309512506,21.7593922615555,21.3823708537177,21.6071079310309,22.1571834599293,21.5780774536401,21.8009601678557,21.7804235730518,21.8401638102771,22.0315370091893,22.0968297859799,21.8684456486128,20.8876530054817,0.175792639203152,-0.0348666996290833,0.386451978035388,21.7514788213105,1.67969635380439,-4.38583113393314,0.0997908507294962,0.661354198276587,1,0,0.666879729754943,0,-0.0145992607612335,-0.224030824525473,0.194832303003006,21.7514788213105,-0.14031352658059,-5.95542636125463,0.889024343655019,0.975133831606227,0,0,0.998284153063012,0
"L0R6Q1","S35U4_HUMAN","SLC35A4","SLC35A4 upstream open reading frame protein","=""SLC35A4""",NA,NA,16.4170478180055,NA,NA,NA,16.1046367615602,16.3174958083569,16.4345091335709,NA,16.6029613936566,15.4581901876563,15.4424952057647,NA,15.9628599241299,17.6154006877375,NA,16.3120750700879,15.5002267532747,16.0101734956422,16.8737835399621,16.4006336734884,16.1197781974467,15.9532221568175,16.1688063115822,16.9428477427322,16.1153993245477,NA,16.583902826736,17.2065824827518,16.7821738821077,NA,16.0958246804666,NA,NA,16.9562415969742,NA,15.7495913866379,17.1141357210396,16.817339326717,17.1136613013355,15.2754456891656,16.6224694948866,NA,16.7533479982181,0.329624602653421,-0.115397161018294,0.774646366325137,16.3813954700986,1.50866697359775,-4.50838903305176,0.141182415560594,0.708378884160682,0,0,0.52450154378265,0,0.064533380061178,-0.349798595307838,0.478865355430194,16.3813954700986,0.317242217364495,-5.78897437981635,0.753117887337715,0.932548715587236,0,0,0.981869005115882,0
"O00151","PDLI1_HUMAN","PDLIM1","PDZ and LIM domain protein 1","=""PDLIM1""",23.5448361960393,21.5617063781309,21.7807730746486,21.5238802454531,22.8325261023487,23.1988715496736,22.7164957064049,22.8052485884922,22.7961952478353,22.0363860302002,22.051297666726,22.3859646838998,23.2951670078547,23.0015849147178,22.1708227942505,22.9601564410204,21.5114458294694,21.2230464652299,21.8990576213957,22.5198178828221,22.6653594207793,23.1214278982768,23.2839477346364,22.198728600175,21.737703878792,22.4979690549663,22.9160366419389,23.2895059621686,22.9540684496123,22.2934757408037,23.3902746700056,23.3573865740571,21.5783640412492,22.111104851815,24.5647510723449,23.6346999839226,21.796858749814,21.9550557157862,22.0964940408786,21.5292778889208,22.7575768458986,22.8829235744902,23.0608327493673,23.1022485002353,21.9289317761202,-0.0372263046086481,-0.489420521411377,0.414967912194081,22.5448952187482,-0.165705045708369,-5.57539597676787,0.869114575393897,0.960280439945704,0,0,0.994791493815873,0,0.178335560854585,-0.271223155483935,0.627894277193105,22.5448952187482,0.798476868618846,-5.66239385575448,0.42869347555881,0.818304171032817,0,0,0.859802505709223,0
"O00159","MYO1C_HUMAN","MYO1C","Unconventional myosin-Ic","=""MYO1C""",20.9798985123184,20.3366412486564,19.7585881530426,20.7038231282571,20.2728405224186,19.9926693097993,20.8411988006918,20.5403767462435,19.8031429777628,19.6036831269166,19.6321939315948,19.4531977414748,19.4571127131418,20.263233201957,20.4446709572035,20.2111173159938,NA,19.7247932667081,19.7857212622005,20.5050625220721,20.8611954182542,20.7522115295474,20.1507247843554,19.9275013007516,20.5866542938335,20.1716113969774,21.0560286359854,20.5771305320824,20.0543421320721,20.1923178730534,20.3123145486894,20.334565475555,19.6479052912221,19.3048028618361,21.0041186546617,19.567969542039,19.4257268462142,20.2544518242033,19.5510713114211,20.3840275686943,19.7378191219247,19.8042313982516,19.4641437278483,19.5279745388711,20.6376480904617,0.203844391133735,-0.126114048765357,0.533802831032828,20.1272375940286,1.24425779283743,-4.9068189022148,0.219840929665139,0.752472233109963,0,0,0.734332108987921,0,-0.402226406881351,-0.730257596457474,-0.0741952173052273,20.1272375940286,-2.46959811686094,-3.2326945687248,0.0173820301305369,0.324435639911382,-1,0,0.195939478129192,0
"O00168","PLM_HUMAN","FXYD1","Phospholemman","=""FXYD1""",NA,NA,NA,15.1587417017018,NA,NA,16.2891049550575,15.921322426289,16.7169729221491,16.6086896311045,NA,NA,18.0714265435753,NA,17.1572852732118,NA,NA,15.6619084561918,15.5705017531166,NA,NA,NA,18.003678336943,17.6125934031929,16.533292526434,NA,16.8874229810748,17.0287837592813,NA,16.4632607682553,16.5333551196213,NA,16.5368841084402,NA,16.2243094961464,NA,18.0560370202265,16.2872645081287,NA,16.740452570689,NA,NA,NA,NA,NA,0.1760547428844,-0.574417397935772,0.926526883704572,16.6696803933729,0.486461496340768,-5.21363322957601,0.631441975515645,0.934833173270874,0,0,0.922248073335884,0,0.0162860717663946,-0.761758435075565,0.794330578608354,16.6696803933729,0.0434057455563665,-5.61390962948023,0.965768932004292,0.991453602020915,0,0,0.999432905998823,0
"O00186","STXB3_HUMAN","STXBP3","Syntaxin-binding protein 3","=""STXBP3""",NA,19.4882665686646,19.2592952623996,18.776889528907,19.2426348461735,18.9500507335595,18.7151089182214,18.9057987647113,19.2118872585449,19.353581118208,18.9382919749237,19.1525705766902,17.6700446503149,18.6478867407694,17.8798320428309,18.7395489064299,NA,19.4392612644349,19.364377093578,18.8074212444879,18.8001177356462,19.0384280128655,18.7447483592821,19.0282245899656,18.9563081798162,19.045246832446,18.7826064489425,18.9773543355912,18.9068508003745,19.0459141125906,19.4437883888519,18.6314461103857,18.8456490571922,19.2706162431485,17.8809627904413,18.6427457845614,18.6786436306911,18.9962617069309,19.5590814075403,19.3425295556169,19.081936967859,18.8816221174896,19.2886596762614,18.7120468676431,18.1934905267752,0.10615183952627,-0.194745037599828,0.407048716652367,18.9143727379711,0.710972311032356,-5.33999793769374,0.480850006259546,0.896077533266722,0,0,0.925219413573742,0,-0.0841018472396122,-0.378496052901557,0.210292358422332,18.9143727379711,-0.575730344817325,-5.7917243384256,0.567727847959207,0.862573310642818,0,0,0.953504476825808,0
"O00217","NDUS8_HUMAN","NDUFS8","NADH dehydrogenase [ubiquinone] iron-sulfur protein 8, mitochondrial","=""NDUFS8""",22.6218065584267,22.5169716000919,22.0713300634525,21.6152723321359,21.5937416886571,21.6706551870236,22.2351197202861,22.4517996103529,22.2864495508503,22.7522554416136,22.7125125473825,21.9219320825709,22.5017763201228,21.9260276359534,22.5389769221899,22.7665746406874,22.7456054714164,22.0865412218864,21.9560438762948,22.4766321812247,22.4677773699921,22.356057175777,22.7371160417603,22.6235821183636,22.4633918373917,23.0279544109862,21.1749472251064,22.4613312342822,22.3792613785842,22.5232392636457,22.4046257594581,21.4159077603116,22.4094104450653,22.196899253009,21.1110919680772,22.8821751961877,22.2586035345585,22.7579786005082,22.2725584284095,22.2841172402076,22.895236340247,21.8867918435589,22.0867532301903,22.0993926972694,22.0513211424719,0.188750525447222,-0.099343012274274,0.476844063168719,22.2816788032898,1.31875907911025,-4.83718235117628,0.193771918396914,0.735164347255353,0,0,0.733627785271645,0,-0.215546133857909,-0.501960590723907,0.0708683230080884,22.2816788032898,-1.51480284506641,-4.89648799804156,0.136658039728539,0.626842806368387,0,0,0.651162686492371,0
"O00231","PSD11_HUMAN","PSMD11","26S proteasome non-ATPase regulatory subunit 11","=""PSMD11""",20.2702864684014,20.5040757999894,20.8100975768038,20.4849207988834,20.0726661186359,20.4690669847261,20.3863591288551,20.340641676832,20.5636031002321,20.5420212850833,20.6879957376105,20.5340840493179,19.9538440559737,20.6276352440926,20.0675003980859,20.52411066384,20.0656956220028,20.6630722567202,20.6593396400335,20.6447106303244,20.281863702816,20.1744597749347,20.2985931958869,20.2660323064831,20.5434685501649,20.3140176617954,20.6636545443476,20.3793349285391,20.2954323747277,20.2086790738518,20.40863677002,20.4320111345057,20.7166857069465,20.6424014952004,20.3927180052191,19.8607501978779,20.0999128507516,20.5434806015251,20.3142200709531,20.664399934436,20.2619539993074,20.4360171075901,20.3669950583834,20.1770009356037,20.209723554301,-0.0173261122662858,-0.183096776142002,0.14844455160943,20.3960926838358,-0.210379906295127,-5.56799876863744,0.834299471517747,0.953252886904784,0,0,0.996866072939069,0,-0.0303705002564811,-0.19517501143638,0.134434010923418,20.3960926838358,-0.37093145245353,-5.89918847683119,0.712389921857672,0.919870186920418,0,0,0.989753314735751,0
"O00232","PSD12_HUMAN","PSMD12","26S proteasome non-ATPase regulatory subunit 12","=""PSMD12""",20.8297006862436,20.4917142740083,19.9803654314755,20.4543718256149,20.0545930634309,19.9820508185644,20.066617952883,20.0254509152253,20.2474831065411,20.0620399117025,20.3866737501879,20.4883689936128,19.9839329843208,19.9857402107123,20.0268434024409,20.0100551748716,20.0501764808908,20.2834752250116,20.1186320032594,20.274485823906,20.1317406962929,19.7291319846634,19.7951569763783,19.9359442405286,20.1162108943763,19.8118364963883,19.6418456222482,20.0923679033051,20.1536101850485,20.0394996588385,20.0456435283509,20.1966298247109,20.429347308096,20.2539953003456,20.456321162069,19.567501031551,20.0135783578923,19.8710925626771,19.8748454810381,20.510453703427,19.9025465759884,20.3489717123006,19.8000120364789,19.5980170261615,20.0573708100415,-0.190340286954932,-0.378916070744792,-0.00176450316507198,20.09280984698,-2.03168141644987,-3.85602788298975,0.0479803190977449,0.558102362020395,-1,0,0.560987491870571,0,0.0494771370080755,-0.137999580170029,0.23695385418618,20.09280984698,0.531212188248481,-5.83042626259023,0.597825321591656,0.874382910608614,0,0,0.974867374638528,0
"O00233","PSMD9_HUMAN","PSMD9","26S proteasome non-ATPase regulatory subunit 9","=""PSMD9""",17.768208463253,17.993840523974,18.9691473971363,18.2350756554501,17.0830279406222,18.1732123106543,17.9442202678863,17.6055327588724,17.9466680776499,18.1125136496913,17.2678558500271,18.6388674558582,18.1416805618351,18.4563985005739,17.4899136752506,17.1751558937399,17.2835151937148,17.8122509989976,17.5645736334842,18.2358863917308,17.8403776509478,17.2788164664222,17.8273621634762,17.8766556277277,17.8525960193344,17.2117760229068,17.9254857937087,17.9919085233829,18.1644218704308,17.8341073739364,17.8711762500341,18.1855143057804,17.9387111516465,18.7050238378818,17.9080974616226,17.8089531717474,18.3558921337287,18.1196988484654,18.3955626321401,18.1142411583432,18.2643944593928,18.9814015470716,18.1179997419704,17.2857201128246,19.2068253127345,-0.26069434632479,-0.568038387722674,0.0466496950730937,17.9768947741791,-1.70733060330554,-4.34733455061512,0.0944968457417931,0.657193415298184,-1,0,0.540626196466251,0,0.492288166762876,0.186735402948114,0.797840930577638,17.9768947741791,3.24297790842132,-1.47047441488189,0.00220373149735924,0.143933573669995,1,0,0.0492117100681655,1
"O00264","PGRC1_HUMAN","PGRMC1","Membrane-associated progesterone receptor component 1","=""PGRMC1""",18.8035955420116,20.5295652141909,20.7624213204231,19.8277292380158,20.6860347361612,20.9709913097223,21.1237723981053,20.5438057782039,20.8850927135094,20.8003687197753,20.6443226313795,21.3645132798749,20.8528360359295,20.4930464141355,20.3869932450104,19.8554624476645,21.2595933937529,20.6858917612967,20.8246134535638,21.0571876604352,20.8858817618539,20.6339931197564,20.3229811221188,20.8902552554646,20.3756175036087,20.73842534257,21.3383431929115,21.0730662533518,21.0478253413131,20.6688339824026,20.9067334451665,21.1027836690499,20.1922279252186,NA,18.1309078600054,20.6983090198546,21.0943038217223,20.4417655304699,21.5871551618675,20.5582659730968,20.6770959043304,20.7868532002562,19.8778706618327,20.9654878225108,21.2137093457757,0.201886756022059,-0.215344197743237,0.619117709787355,20.649239307038,0.974545574992752,-5.17373142775533,0.334990866827727,0.826372714395847,0,0,0.801881965877524,0,-0.196685449524804,-0.618435072874774,0.225064173825166,20.649239307038,-0.939265507455952,-5.53279046921846,0.352604429542351,0.786466622673627,0,0,0.814625668338877,0
"O00299","CLIC1_HUMAN","CLIC1","Chloride intracellular channel protein 1","=""CLIC1""",NA,20.6623733477101,20.921840853394,21.2661727071891,20.0515156195332,20.1177142536647,20.5783623119838,20.760030530802,19.8971679082483,19.8523977254095,20.2735085788769,20.1991751578785,NA,20.9847392576479,20.3311835692332,20.4414250433294,NA,20.6625781435121,20.7838846597919,20.6104155963501,20.8887248176626,20.9581058042198,20.2586461224379,20.0954172697452,20.8703732957012,19.5496117680469,22.3227086629835,19.5614090124796,20.5928630247738,20.7362534853632,21.410888509154,21.5288934913544,20.4003741390295,22.0647365736968,20.7940665450822,20.1051923117949,19.9466428793048,21.0794230479452,20.4933872160791,20.9307653365431,20.9153046507882,22.5231665793514,21.7790953087433,20.8666234801699,22.0725854002595,0.163950749132489,-0.280626024998213,0.608527523263192,20.7414224761254,0.743694013213897,-5.30533447208647,0.46110231841675,0.893916151041062,0,0,0.88080407747855,0,0.525073727152982,0.0978554873509092,0.952291966955055,20.7414224761254,2.47855266969539,-3.21979439477889,0.017189289386912,0.324435639911382,1,0,0.118407796774923,0
"O00303","EIF3F_HUMAN","EIF3F","Eukaryotic translation initiation factor 3 subunit F","=""EIF3F""",19.074495844531,19.9821643862908,19.106254474247,19.4242199125118,20.0775710856025,19.6054310341026,19.7678855171204,19.7172893562439,19.9695801953683,19.9408550848771,19.4729146263632,19.4772378253841,18.838784992812,19.4646210143287,19.0635142395623,19.926378313442,19.9562575439107,20.027813758311,19.8717630015543,19.7023487035266,19.6920479737604,19.6852861709823,20.0530548162815,20.1081886391345,19.6287989170115,19.7525687202139,19.304961643534,NA,19.532159717249,19.6620124121099,20.0471292730138,20.257743654854,20.0537650180245,19.9812613656142,20.4330578691223,19.6526666296283,19.0290291802369,19.7803180766749,19.3722570725418,19.4324659663223,20.0102683632341,19.8955257285892,19.8993881051669,19.8090226198215,19.1874298123021,0.252416983371045,0.00925838309636026,0.49557558364573,19.6983588330799,2.09073881580114,-3.75469949569016,0.0422245542890655,0.540930776568028,1,0,0.449851613099869,0,0.0169067236546105,-0.224831614446889,0.25864506175611,19.6983588330799,0.140859053792964,-5.93984081685959,0.888609383335465,0.975133831606227,0,0,0.99800534967965,0
"O00330","ODPX_HUMAN","PDHX","Pyruvate dehydrogenase protein X component, mitochondrial","=""PDHX""",23.0318396896122,23.5463881833122,23.4948468487074,21.9912802888138,23.4350645909636,23.1370176132625,23.4595211474825,23.3720787764052,23.1776601035538,23.3517307568327,23.8907038912643,23.0606242751229,22.9119220477065,23.6146828336972,23.6688199137094,23.4948377150209,23.8661740081103,23.5781288280149,23.5664323109453,23.5910128738636,23.4496334608918,23.6351077412924,23.4000523531342,23.3528091171299,23.4070868176837,24.0401182592672,23.1292823680498,23.6050163416141,23.6470963455297,23.8354339221039,23.1628522065029,23.2450074134464,23.6365607789825,23.4715289697643,22.4053857076926,23.5313718871726,23.5363946444138,23.5106560865495,23.787129859725,23.6197250239789,24.0330303577959,23.0196194597936,23.4517195083741,23.6703929348484,23.780955842935,0.297778986033187,0.0532821295186556,0.542275842547718,23.4356607578905,2.45149818992353,-3.11994548209944,0.0180805311940723,0.473767971577395,1,0,0.30271512025351,0,-0.115726118711727,-0.358797986681739,0.127345749258285,23.4356607578905,-0.958313263893731,-5.53058587132426,0.342910329544234,0.779513844543387,0,0,0.883503452979275,0
"O00410","IPO5_HUMAN","IPO5","Importin-5","=""IPO5""",22.7791412884081,21.9157266518628,22.1195486666009,22.4977680549077,22.4233015412107,22.3398242283585,21.8810791758178,21.9962140626,21.86141848024,22.1686468323417,22.358751455915,22.1527969360002,22.3057596913268,22.733697388088,22.609384568631,22.0393175222247,21.8771736786642,21.9177894587034,21.9675543002867,22.8173359118857,22.1166199693382,22.2371909575883,21.4549539064237,22.2887387792261,22.2687185309735,22.4994340644733,22.2842232595874,21.6931956566116,22.0175081911262,21.7796678081423,21.8830499643647,22.1538219496991,21.9169383687362,22.4053773222565,22.8759411273883,21.8842849311022,22.3258659840842,22.3348917265831,21.9925741903739,22.462694878614,21.886749201976,21.7663039495602,21.8561059524772,22.3028106484626,22.6052292434202,-0.20054160204042,-0.423916342002007,0.022833137921166,22.1790026768147,-1.80709602255975,-4.20387177251177,0.0772842973313766,0.627906067474142,-1,0,0.598433697563015,0,0.092881162922879,-0.129191693447573,0.314954019293331,22.1790026768147,0.841866010515947,-5.62890520082473,0.404214721997565,0.808003506458779,0,0,0.91930934929688,0
"O00423","EMAL1_HUMAN","EML1","Echinoderm microtubule-associated protein-like 1","=""EML1""",18.3590757282994,19.1538719215441,19.1602176179918,18.5069161281354,19.4760972109872,19.8636414480047,19.2807753751778,19.0866922620521,19.3185489685627,18.7559879258072,18.9321749186999,20.0479045627314,19.2344711672257,19.119725858119,18.949392307999,18.3778148347304,18.6260889590333,19.1709025222399,19.1036452642682,18.7047578246521,19.2003365278957,18.9855558583576,18.9459332575505,18.8725601139565,19.0946605307778,19.2295679310566,18.6446553309455,17.9027422124731,19.5540395894758,19.0356011451952,18.15962948288,17.4141470495177,19.2298268031009,18.3555094244237,17.7949396698586,19.3131641642847,19.5997947272965,18.7020458361926,19.3200958611316,18.7522179342694,18.7761010397249,18.3685012595654,18.4707368983489,19.4655605006695,18.3274871267775,-0.262327504736401,-0.591651277376053,0.0669962679032508,18.9054247351553,-1.60336188833846,-4.48932348069246,0.115693878935307,0.679806474125127,0,0,0.567911351923273,0,-0.226606941637758,-0.554011333349004,0.100797450073487,18.9054247351553,-1.39315525922861,-5.05761569973835,0.170263077709162,0.655071957582339,0,0,0.669524638039882,0
"O00429","DNM1L_HUMAN","DNM1L","Dynamin-1-like protein","=""DNM1L""",22.027483684761,20.8198110713036,20.3914263916341,21.3496564408558,21.1497374237261,20.8728128759953,20.756401252821,20.6557297070274,20.646878628558,20.901850403258,21.2403819049832,20.6445690994028,20.8569398372398,21.0997168811564,21.2307888583102,20.9019544987705,20.3501526959464,20.5444497228314,20.6544782568796,21.417294108811,20.7229910462557,20.8972257891834,20.1238438577941,21.2029486100092,21.1899234927247,21.4472387220039,21.3337709950872,21.4237358799911,20.7468046514054,20.9407643906767,20.5354716274467,20.4199824089503,20.3495749464433,20.8846435779997,21.5276351570069,20.434304966758,21.0469302833731,21.2163073405908,20.330274371756,21.4119065520544,20.6480300400633,19.996198654586,20.656499530059,20.9493936898031,21.393359842307,-0.0550634773276393,-0.340378674738812,0.230251720083534,20.8964949815245,-0.388462891948848,-5.52111820870437,0.699464082869088,0.947110987403691,0,0,0.980510489581066,0,-0.139804248611497,-0.423456558026137,0.143848060803142,20.8964949815245,-0.992075799851048,-5.49979720631354,0.326346024414089,0.770746018696202,0,0,0.855086724344237,0
"O00442","RTCA_HUMAN","RTCA","RNA 3'-terminal phosphate cyclase","=""RTCA""",22.3148218789935,20.748925813298,20.9888285644432,22.2446339204406,21.1312120011056,20.914293062795,20.6264666897399,21.2900975755417,20.8882985115557,21.5280743510918,21.4745589872004,20.2049266722014,21.6098036402972,21.6356330530149,21.6033508025031,21.3487078632206,20.3969539061252,20.8541130062909,20.7696743336856,21.2298417946361,20.6695084174589,21.1679248963173,20.0770509324859,22.1662623018827,22.4205251250817,21.7966044467593,21.1276800174066,21.1813481928191,20.8421574406492,20.9084636657947,20.6750137077119,20.0470340011214,20.9210971734576,21.3149665858439,21.2252933525851,21.0983157478948,21.4370574017708,21.5212790143622,20.7813987947119,21.7546279254905,20.8500204895908,20.3411278902723,20.7278298861785,20.9585487821297,21.1976537485833,-0.163371724414876,-0.527732003006401,0.200988554176649,21.1336001414787,-0.902519673459528,-5.23212456283638,0.371478506149545,0.847561068182355,0,0,0.850627316765057,0,-0.140370122593922,-0.502606818778407,0.221866573590564,21.1336001414787,-0.77999720233997,-5.67613461535516,0.439384092306944,0.822236277634361,0,0,0.890976018520023,0
"O00483","NDUA4_HUMAN","NDUFA4","Cytochrome c oxidase subunit NDUFA4","=""NDUFA4""",27.1336746482121,26.7281231048327,26.5188368567678,26.8778764575201,26.7173895224839,25.8456292908215,26.7103107621251,26.6059743593503,25.8210435705725,26.7052107451801,26.9987112613579,25.7713674546328,26.949626989021,26.0924502842275,27.3545430740664,27.3667303902694,25.5301382678799,26.2642798266342,26.6799090460533,26.5404422984557,26.7312663861662,26.9292267050775,26.5719779453628,25.9990833578555,26.5829261474384,26.9223465496886,26.3005521503902,25.0575684300312,26.6642632879413,27.102799989239,26.9306710987357,25.5069230150154,26.6641197432215,26.1167474120854,26.6403808986931,26.7293211716692,26.5915216452873,26.6305920042863,26.819975294403,26.238360157546,27.1073116830945,26.1031333173445,26.3964351933654,26.2807816560525,26.3339529063161,-0.110304637762908,-0.439253467615038,0.218644192089221,26.5147668079282,-0.674957203689817,-5.38786364518047,0.503078574072434,0.896077533266722,0,0,0.927019879205793,0,-0.0102189054244661,-0.337250539608093,0.31681272875916,26.5147668079282,-0.0628963473905307,-5.96294188287006,0.95012131394696,0.987878263296057,0,0,0.999477280200948,0
"O00487","PSDE_HUMAN","PSMD14","26S proteasome non-ATPase regulatory subunit 14","=""PSMD14""",20.9661440393116,21.0981112031072,20.8866647567433,20.7576090420951,20.7395074553414,21.125050251988,20.841137559791,20.8709855457449,21.237967256422,21.4731232550462,21.0818455225702,21.7361808029038,20.8088646455209,20.8939379322367,20.7652497660785,20.534049426198,21.5502476857473,21.3399288313145,21.2497778666921,21.1536218552611,19.9572924805037,20.9610043721761,21.3193200422612,20.9895040070281,21.0918727054658,21.1603167176368,21.318934574356,20.4065904940302,20.6382510489583,20.7028281809576,21.2475863045458,21.3318273620634,21.165255729418,21.2906397827518,21.2664437747472,20.6845356047506,21.335025889376,20.9304983927944,21.1311652058625,21.1531336447071,21.1005262523451,21.4934828795619,20.991411962015,21.3011267280571,21.1934641502835,-0.0646151770899692,-0.28316076417704,0.153930409997101,21.0504898441504,-0.595118303017329,-5.43210421968773,0.554678311282652,0.905137078267613,0,0,0.962633953522764,0,0.216172224979523,-0.00109962402152916,0.433444073980576,21.0504898441504,2.00266008641509,-4.13232853802576,0.0511227856800464,0.429114709889593,1,0,0.525821482671505,0
"O00499","BIN1_HUMAN","BIN1","Myc box-dependent-interacting protein 1","=""BIN1""",26.1638692990253,26.4357773645154,26.6136188247473,26.8363220917869,26.2798294841155,26.7596108161501,26.4739013796483,26.2294424603103,26.7627559770184,26.3121703366001,26.0687842065625,26.345613473643,26.0537965727802,26.4606550196706,26.3332702688243,25.8771046364519,26.3398141306871,26.5579550808482,26.6642348547857,26.2599998519988,26.2004240035267,25.9724352424824,25.7562488254661,26.6593447091425,26.237737466992,25.8941565681665,26.4324003553237,26.2056107231831,26.4468723724559,26.2495211353438,25.9280806132521,26.9739392664895,26.3586890786556,26.647957549515,27.1815989943615,26.2436114644451,26.2274546624736,26.1761540640714,26.6389579194846,26.0697947430343,25.8526675756252,26.2267660967565,25.7522891333173,26.291882996857,26.0216909352262,-0.153720080828119,-0.363612124888264,0.0561719632320253,26.3216625027959,-1.47416276389857,-4.65478102638929,0.147243017280288,0.712175410110782,0,0,0.744921018043946,0,0.0558450091140443,-0.152823731863045,0.264513750091134,26.3216625027959,0.538688594432612,-5.82662903588853,0.59269694878843,0.870763502460968,0,0,0.971211552317978,0
"O00505","IMA4_HUMAN","KPNA3","Importin subunit alpha-4","=""KPNA3""",22.1536872687264,21.251076617844,21.1194384280529,22.3618299790531,20.9529636966814,21.3777665061281,20.7731587815323,21.0952902680623,21.1289414370166,21.1532669523139,21.4184955852627,21.2852312835541,21.8322154255376,21.4821435236966,21.4593084721892,21.1569269244823,21.8946154294711,21.2574097358462,21.141070258623,21.3001288691294,21.0176388068825,20.5613110245235,20.4647794398815,21.6504713844646,21.7412137049934,21.6098772817194,21.0763706419627,21.1316202243078,21.4087894153167,21.12707713857,21.0346050329775,21.5492512240128,21.2015171722403,21.3253289588904,22.3057936342282,20.4410973480207,21.3391935536182,21.6119658492977,21.1382283333172,21.6298418782223,20.7196559671934,21.225754705975,20.84927111698,21.1192935615038,21.2304274895576,-0.155361708995535,-0.451698749414199,0.140975331423128,21.2912297851525,-1.05528280240162,-5.10340502817426,0.296802313620884,0.799489091675277,0,0,0.828021503382204,0,0.0121283697240528,-0.282481544653265,0.306738284101371,21.2912297851525,0.0828639973322891,-5.96155126539783,0.934318904377149,0.983221640851135,0,0,0.999176368741779,0
"O00571","DDX3X_HUMAN","DDX3X","ATP-dependent RNA helicase DDX3X","=""DDX3X""",20.9246014695581,19.6678992138654,19.495676661959,20.4125044293997,19.6402710056269,19.0359892280085,19.2430752783049,20.0899843143424,19.688128684193,19.9650021641571,19.7595129034516,18.2891249554889,19.120339566566,20.8375685523911,19.7012593821956,20.0535153897168,19.8310788238721,19.2973110083568,19.5818410636719,19.4998126283145,19.807754901526,20.0270923901246,19.5559855459449,19.9569966805689,19.8171108673717,20.6379840050309,20.2358286630561,19.9205139142907,20.0775856952923,19.0401117754268,20.0686911982392,19.5000014467697,19.7698942313564,20.5393956722738,20.7209864457921,20.2978816080833,19.7224427673389,20.6442964543634,19.0306301605011,20.100617064688,19.5574878372605,19.3485451660044,19.7931942208772,20.7314930524014,18.6374948281322,0.0914840807102237,-0.290283619617893,0.473251781038341,19.8149891848034,0.482344306353159,-5.48526308232517,0.631846706874771,0.934833173270874,0,0,0.958868710455696,0,0.0748352534344647,-0.304707409699349,0.454377916568279,19.8149891848034,0.39687746781841,-5.88970123419398,0.693291581088656,0.915228679438145,0,0,0.972959813981191,0
"O00629","IMA3_HUMAN","KPNA4","Importin subunit alpha-3","=""KPNA4""",22.3066269162576,22.242050867877,21.8418535664139,22.2684678786989,22.4800505103365,22.4589794917161,22.118415583192,22.3354946904574,22.2445094760894,22.2796106669391,22.1601404000332,22.1469368164717,21.0873031740655,22.5945849321563,22.1204484000699,22.6420581222462,21.0291739208382,22.3773513779056,22.2986946095564,21.83304120416,22.1268569840532,22.2167693755842,21.9078235445199,22.1894795931522,22.1913678440159,22.1126460109723,22.1550355162426,20.8181806604638,22.4530925776899,22.2945235178334,22.5245054379824,22.1214060761996,22.2867104438024,21.7754593586023,22.6741553190611,22.1479260296074,21.9847162530921,22.2343842759999,21.7762184518908,22.1642357322373,21.9031483110508,22.3451794531979,22.2231927765825,22.084032999166,22.1272970153626,-0.136738254872629,-0.392585380846559,0.119108871101301,22.1267585814187,-1.075772157892,-5.08469060662347,0.287634310509858,0.799489091675277,0,0,0.843340234383411,0,0.115098204973403,-0.139257780260076,0.369454190206882,22.1267585814187,0.910830152183051,-5.57215572049476,0.367129080099097,0.791831108546088,0,0,0.891069181529319,0
"O00748","EST2_HUMAN","CES2","Cocaine esterase","=""CES2""",NA,18.8852590148238,17.7082657066732,17.7512726085309,17.9292983724681,18.2508962643721,18.2282972298044,18.393264584575,18.907586752875,18.9008078629895,17.9900952730161,18.2772920501772,NA,NA,18.8907794033547,18.410783054541,NA,18.0160307539582,17.5881439342932,17.8003294737499,18.0928378007317,17.1754010531027,18.0401443638312,19.1888207228544,18.7399869398247,16.9352254562652,18.4624768673571,NA,NA,19.2001257229954,18.2323567605117,17.4435571200986,18.6873708256113,17.2034657799247,18.2127889657718,18.3281912023857,18.3823601287629,17.3778840599331,19.0088344781475,17.9515013315483,17.3642403200933,18.2338070531265,16.9038289633032,NA,18.1825200100738,-0.206710762300474,-0.630041104002766,0.216619579401817,18.1388454806962,-0.987639904184207,-5.08400972744964,0.329410783489465,0.826372714395847,0,0,0.794897654451838,0,-0.155987079551664,-0.562279888040821,0.250305728937492,18.1388454806962,-0.776541068777487,-5.61294482838824,0.442109121342672,0.822236277634361,0,0,0.880455028238898,0
"O00757","F16P2_HUMAN","FBP2","Fructose-1,6-bisphosphatase isozyme 2","=""FBP2""",27.4677230350347,27.2457868748636,27.1050086275017,27.7228643653325,27.2471156735066,27.4531122683122,26.991532537422,27.2597596648479,26.7758515044793,27.0778170214654,26.903727842128,27.2684075296818,27.9027666317469,27.413961590117,27.9361677058512,27.7881676692358,27.2195891894092,27.8237881137388,27.5907832767702,27.6418126955077,27.2317302911654,27.13748864783,26.8050069068131,27.1210923509846,27.5030293235189,26.6873991031665,27.3363205118516,27.5010155687442,27.464526187825,27.7201135845644,27.1158526997018,25.6309667609189,27.2614840789398,27.5063861708151,25.7783982752127,27.0474011059014,27.6439946809209,27.6015773778728,26.9320127860402,27.2783042431711,26.3514659267386,26.9345085600088,27.5270309429187,27.31661142115,27.707774926289,0.045229426834144,-0.258622575578484,0.349081429246772,27.2439385833337,0.299619304408476,-5.54797660986875,0.765816060428075,0.948679518362231,0,0,0.988004712818528,0,-0.329206230968378,-0.631287308270394,-0.027125153666362,27.2439385833337,-2.19358938132288,-3.78509344322321,0.0333519358021112,0.374370545660385,-1,0,0.326439155761163,0
"O00763","ACACB_HUMAN","ACACB","Acetyl-CoA carboxylase 2","=""ACACB""",NA,NA,NA,NA,NA,NA,NA,NA,15.7173846405266,NA,15.8716607114614,NA,NA,NA,NA,NA,NA,15.1243150367002,15.0377240667721,15.4718952001508,NA,NA,16.0047710348064,15.635074160937,15.5619478955319,15.3753734683314,NA,NA,NA,14.8484108674665,NA,NA,15.4974329423193,NA,NA,NA,NA,15.154195828201,NA,15.9302427993882,15.7799736334483,NA,NA,NA,NA,-0.372649394496674,-0.964414721113911,0.219115932120562,15.5007430204315,-1.34190825449015,-4.51253318714835,0.199533484532417,0.735164347255353,0,0,0.548468016158389,0,0.179385483455128,-0.273250861310904,0.632021828221161,15.5007430204315,0.844519713622221,-5.19301435530327,0.411611006561516,0.811669521254881,0,0,0.85279483314283,0
"O00764","PDXK_HUMAN","PDXK","Pyridoxal kinase","=""PDXK""",NA,18.2569955955894,18.573038038956,17.030592459765,18.8359954696854,18.7880831922597,18.0887639220755,17.4529757904164,18.1697134677131,18.7675134109651,17.4363718218152,18.4371927400643,17.6897688614933,18.204366564344,18.2402553440365,18.2204262530716,18.5269594299485,17.9591558531106,18.0041551256253,18.0671224077307,18.7855199528248,18.0250922555948,17.6981578493395,18.2792546016159,17.9582084523599,18.3356718619224,18.2050239333519,16.7499787140623,18.341587108921,18.3311694571014,18.4856215352933,17.612006063025,18.0464194296139,18.1961261310943,18.7844115684328,18.7075328091862,18.8965644563696,18.1771713502823,17.8769212537473,18.2328600382777,18.0447587009522,17.8986386260563,18.2036863044118,18.5526516665556,19.0605530189547,-0.0514361127498688,-0.370247097297246,0.267374871797509,18.1871598383639,-0.324941894314549,-5.52690312128905,0.746729579193322,0.948679518362231,0,0,0.985090239532319,0,0.219229313044845,-0.0924964158102731,0.530955041899964,18.1871598383639,1.41643555164839,-5.02774725556137,0.163527296044335,0.652706866863196,0,0,0.672350809315891,0
"O14521","DHSD_HUMAN","SDHD","Succinate dehydrogenase [ubiquinone] cytochrome b small subunit, mitochondrial","=""SDHD""",21.5109434176349,20.980065172535,19.352320688221,21.9080713514262,21.8737708490004,22.2120679044463,21.8570196046324,21.652395328202,21.921742714613,21.9746126139951,22.5306163497112,22.458514723984,22.3752437800351,21.2754862991855,22.5626827180075,22.0330188314304,21.596966168963,21.7996333439998,21.9313572196438,22.3238481757927,21.0747572746732,21.6871746862711,21.5963232223126,21.7345381551609,22.8758264815714,22.0032817975726,21.8015480539375,19.4536489078958,21.5968591703341,22.7641882737993,21.6961773683802,21.3465194383395,21.6815360572722,21.8272542737308,20.8864792903713,21.9237725440512,22.2044385571998,22.0557856354385,21.9410241306761,22.46245741151,22.1034709605267,21.8133334220234,21.2126967717839,21.7735527724593,22.647332995531,-0.0135283101179269,-0.469849626312308,0.442793006076454,21.7843189979618,-0.0596737875448869,-5.58592247547837,0.952673719018238,0.983781746134092,0,0,0.999344324608215,0,0.0868574577290602,-0.366804304238462,0.540519219696582,21.7843189979618,0.385376961650744,-5.89398500745366,0.701732941084225,0.916795722614859,0,0,0.969703312519162,0
"O14556","G3PT_HUMAN","GAPDHS","Glyceraldehyde-3-phosphate dehydrogenase, testis-specific","=""GAPDHS""",19.2351480054702,20.3645376066319,20.6480817850094,18.2886976020128,20.633809644655,20.6347049793756,19.4336721161,NA,20.2345269981186,22.4522748753707,20.242097299781,21.0649956426266,20.7360953521901,21.125614927934,20.0821472776657,21.8211562694964,NA,21.1514271244416,19.741159536315,20.682841492994,19.9137758291054,20.2682449494715,18.9611397775403,22.1770620272018,20.5947321410085,20.4199516600552,21.3569073357815,NA,20.5175477404792,20.028707180619,20.0190541871939,NA,20.4741695629057,19.2295821008336,18.1774398099388,20.3591672651667,21.6798857015728,21.2277991486306,21.7129854584114,20.0906971327234,NA,19.423327311666,19.7233536030571,20.1824668457058,22.2614793418396,0.197059756443828,-0.499296565129054,0.89341607801671,20.4343116161774,0.571486408895247,-5.40223818546599,0.570786708123449,0.908279116004371,0,0,0.895387024312075,0,-0.236820584801688,-0.941344031660956,0.46770286205758,20.4343116161774,-0.678833842245968,-5.68362207607913,0.501053495625471,0.834663611429138,0,0,0.849036529844833,0
"O14558","HSPB6_HUMAN","HSPB6","Heat shock protein beta-6","=""HSPB6""",27.0750008964146,27.0592346009234,26.2185961632921,27.9589505852731,27.0477393105207,27.474647479971,27.7641344485823,27.1025447098223,27.2532714122389,26.302414476576,26.5382483353461,28.1515237552094,27.3009833091473,25.5756115263504,26.9044067314722,27.5433822698835,27.381457827098,26.8638542041162,27.5834870278409,26.9199192670902,26.410235578598,27.1884385692916,27.3721483854769,26.7238229204724,26.8772252799092,27.1096163970387,27.3365560184325,27.8497690995146,27.2015306911911,27.3359813895429,27.0819488517955,27.145091752756,27.0417387353579,26.6793481839837,27.9389691532333,26.859870383005,27.139520378141,26.4384397758002,26.7902898054904,26.7250085923275,27.2224625353442,27.2592558889179,27.6137868202155,26.7027946775548,26.8726874063245,0.139295697727217,-0.192774724108718,0.471366119563152,27.0874654579307,0.844341856656432,-5.27607726367413,0.402844456723623,0.868410244728084,0,0,0.881043471657152,0,-0.1457474656833,-0.475882498435565,0.184387567068965,27.0874654579307,-0.88862844151033,-5.59089531231168,0.378822090195733,0.795820049946075,0,0,0.868076526643337,0
"O14561","ACPM_HUMAN","NDUFAB1","Acyl carrier protein, mitochondrial","=""NDUFAB1""",23.9450190107071,23.7522499262589,24.1893719587295,23.5552566236529,24.0992769252482,23.7518976734757,23.5761136113493,23.7394884301855,23.1734255887255,24.0997380051803,23.3157784168542,22.3233009805856,23.7820646541808,22.6215534126549,24.0572516786757,24.2409405748102,24.3946018231827,23.1197593348862,23.3485565243602,23.8002102499509,23.9449551855936,23.9931452432371,23.326461956108,23.6997992174235,23.6765567917904,22.7722509844105,22.3894063731435,23.2023818999029,22.8420484640989,23.4944938214283,23.3393434485296,23.1621637272626,23.8669127507932,23.0903603106469,22.9534617923094,24.6214875552001,23.4409183489927,23.0751856653023,23.7760575328617,23.2163567639181,23.7487991818518,23.0042628221814,23.1389158084281,23.2441278626494,22.796659908531,-0.12230801227912,-0.463251349393711,0.218635324835471,23.4822748626722,-0.72207699772402,-5.35920223223209,0.473898779125221,0.896077533266722,0,0,0.912711976106574,0,-0.118036997657892,-0.456993232129756,0.220919236813972,23.4822748626722,-0.700947252863963,-5.73137355423279,0.486863619087108,0.834663611429138,0,0,0.918549360033528,0
"O14618","CCS_HUMAN","CCS","Copper chaperone for superoxide dismutase","=""CCS""",NA,NA,21.0187148637085,NA,19.9408484147407,18.7538088128853,NA,NA,NA,NA,18.9394124513953,20.2365361291821,NA,20.8188118135045,19.3408434672066,NA,NA,NA,19.61998349449,NA,19.4616124152818,19.7277309028459,19.0688918144082,19.4587600923865,19.6877800888753,NA,19.6211530464187,NA,18.7492644018862,19.6334679106537,19.2509752440772,19.5766659860678,NA,20.4112651578419,19.021393175541,NA,NA,19.7304394064779,NA,19.6326733912569,20.3489127312233,21.2237671956961,20.356614333513,NA,21.7719197167723,-0.411143556426495,-1.08038305898175,0.258095946128761,19.8231633253206,-1.26044117919249,-4.71741133019153,0.218278660515621,0.752472233109963,0,0,0.534858308973439,0,0.734393649897758,0.126965710993922,1.34182158880159,19.8231633253206,2.48053187545318,-3.19222864750937,0.0196351439555066,0.342026657891323,1,0,0.0557718531081016,0
"O14653","GOSR2_HUMAN","GOSR2","Golgi SNAP receptor complex member 2","=""GOSR2""",19.6997931389634,17.1118772816655,17.4618454101145,19.343166792067,16.9574975811922,17.2342404803096,16.6714869489779,16.5296208307447,16.7084301312336,NA,18.7014726826357,NA,19.3272487991767,18.6895412405412,18.5400445873219,NA,NA,NA,16.3909772299206,18.6654856641337,16.3042682248392,17.0029926838232,15.8997712725929,18.7929268106804,18.2523193076807,18.7768386819629,18.0905555648614,19.0277426415788,16.449391304599,NA,NA,NA,NA,NA,18.960247355008,16.9896067438614,NA,18.1656234627685,NA,17.9611229899173,16.3723523851662,NA,NA,NA,NA,-0.32798667267906,-1.1695160293689,0.513542684010775,17.7613271802875,-0.795931590768833,-5.22250541724221,0.432316617814627,0.873144117382484,0,0,0.759535166873643,0,0.159831296366615,-0.939385284833354,1.25904787756658,17.7613271802875,0.296939085874934,-5.57600179889904,0.768556524097243,0.941462862728133,0,0,0.958798657069238,0
"O14732","IMPA2_HUMAN","IMPA2","Inositol monophosphatase 2","=""IMPA2""",22.5910357174412,21.5968675437534,21.6933456878464,21.2281827693716,21.8286737428728,21.4933546288758,21.885316220415,21.4142131950996,22.4745807925291,22.3925299346939,22.4514353669236,22.7301039594511,22.0625249831498,21.9050032804405,21.2550427150429,21.8355106859184,22.9185181547898,21.5678966025135,21.2695020009917,20.1764406965184,20.5476377438326,21.4549889856215,21.7584280237874,22.0741616653042,22.1591326119119,21.9699710289292,22.182510149166,21.337311977105,21.2675901070584,21.3635429993464,21.1860725787705,21.9591650450954,21.5933220069612,21.083426163085,21.9690064098993,20.3228811267348,19.988603167225,21.5866182248604,22.1310359913486,21.9995832703751,22.1289644519929,21.537148528899,21.764708631469,21.7351344935326,21.215279456545,-0.324464538653203,-0.708196886084698,0.0592678087782921,21.668584522611,-1.70196113435115,-4.35485716290301,0.095506903552142,0.657193415298184,-1,0,0.466721116348644,0,-0.112146259066712,-0.493642118851509,0.269349600718084,21.668584522611,-0.591705725939779,-5.79820161795197,0.556942095717459,0.858017859794089,0,0,0.936469306091034,0
"O14737","PDCD5_HUMAN","PDCD5","Programmed cell death protein 5","=""PDCD5""",20.2292512130409,21.9395458632218,21.6937430800689,20.51805136687,21.8869724112671,21.1412862509227,21.8272505998145,21.8283398534087,21.9723025684758,22.1555303914722,21.7088934266674,21.2710313062874,19.9101823099738,22.0236775656941,21.8254400296804,21.9647057460947,21.7425351387398,22.0454388087113,21.2989194027703,22.274394220629,21.5911808414422,21.7654734283875,21.1933882902524,21.8856320137789,21.9290951661524,21.6110227257702,22.1632290929589,21.5151106838427,22.2563098836727,21.9161470509323,21.3176280956113,21.6282877902116,21.8968564841643,21.7523400735292,22.1005936290059,21.8680744601286,22.0426439188997,21.7638552915327,22.4760358524663,21.9562381714151,21.9797877243703,21.9455160438401,21.6055170678183,22.1077588848218,22.1949985149774,0.351802809156712,0.0453215843516942,0.658284033961731,21.7271158385287,2.31050141253259,-3.37897116151212,0.0253928613140338,0.488872265797768,1,0,0.27464587070181,0,0.0989033005771489,-0.205791675354639,0.403598276508937,21.7271158385287,0.653365655283204,-5.7618430232115,0.516770381094661,0.834663611429138,0,0,0.936794188183025,0
"O14744","ANM5_HUMAN","PRMT5","Protein arginine N-methyltransferase 5","=""PRMT5""",NA,18.5251765454925,18.5274075825239,18.4058950560035,19.3244221536404,18.9211571738835,18.98470617342,19.189909593839,19.0028172310919,19.0221843706892,18.4604102182609,19.4378200566628,18.1908563004909,NA,18.9304662289943,18.9782614481015,NA,19.4102621283465,18.7861007738825,18.7556379837944,19.07494490532,18.9370597055428,19.1010705363166,18.9524556529706,18.7562658101268,18.6809892593872,19.300134624897,18.6952620818019,19.051715115365,19.2508898530512,19.1201659442492,18.0619567023464,18.6260936560173,19.1578508551132,18.8057791879004,18.8281502376221,18.9175693625686,18.7976997706678,19.2989835814856,18.8899741381507,18.8633291851056,19.1120592148167,18.7467609418651,NA,18.5804947900233,0.124832723194935,-0.103672455150523,0.353337901540393,18.8892962471178,1.10244920973073,-5.02360303052686,0.276537695520525,0.794236235660287,0,0,0.851751042855973,0,-0.123844682507965,-0.346962296017783,0.0992729310018531,18.8892962471178,-1.1201332792772,-5.34528119947865,0.269015440459259,0.747177584994456,0,0,0.84992565636593,0
"O14818","PSA7_HUMAN","PSMA7","Proteasome subunit alpha type-7","=""PSMA7""",22.5000929086546,23.2352091621779,23.7925951474466,22.7303544569482,23.2295353532208,23.0918227510025,23.1587568460655,23.1593728188173,23.313558751051,23.2422600278117,23.1542975911748,23.2586516488098,22.3002866591415,23.3442672575518,22.3868531109403,23.3024701151058,23.1863552211375,23.2721193007017,23.1852463073697,23.1630609185834,23.3080926762586,23.038698034278,22.8938068966723,22.9067110528068,23.0805028466658,22.985106092459,23.3639614946853,22.3638343657603,23.1412291624989,22.9343058087867,23.1914627376015,23.1181610830871,23.2687491039129,23.4374356639005,22.6119825757709,23.1642884590188,23.1282400649179,22.9721672630236,23.2407942420528,23.1575642573571,23.200541112115,23.4656833502536,22.9220428883562,23.227233763413,23.3663012659114,0.0172205600947457,-0.191450524228774,0.225891644418265,23.0999125025617,0.166110012084553,-5.57533680383679,0.868797694557086,0.960280439945704,0,0,0.997580945251472,0,0.0898098357948562,-0.117645061502898,0.29726473309261,23.0999125025617,0.871386888191184,-5.60514062521613,0.388064222875702,0.801609022432753,0,0,0.918500718346691,0
"O14841","OPLA_HUMAN","OPLAH","5-oxoprolinase","=""OPLAH""",18.5637438001862,18.929594872447,19.4086415293656,19.0198973684822,20.3514250176398,19.7403065900582,18.5682744459875,19.4477171160233,19.0909869045567,NA,19.4701513812759,19.7478667103604,20.5554309869492,20.0382552692632,20.1111283577758,19.8261409616126,19.4355936203795,19.0135170271469,19.8377786230806,19.3218002698795,19.5110891265176,20.0664079422996,20.3736099259482,19.5565146023834,19.8866852477391,20.1693333784741,18.7601288154222,18.7817762248809,20.1561573341792,19.7716753383373,19.4790741267584,18.4493666341466,19.3448231375646,19.3083023306142,19.7391890014536,19.1319473630324,19.2847553691046,19.6788233850809,19.1235818511516,19.7176781645421,19.0585523503764,NA,19.8421839052764,19.0565170222563,19.4081347653335,0.103817975387017,-0.246826314450211,0.454462265224245,19.4915013533801,0.596689818680374,-5.41756954522878,0.553769593466089,0.905137078267613,0,0,0.940487326079181,0,-0.308948004061172,-0.657544642336356,0.0396486342140123,19.4915013533801,-1.78609700584404,-4.48283713970529,0.0809694829783782,0.520243371707418,-1,0,0.459968472528768,0
"O14874","BCKD_HUMAN","BCKDK","[3-methyl-2-oxobutanoate dehydrogenase [lipoamide]] kinase, mitochondrial","=""BCKDK""",20.1552959460422,NA,NA,18.817555550072,NA,NA,NA,18.0376031478323,NA,18.0048863623123,19.1919633790107,NA,NA,18.8829277375546,19.3988476890522,17.4846251781345,NA,NA,NA,NA,NA,18.3872495990754,16.710025274496,18.8798914949263,NA,18.9902598347908,NA,18.5745290788563,17.2636577068633,NA,NA,NA,18.004371108424,17.9311213317901,18.5711396869561,NA,NA,18.8848605817735,NA,18.7640039076801,18.1762725697161,17.1804955370996,16.3382777498321,18.550201898092,18.4392456891931,-0.884166627380484,-1.67734158509723,-0.0909916696637356,18.3174711683156,-2.29561462236761,-3.46995229448102,0.0303456511365192,0.488872265797768,-1,0,0.0454904619427741,-1,0.086453771032982,-0.643223303498618,0.816130845564582,18.3174711683156,0.243998467133933,-5.66737519608411,0.809220063840634,0.947477443017977,0,0,0.981865531933102,0
"O14880","MGST3_HUMAN","MGST3","Microsomal glutathione S-transferase 3","=""MGST3""",23.734759969712,24.2463238056518,23.2295145860261,23.3440281941585,23.4245908623167,23.0470125664165,23.5096702403481,24.1699938990358,23.6758649796823,23.880108178465,23.8232327911657,22.563405803412,22.803848558656,23.367503792303,23.2102777890436,24.2997371473702,20.7989610959215,23.4277939511823,23.2849387678218,23.3502099636273,23.568307255803,23.941877118471,24.2360498009773,23.639286395891,23.4274452028166,23.8672988671663,23.1112980734595,22.5330267308667,23.9787462653135,23.1472068467341,24.1878480437526,22.5649833635727,23.6907940114686,22.8991404060442,22.2509798701415,24.4166598747436,23.0963326526527,24.034796007772,23.91123575269,23.7671117230323,23.6325184402301,22.9204628587946,22.9370024111099,23.4295150364525,22.9907454464298,-0.0970221251808105,-0.525547346867864,0.331503096506243,23.4082765644156,-0.455727467322898,-5.49620613900004,0.650728183767639,0.937693137615552,0,0,0.959170104725181,0,0.00786282769768221,-0.418164842320828,0.433890497716192,23.4082765644156,0.0371493964044255,-5.96417269936974,0.970526496539536,0.992500681366846,0,0,0.999764798791194,0
"O14949","QCR8_HUMAN","UQCRQ","Cytochrome b-c1 complex subunit 8","=""UQCRQ""",23.6015120118961,23.4798148684168,21.9593285946595,23.3085035334915,22.9291215765134,23.1011638011055,23.6447262185848,23.0648473047469,23.5643648314207,23.2194041153369,23.7672744432282,23.3189366695524,23.2316210401852,23.0523087697867,23.1955093128283,23.251019439398,23.5521255074856,23.2759690888471,23.3450599946364,23.3421450092527,22.8186185805861,23.1323735705468,24.4421963106528,23.5464241216799,23.5827850081375,23.5014579646197,22.448426783774,21.9084815020751,23.0835634900227,23.6204202836894,23.2142967482792,23.1366216136305,23.123817768484,22.7648804474212,22.3705046429381,23.3686413793521,23.45089876533,23.3514703753788,23.3339097954602,23.4563026989877,23.826640663991,23.2482829638998,23.3800372814011,22.8939554962677,23.0265618293156,0.0314437334903737,-0.277727745995812,0.340615212976559,23.2274739159399,0.204713032807529,-5.56903422089631,0.838698660079921,0.955422539266107,0,0,0.994484195928327,0,-0.0602829456844454,-0.36765249682341,0.247086605454519,23.2274739159399,-0.394770264564407,-5.89049549514085,0.694835365320405,0.915228679438145,0,0,0.978291265582388,0
"O14950","ML12B_HUMAN","MYL12B","Myosin regulatory light chain 12B","=""MYL12B""",21.6858425744577,22.1809220521072,22.3247181187933,22.0339868365824,22.3596884729627,22.3941849343807,22.7978974155672,23.1466427081832,21.523786686802,22.2664824871617,22.0288369320521,21.535695457456,21.9855128424416,22.0002192104221,22.7272257718325,22.251252026399,21.8747678510842,21.8930973615531,22.1475352125303,21.7204852269048,23.0601979297014,23.3088799709927,22.0662387595424,21.6633239389091,21.9314714047953,22.22857958245,23.2494839788322,21.3011841550191,22.0731263899389,22.1297868551409,22.7844966185347,23.1997312012918,22.2305148216137,22.9095598416129,22.813971616395,22.5131080154143,21.8633893642079,22.1655797376897,22.2032292289268,21.912879494103,23.0183778080125,23.1942659671151,22.7725631594146,22.5395691041261,22.828376230275,-0.00256684743421687,-0.344117167371406,0.338983472502972,22.3297925634162,-0.0151271171317049,-5.58739074247039,0.987996129531617,0.995819552007982,0,0,0.999969001950695,0,0.403346770995991,0.0637870913485212,0.742906450643462,22.3297925634162,2.39096533322846,-3.39989410170336,0.0209485776519493,0.342581481084033,1,0,0.210301855789301,0
"O14957","QCR10_HUMAN","UQCR11","Cytochrome b-c1 complex subunit 10","=""UQCR11""",25.8104550154938,22.6507437136015,22.1415961315075,22.3770509344959,23.2435925493517,22.660683675244,21.1724911412432,23.2962674070722,21.5780995130738,22.8621474983027,22.9469385764707,21.1093927880048,23.6774108221893,23.4767947409831,24.3396354386673,23.4518909030919,21.3145298519849,21.8983771884044,22.3238769011099,23.5854577015866,23.1495734150153,23.4461860648671,22.1934997493963,23.2812103249214,24.0492709130347,23.7004467195568,21.5547331727192,21.1965796892228,22.539176947603,23.0780303349344,23.1130070713945,21.8020057184395,23.1825606707218,23.607366007869,23.5980904259444,23.4028170120897,22.2315630021483,23.6271394491611,22.0304629630996,23.1595082280237,22.7121514067929,21.6796035417277,22.0923711721497,22.1994059161811,22.1546874573441,-0.196761454474196,-0.814478124325006,0.420955215376615,22.7710862192497,-0.64115275493387,-5.40726087492099,0.52460235333653,0.896077533266722,0,0,0.8807920568605,0,-0.0113399889574097,-0.625456452282687,0.602776474367868,22.7710862192497,-0.0371683003074043,-5.964172028056,0.97051150565729,0.992500681366846,0,0,0.999660628811231,0
"O14958","CASQ2_HUMAN","CASQ2","Calsequestrin-2","=""CASQ2""",25.9553315985575,25.001368829511,24.8029159533373,26.3210312308267,26.0303153631434,25.7577503100867,25.718295043349,25.8947530165107,25.3702361924819,25.0024368057938,24.999327629675,25.1787809927422,25.626402086442,26.119751937884,25.3075135019292,25.8384302933739,24.6315397566459,24.5336357532424,25.6128548212611,24.6815240449441,25.8032633708897,26.0304897242635,25.5552274170071,25.1694992856454,25.4324839835084,25.6750028306959,25.6188228643383,25.1699973802103,25.5609689949582,25.6301993819169,25.8709288868146,25.8860565167267,24.8578600977934,25.8868969187666,27.4672318841981,26.095942442073,24.4669100281987,26.0133649374074,24.6215108708887,25.4433532425708,25.2888661706833,25.4448770021589,25.6518272054336,25.5665825008082,25.1320923351304,-0.135401545738745,-0.507505695974587,0.236702604497097,25.5049878096628,-0.732436398186341,-5.35264818259649,0.467614716450891,0.896077533266722,0,0,0.902199013780637,0,0.183357409116759,-0.18657802550035,0.553292843733868,25.5049878096628,0.997661793948092,-5.49460500135441,0.323658100461622,0.770746018696202,0,0,0.813150112561284,0
"O14979","HNRDL_HUMAN","HNRNPDL","Heterogeneous nuclear ribonucleoprotein D-like","=""HNRNPDL""",17.2667293518082,18.4149685944777,18.3803104325248,18.0052928104776,17.0014819821693,18.7626060934551,19.0186406394669,19.3074660492415,19.1079607916653,18.3578340501993,19.0174811849282,19.5200074955375,18.0018917705625,18.1373869458006,18.7786741621765,19.102472121495,17.8730189939044,18.3979646239796,18.8101448820688,18.5609614668589,19.1240693793629,18.6264007967337,19.621245056955,18.9629497933511,18.5956739579305,19.0081790492892,18.3884459628583,NA,18.9749736304859,18.802562194403,19.7830953498986,20.1417539599478,18.9170482941096,19.5186046157641,19.0029543262219,18.7602729358937,18.6500959707164,18.9384609732214,18.7230644715948,19.0267964544749,19.518683188434,19.9343939257451,19.6158435826368,18.7720529263911,19.3438261744944,0.317361195144652,-0.0677349473963976,0.702457337685703,18.8312441230389,1.65979900303774,-4.40476304706139,0.103902632958002,0.679308248580595,0,0,0.48743356039627,0,0.468789349005451,0.0859425099382369,0.851636188072666,18.8312441230389,2.46617286475474,-3.23973540860781,0.0175286694139882,0.324435639911382,1,0,0.150206322624771,0
"O14980","XPO1_HUMAN","XPO1","Exportin-1","=""XPO1""",21.2357928353431,19.6564504936759,20.1102346752909,21.127728531057,20.1010456638592,20.3315137458256,19.9918190660567,19.9343213676754,20.1586106043822,19.6384298093443,19.3399767137554,19.7841187147277,20.7763075846296,20.7538408187662,20.7986291191855,20.1773806511192,NA,20.0417807861346,20.1536331538795,19.7391484458416,20.0496175854952,19.7784903897446,18.8991848620966,20.2893064085312,20.5017960694245,20.0737882523018,20.6640497763734,21.2719210638457,20.0694429546955,20.0895871365594,19.9673083439985,18.9053017811535,19.9197762072775,20.3146954467181,21.8359829214286,19.857734803494,19.621354841227,20.5327457633152,19.6228188779785,20.1236971120571,19.2288454483238,19.3849496511912,19.8046375978847,20.4488144736234,19.8894900274527,-0.135636372620997,-0.54128441668511,0.270011671443116,20.1135477403805,-0.673438010326469,-5.37529744470416,0.504109856746018,0.896077533266722,0,0,0.911279489826374,0,-0.145833864544265,-0.549112563777637,0.257444834689106,20.1135477403805,-0.72832286723317,-5.69783358838916,0.47018580239394,0.834663611429138,0,0,0.895789146727582,0
"O14983","AT2A1_HUMAN","ATP2A1","Sarcoplasmic/endoplasmic reticulum calcium ATPase 1","=""ATP2A1""",28.6546736347366,28.8936909751307,29.4324168823738,29.1751025700788,28.2421810915359,28.6422823358923,28.5924121081125,28.9292749071833,28.7959734582667,29.3288880254945,28.8815852519606,29.0024573506107,29.2408999158505,29.5166944736456,28.6401141031552,28.4589683566537,29.2073280646343,29.0703743365577,28.6731386603908,28.7754758575921,28.7004150424019,28.1641133720739,28.1107620251542,28.9888651497934,28.8922571243529,28.708406622883,28.7080364022365,28.9605387600909,28.9381245496566,28.2005507322293,28.3652507993489,28.4686744750204,28.9485300905336,28.6669233729722,29.1444610456914,28.640736355365,28.8065504794721,28.94473412858,28.8449344382883,29.0435107175996,28.5847095026847,28.6505773639645,28.4340446013865,29.0972662405902,28.0258794414071,-0.227010308693664,-0.453667673430199,-0.000352943957129898,28.7820618931919,-2.01598155432201,-3.88143253664803,0.0496588672353458,0.564734416417681,-1,0,0.50579884466043,0,0.00729519974689552,-0.218041149444143,0.232631548937935,28.7820618931919,0.0651653517442554,-5.96280304463536,0.948324481015219,0.987878263296057,0,0,0.999613002140596,0
"O15061","SYNEM_HUMAN","SYNM","Synemin","=""SYNM""",21.561060724641,19.4445454341013,18.535466188118,19.142309203891,18.9594064574951,19.0938739654172,20.256427058828,19.192439112758,19.1576051392821,18.6303077134459,20.2306719980376,19.3526733212899,19.6134261864285,19.8172139433498,18.7044257495159,18.4049538127265,18.7854021850874,18.483473729818,18.0165011002986,19.2630458064676,19.7964587361563,18.28782368221,21.1714704128158,18.8888116467283,19.1762946533306,19.0148722295731,18.0447650041004,19.864565241961,19.6328522678476,18.1168414200899,18.7028737495994,16.7576168151244,19.049076357143,19.3099487482416,18.7173877002859,18.8331398988614,18.6058452406681,19.6149698466603,18.6214893480718,20.2214718517184,19.1266329785577,19.8282477781963,18.9344717019706,18.8866215245824,19.029593903737,-0.427936797923369,-0.965556385899619,0.109682790052881,19.1306527015384,-1.602194951513,-4.49087285728803,0.115952114944406,0.679806474125127,0,0,0.397713572595198,0,-0.0472496323861726,-0.581735839569326,0.48723657479698,19.1306527015384,-0.177939653889175,-5.94970762344402,0.859550973770982,0.962555016082381,0,0,0.992874504899338,0
"O15143","ARC1B_HUMAN","ARPC1B","Actin-related protein 2/3 complex subunit 1B","=""ARPC1B""",NA,18.0737974061034,NA,NA,18.0198557545069,17.8072051630773,17.7241413765204,17.9571585137737,17.6714130786841,NA,NA,NA,NA,NA,NA,19.1685910791553,NA,17.5283948801493,18.7360341278418,NA,17.6989831230248,NA,NA,NA,NA,NA,17.2053067842679,NA,18.1530647703544,NA,18.7163176937053,NA,17.624596906774,17.3813511814871,16.84022517444,NA,17.5346186430461,NA,NA,NA,NA,18.5234363008273,18.1678501554865,NA,17.5873504843666,0.13215120176006,-0.476774951268215,0.741077354788335,17.9059846298796,0.45127122762484,-5.15078246692864,0.656410752338613,0.940190493291371,0,0,0.945887632829947,0,-0.265314806793725,-0.831946779290032,0.301317165702582,17.9059846298796,-0.973624662905875,-5.19326210882256,0.341304008898277,0.778269017459071,0,0,0.751857433598799,0
"O15144","ARPC2_HUMAN","ARPC2","Actin-related protein 2/3 complex subunit 2","=""ARPC2""",NA,NA,NA,19.3636366322026,NA,17.3116710678617,NA,18.4671150554437,17.4648330826584,NA,18.753586229206,18.5929532946345,18.8247710787502,NA,18.3593807165024,18.2778477403863,NA,18.6485409702758,18.4954049097575,18.1169237671851,18.2608322708205,17.7579750004411,18.6384248208237,18.420789241935,18.4174049503373,18.0858142582644,19.8770091854421,19.2055896947205,18.026252561987,18.2097761309894,18.1937340042683,19.6765858183113,18.4542840893955,20.0295512134026,19.8466110778539,NA,NA,18.8178641729034,NA,18.7026052804183,NA,19.5766193286513,19.5338362737297,19.0385346290374,17.5863890980737,0.109459870012618,-0.397981470116111,0.616901210141347,18.6373681105052,0.438354801114603,-5.34766212560666,0.663898498237759,0.942492860389654,0,0,0.956152739546051,0,0.528793753218803,0.0699690494174215,0.987618457020185,18.6373681105052,2.34205024526828,-3.47477343784412,0.0251657292068076,0.344080314270748,1,0,0.142678345134931,0
"O15145","ARPC3_HUMAN","ARPC3","Actin-related protein 2/3 complex subunit 3","=""ARPC3""",21.1157694595797,19.7205678511614,19.6074453213348,21.0301870710649,19.1576943426834,NA,19.77046319335,19.2535453908689,18.3308704100786,18.8079684569603,20.2034812389212,18.5731641691564,20.711329185993,20.6081794534343,20.1029161803583,19.6489214831882,NA,19.4161155004842,19.1234815403144,20.880608758847,19.1329872709163,19.0767710400556,18.1155833854296,19.71613988182,19.6778687294824,20.1739460285092,21.4798527791703,20.4420021434478,19.462475971361,19.118515763823,19.491337629863,19.773622199188,19.0899641796174,21.1598330282118,20.6799861882593,18.14042679709,19.524212597751,19.9039984749436,19.4909179318104,20.2444211274956,19.4692128853567,20.2992841581802,20.1032757535991,20.1010696187979,20.7162958269523,-0.0737841509374313,-0.638725770494865,0.491157468620003,19.782481637184,-0.263209982719127,-5.52921979036414,0.793616286835718,0.948679518362231,0,0,0.98308903299663,0,0.204595967588467,-0.348136719182771,0.757328654359706,19.782481637184,0.745975844980779,-5.68547396497866,0.459645392220005,0.831474716578483,0,0,0.852968688099862,0
"O15173","PGRC2_HUMAN","PGRMC2","Membrane-associated progesterone receptor component 2","=""PGRMC2""",20.4080667764487,20.1745324906102,20.9198443658486,20.2731972763151,20.1302218830407,20.3736858726596,20.2282369608534,20.5854289369376,20.0853087776736,20.4173738432105,19.9580751202831,19.6946583456183,20.0116218851726,20.264041447308,20.224659261296,20.4138009752212,19.7344319251864,20.6031512065597,20.5962949818227,19.8358580254716,20.6285078943107,20.2649434131666,20.4869129094595,20.210036333018,20.0082430499663,19.6729825156356,19.6795644956275,18.9969828656723,20.6873939174793,20.5432801522551,20.2123383913658,19.5680912861811,20.4873715466502,19.9453081013636,19.8406638612709,20.3836067349765,20.5072322584528,19.9568712768297,20.4917592384089,19.990376105688,20.4329797224038,19.9155024479619,20.027119274363,20.2907387327595,20.067589133473,-0.0977817939088759,-0.338370141518867,0.142806553701115,20.182864133695,-0.818077072303495,-5.29499426849118,0.41752707776981,0.872297158372813,0,0,0.91814202064424,0,-0.0163224365802463,-0.255508575408593,0.222863702248101,20.182864133695,-0.137359844886324,-5.95581810317619,0.891345315764469,0.975133831606227,0,0,0.998124299718554,0
"O15212","PFD6_HUMAN","PFDN6","Prefoldin subunit 6","=""PFDN6""",19.0894012228848,18.8210983179295,19.7342200832456,19.8511651911645,19.6002320551055,20.2910651275176,20.0989481696246,19.3706016439415,20.2309567345174,19.7870003776394,19.7126263200124,20.2376542448724,19.8223336200741,19.0815440095602,18.7106336629548,19.3991307186875,19.9545722949674,19.8960901334615,19.695478312575,19.9533314189894,20.0458117927416,19.3112633947784,19.3488934102472,19.9390790849296,19.6888184557121,18.9762951588175,19.5370703080253,20.5209975502566,19.6465946304385,19.7006008441328,19.3424665950105,19.4241873089955,19.5926384252661,19.4822503094361,18.8239993364434,20.1969112954546,19.8953602518533,19.3691874710297,19.9417198734849,19.814637529312,19.7686791778039,19.7189558495896,19.658378252959,19.7209667110102,19.4223549512143,0.0855275408130609,-0.187970121166229,0.359025202792351,19.6494711473037,0.629452810106684,-5.41374698113251,0.532163860153134,0.899103645978957,0,0,0.947478436825869,0,-0.0960889446598259,-0.367992594180922,0.175814704861271,19.6494711473037,-0.711326841313589,-5.72444866875051,0.480470272310545,0.834663611429138,0,0,0.931990900339116,0
"O15273","TELT_HUMAN","TCAP","Telethonin","=""TCAP""",21.8622354463489,22.6619373855003,20.8247488844302,20.6747789076799,21.7062859399119,21.2441149631812,22.5586407699092,21.353877704109,22.6824765926291,22.9863250454011,22.698578655075,22.5371731932575,20.6658387944693,21.580542579699,19.9570230397199,20.7732576830098,22.0980911529732,20.8828066316713,20.0470157551374,21.5153009269232,22.0832810940346,21.6147481373432,23.2599794237994,21.8101833088972,21.4625444093268,21.8648699715362,21.6113813508355,20.6848443001442,21.505527696118,20.958913236691,22.0828553432041,23.2552596330288,22.0520114246135,22.9883592083129,21.5208340245142,21.4867765220247,21.3098724329276,22.8251558600047,23.1275972937873,22.9678307100102,23.0211192625768,22.9706682848871,22.6294287800825,23.0720851746349,22.3501752286776,-0.232818237752941,-0.735661220038344,0.270024744532463,21.9072744925122,-0.931956011660211,-5.20881451224978,0.356220793533987,0.835884436312426,0,0,0.786379294033469,0,1.03248560698975,0.53257331878223,1.53239789519727,21.9072744925122,4.15720081753964,0.968050695119223,0.000138680115403961,0.0440752304343031,1,1,0.000103916660996435,1
"O15305","PMM2_HUMAN","PMM2","Phosphomannomutase 2","=""PMM2""",17.1960029457815,17.3709635211203,NA,18.0753326233797,17.5833851985761,17.1498582634126,17.2020931538915,16.4295362384739,17.5858028101017,NA,16.9760201884972,17.852016239539,17.287357177609,NA,17.4621130584652,15.7381597524224,NA,17.1165125699204,17.9799572350028,17.563927862436,17.1553676810042,17.1310079585573,NA,17.6172634898257,17.348721625788,16.0849476475834,17.679513495624,16.354708006059,16.7539033323798,17.7014562678229,17.0382906819488,17.0220644245266,17.4144247784559,17.4794379318023,17.7080574882553,16.8443782855294,17.9587006837667,16.421803725622,17.1262390083409,16.8610762091307,16.5567564533861,17.5478921865931,16.9697953498491,NA,17.5001197116104,-0.287310173647676,-0.645871849783791,0.0712515024884396,17.2011529554382,-1.6194061775533,-4.42426119569901,0.113210648357821,0.679806474125127,0,0,0.534776345942632,0,0.0986045023278486,-0.244970500521438,0.442179505177135,17.2011529554382,0.580021167421915,-5.75787001319448,0.565150182398104,0.862573310642818,0,0,0.945283858344543,0
"O15371","EIF3D_HUMAN","EIF3D","Eukaryotic translation initiation factor 3 subunit D","=""EIF3D""",19.5812266657318,17.6228385232458,18.8148020803758,19.4973886402848,17.9187416130777,NA,18.0534924994775,18.4749509096688,18.266506747694,17.6234126035806,18.9099354730699,17.358843996693,19.079038653463,18.3629634826724,17.6446728967283,18.0465231452381,18.581266194511,18.4083613698493,18.0809333520432,19.0944633534439,17.9592373580239,18.2031341672854,18.5092568529693,18.8652665734085,18.2077406776137,18.4642187403651,18.9805232901734,19.3184339510191,18.0290394679836,18.4684135910445,18.2008853967138,18.9310791994188,18.5947301120205,19.2179846428331,19.4365539538504,18.1482742940233,18.254057218043,19.0760341275695,18.1782926204312,19.0686605466808,18.2413735385501,19.0185096123722,18.7371292047872,18.5705674414364,17.1251912890246,0.122891171050934,-0.277647018544524,0.523429360646392,18.4823852288293,0.617941833310314,-5.40641467875447,0.539725831936635,0.899122088181203,0,0,0.927014338181844,0,0.105500740852193,-0.286135887550738,0.497137369255124,18.4823852288293,0.542554101697415,-5.82458474120854,0.590111516465101,0.870161621650437,0,0,0.945874193823218,0
"O15382","BCAT2_HUMAN","BCAT2","Branched-chain-amino-acid aminotransferase, mitochondrial","=""BCAT2""",21.6811732640801,21.0096181492725,21.441308049184,20.9841832440459,22.2976927457435,22.2275590164869,21.6118098677598,21.6152360550979,21.1767012437401,21.5433977292931,21.2523010059914,21.9664668872191,21.9611144370678,21.9902552916642,22.5433148934914,22.7620088482788,20.6929860019656,22.0162428571398,22.6054892534352,21.4833741435872,22.2499944859872,22.6208487313587,22.7573453022131,21.9871056922389,22.2631609518641,21.7224169705435,21.4165941272433,20.4709815002067,22.3700197890645,22.7008746771957,22.579948781667,21.195488520533,21.6252024480952,22.0420201838605,22.0512786089979,22.3687133568962,21.3758687221525,21.7070770917923,21.42898293486,21.8505389586491,21.3085946197602,21.405354155793,21.749447855086,NA,21.9878588275925,0.317852788280753,-0.0426168514007719,0.678322427962278,21.8204079608681,1.77593954527013,-4.24988790160507,0.082498821944802,0.632228637420987,1,0,0.452470109976568,0,-0.237917657284719,-0.602291233580552,0.126455919011115,21.8204079608681,-1.31507537134409,-5.14077443175024,0.195140742584185,0.678189083962813,0,0,0.677893153290458,0
"O15400","STX7_HUMAN","STX7","Syntaxin-7","=""STX7""",17.4499069134949,17.2690956053283,17.9677527917258,18.7398671864676,17.0307025376078,17.5773274583888,18.3539316621768,18.4275240316898,17.6561087528791,NA,17.6770813894508,18.997617384551,19.0011189299665,18.1641876260807,17.845735274316,17.9969109748074,17.7235047604188,17.9547378488348,17.3284557016604,17.8438598602115,18.3174774587849,17.6034273757259,18.5163333308714,18.2705156965483,17.5199724014944,17.772800577979,18.477074217587,18.5267734258972,18.7196243672683,18.4689429080051,17.8712166788568,18.0181791288208,17.8877312913907,18.657311869094,18.5328994761271,17.8992479007582,17.3277345961868,17.8772382549903,NA,18.3420123133505,17.2400031323779,18.3370737550763,18.4794093857711,NA,18.6659361952563,0.0802129020502456,-0.260949822122389,0.42137562622288,18.0555800578161,0.474144050860512,-5.4747005585995,0.637793821955498,0.936572189071119,0,0,0.964567979533566,0,0.0269499824173636,-0.318608327639468,0.372508292474195,18.0555800578161,0.157276847333992,-5.92011129952338,0.875762165172914,0.973137083726547,0,0,0.996431179203803,0
"O15498","YKT6_HUMAN","YKT6","Synaptobrevin homolog YKT6","=""YKT6""",NA,17.4099986775748,18.7555692919374,NA,18.920745823867,18.8616644822862,18.415149694888,18.2051819370125,NA,17.3493748960117,18.0191533476724,19.1750710555905,NA,NA,17.676545886059,18.4511792165342,NA,18.0947937656653,18.4616240172252,18.0232504710059,18.5956282931422,18.771930266001,17.2533109011731,18.2795913649647,18.180795491772,17.9421407311314,18.9554549860229,NA,18.1023426383011,17.9481493253477,18.3337870698378,18.1593385755374,18.0990639212737,18.4140903818857,NA,18.5143324380818,18.3162008870705,18.4487491504528,18.4291795483587,NA,NA,18.2589790729694,17.9176726952193,NA,18.5926632539842,-0.0720655035583064,-0.424408997431217,0.280277990314604,18.2744912810546,-0.415204569913272,-5.39875127236426,0.680523589595694,0.942492860389654,0,0,0.97264365915789,0,0.0818967691844392,-0.259337154997517,0.423130693366395,18.2744912810546,0.487209249349702,-5.75016453892022,0.629144153359271,0.889997359375494,0,0,0.962760555249368,0
"O43169","CYB5B_HUMAN","CYB5B","Cytochrome b5 type B","=""CYB5B""",21.4186175790218,20.9643878891911,19.9606665426748,21.1938538525076,20.6534895249368,21.087099653205,20.7172755045587,20.4999762739514,20.6833527137251,20.6536603110721,20.604005733656,21.3955607778325,21.5375178328958,20.4009213633488,20.6226457767275,20.8567922582976,21.2033433119564,20.683926013019,20.9092048397876,20.4281486108508,20.8266124109194,20.4432286837557,20.1848202630851,20.3002070861236,20.6450409889598,20.4033421289298,20.5666787820119,19.517074946424,21.1675363640064,20.6804649586537,20.5559971629044,20.4266027731346,20.6787042542304,20.0851175450199,21.0710495224911,20.8984974697874,20.565447760472,20.4770180133523,20.2928849727159,20.5641248605555,20.3662383585255,20.8875400199941,20.8699400597227,20.5973811817706,20.6173251053229,-0.237954098625483,-0.50508807039691,0.0291798731459442,20.6702960452463,-1.79297765953671,-4.22459621687026,0.0795472430952505,0.632228637420987,-1,0,0.547519062712186,0,0.00916316088124347,-0.256413887602691,0.274740209365178,20.6702960452463,0.0694489336275881,-5.96252752765924,0.944933044121432,0.986673428033922,0,0,0.99948112217345,0
"O43181","NDUS4_HUMAN","NDUFS4","NADH dehydrogenase [ubiquinone] iron-sulfur protein 4, mitochondrial","=""NDUFS4""",20.5348851887767,20.2762551733173,19.3015027953355,19.2167250697288,18.4825339336329,19.3856373858986,19.775871202055,19.919401524382,20.3140486022463,20.505894060951,20.2765769036164,19.9255044926925,20.7695633783221,19.7259368437739,20.5815749996053,20.5270241472766,20.4075219418928,19.9081826035422,19.6504876704279,20.2615801388601,19.7926036388089,19.0140604817178,21.0586642146557,20.2763382756501,20.1570668242316,19.8641837845889,19.0914279357877,20.3438455219922,19.4949904071436,20.0552204505004,19.4808437550102,18.7004865281662,20.0257663389664,19.5676165916076,18.9200891294238,20.516847867073,20.247901517105,20.2172400018649,19.6897670660531,19.7931949111146,20.1925236061273,19.9957462585119,20.1055894039517,20.037339624319,19.3748231559817,0.0643319679501815,-0.314045196893737,0.4427091327941,19.9057974521486,0.342225784808589,-5.53595672196674,0.73373834783128,0.947417763940137,0,0,0.980279683554366,0,-0.202494818786654,-0.578666707321108,0.173677069747799,19.9057974521486,-1.083523632217,-5.41130714609292,0.284217876392937,0.747796548567826,0,0,0.775116955818437,0
"O43237","DC1L2_HUMAN","DYNC1LI2","Cytoplasmic dynein 1 light intermediate chain 2","=""DYNC1LI2""",16.4356726946319,17.1081838621632,NA,16.1808864263464,17.191006108116,16.208963053379,17.9511992774629,17.4825521736797,16.644781922349,NA,17.0089439866967,17.0093232356643,16.2469460803998,16.9321416009708,17.2365923838714,16.9634118840878,NA,17.4120899028765,16.7788286275871,16.6954594652897,17.7105481215426,17.5956613827521,15.9062430362604,16.3011641148895,17.3141462365751,16.8117380490546,17.0682609290762,NA,17.069298165826,17.0785601204,17.04911713288,16.7988670608913,17.3037406471746,16.42947377343,16.4557109133777,NA,16.8146240124581,17.2121957010177,NA,17.7838715331442,16.9099079620028,17.3584495381189,NA,16.5071732435519,16.8750030641471,0.0580772778553467,-0.294628545961878,0.410783101672571,16.9431773006353,0.333049325797284,-5.48108377749703,0.740879035411425,0.94848524722489,0,0,0.982732407720768,0,-0.0316576651070797,-0.389311962636056,0.325996632421897,16.9431773006353,-0.179031879087098,-5.86770852740799,0.858838567808935,0.96254478959715,0,0,0.995194102273777,0
"O43242","PSMD3_HUMAN","PSMD3","26S proteasome non-ATPase regulatory subunit 3","=""PSMD3""",20.5237053724453,20.2929125426958,20.408081818534,20.5900663162185,20.2179700737795,20.1916570189311,20.3755878466319,20.1905991478285,20.0450699185831,20.3274556062977,20.2638648852861,20.87659557018,20.7343784274614,20.2076452271326,20.137732630278,20.1285491565884,20.793703675603,20.3490437285415,20.3938719391785,20.4421503665283,20.2066356529092,19.9437134291046,19.944632151859,19.8968183185727,20.5924749076336,19.9683066762474,20.6017525190438,19.8621636473996,20.2947082458957,20.3511341929628,20.5022037136811,20.4137652030304,20.5311648137859,20.5225250237541,20.2497840106806,20.2003060257335,20.3873976723634,20.3312227352979,20.3360268888811,20.5389063591149,20.2645140683938,20.4950134837212,20.155802754591,20.4718893821879,20.6893610632805,-0.103873805393718,-0.274312102154828,0.0665644913673918,20.3387303157522,-1.2267319219681,-4.93641574969664,0.226159907311636,0.753445779529677,0,0,0.856920817594474,0,0.154681639361947,-0.0147633005769355,0.324126579300829,20.3387303157522,1.83747302407639,-4.41149704033147,0.0725986109676968,0.498910158863055,1,0,0.666509776103368,0
"O43374","RASL2_HUMAN","RASA4","Ras GTPase-activating protein 4","=""RASA4""",17.6174386042328,17.9867409031811,NA,NA,NA,18.4034797652482,NA,17.3051366780324,18.8340603316489,NA,16.8042560882883,18.1850622408036,17.2600381704596,NA,16.9038346438268,17.3049416670529,NA,17.9486779483878,16.5435151081764,17.8533580496323,17.6623553777887,NA,18.3203994858842,18.4857292642196,17.2121162836852,16.7605686802739,16.5781644834431,17.928140363031,NA,16.8696168784146,17.2103913193972,17.7587031761106,NA,NA,NA,17.7442089794677,NA,17.7201287456586,18.128969188213,NA,NA,16.8059688876413,17.7918792594298,NA,NA,-0.231213954474981,-0.713209830438282,0.25078192148832,17.5688528775582,-0.981038735719485,-5.0341611789953,0.334676358051123,0.826372714395847,0,0,0.776402051627564,0,0.0564451925386464,-0.459806982554483,0.572697367631776,17.5688528775582,0.223604480082459,-5.70170857516233,0.824630604189843,0.952784992278144,0,0,0.989175266035523,0
"O43390","HNRPR_HUMAN","HNRNPR","Heterogeneous nuclear ribonucleoprotein R","=""HNRNPR""",18.9622480686185,19.3957088045844,18.2728828548725,18.6261851436034,18.6014303432241,18.3936531213627,19.7877699631467,18.936117496783,19.0747842779287,19.448826644044,19.2279388913151,19.3843125281549,18.6325408186859,18.9206412365316,18.1825505492764,19.1504296626928,19.1897952778819,18.735786982347,18.6875192525996,19.0191301313817,18.3088521669101,18.9181103971701,19.4313651921781,19.0345745655034,18.6102486356163,19.0267095242297,19.0435244078605,19.1442498848166,19.0147860153619,19.0712536799435,19.7144207486291,20.4672173309139,19.0798637398823,20.0437562505518,19.0394827063306,19.5829820811526,19.2172857695517,19.4841529971058,19.7419006286412,19.1396116656103,19.7814200650662,20.1955245311676,19.5348994101982,19.7731718609017,19.9709641556784,0.0520801563305433,-0.212318289719271,0.316478602380358,19.177790676889,0.396482653073058,-5.51835474420825,0.693580731338103,0.945624054281237,0,0,0.981124922813001,0,0.692021210992539,0.429163744905333,0.954878677079745,19.177790676889,5.29919497602458,4.32626614328082,3.1933432321169e-06,0.0040563774092545,1,1,0.00015733356565642,1
"O43396","TXNL1_HUMAN","TXNL1","Thioredoxin-like protein 1","=""TXNL1""",20.5921775923564,20.5334548749063,20.7327521578454,20.7686556537251,20.3214006236847,20.9773515451622,20.804055584922,20.537897170651,20.8063989319499,20.8767258901951,20.3176060637283,21.4615282448335,20.7599299246738,20.2831844908168,20.4320224021903,20.1957476236189,20.722106030418,20.8444591776937,20.6512927620314,20.5136801084512,20.2605425555148,20.3738006620625,20.776928703393,20.6093867425782,20.2966664005736,19.9908839340429,20.5765644660853,21.1450569247812,20.566072920407,20.4743550115377,20.4725343747467,20.567405081285,20.615736949372,20.5975991070546,20.9281147357078,20.4633899468664,20.4459890320285,20.4718640945077,20.5416223126077,20.3586291912711,20.2930953407426,21.0472295788101,20.6947462164083,20.258102773413,20.6590397248778,-0.14265166540844,-0.334067003572642,0.0487636727557617,20.5915063029896,-1.50006791227359,-4.6225977662174,0.140423580781138,0.708378884160682,0,0,0.755754779354011,0,0.0278369624340087,-0.162462759488669,0.218136684356686,20.5915063029896,0.294438434274856,-5.92344652209177,0.769746389083466,0.941462862728133,0,0,0.99274169848395,0
"O43399","TPD54_HUMAN","TPD52L2","Tumor protein D54","=""TPD52L2""",NA,18.6187870191722,18.4346152918208,18.5576033436902,20.1301907187094,20.2242229213838,19.0424996975886,19.7935598676134,19.6487141018834,19.3166855546835,19.5461969878966,19.6286778731613,NA,19.6149814376679,19.1489105761907,19.4063883085362,NA,19.6148734785842,19.8366389043506,19.3637811338579,19.7457982412191,19.9929373118293,20.0354348973928,19.5104657505043,19.3692977884773,19.5399571261438,20.4863669482188,19.2641118000658,19.6418071334595,19.493646754817,19.7318976864277,19.6678614554253,19.2863462702129,20.1066432946326,NA,19.7051548928992,19.8031565271139,19.4981825858043,19.8694753851443,19.7987399288753,19.4623735315495,19.7263139509779,19.2981574399493,19.9751456463294,20.0934749240627,0.29676108731158,0.00293962286918997,0.59058255175397,19.586099377764,2.03821328001812,-3.83254288828227,0.0478516863354249,0.558102362020395,1,0,0.40573724105349,0,0.0659398171276884,-0.22095256551202,0.352832199767396,19.586099377764,0.463825811745623,-5.83209099525881,0.645165245393651,0.899910640082174,0,0,0.971515509535799,0
"O43414","ERI3_HUMAN","ERI3","ERI1 exoribonuclease 3","=""ERI3""",21.2444505508103,19.817962238119,20.4757871965163,20.1975485712071,20.0895089180106,20.1157160740484,19.942170687889,19.6029255809485,20.1275228901688,20.1236310882389,20.0198635321001,19.5176238078251,20.0009218411939,19.7778353628394,20.144567549095,19.9853309292328,19.4522418166449,19.8893483271121,19.7150906507625,20.5164268502829,20.0155326147667,19.7429263182539,19.4039532419534,19.9161820708637,20.1880546023553,20.1801748457216,18.8071828708251,18.9201089141709,19.740843606032,19.8919390942021,19.3429003648015,18.1653444825822,20.1612242372085,19.6001417455437,19.2671299984661,19.9671014897985,19.9716136211434,19.3711084273815,19.9937278960778,19.8597949964012,19.5245378901117,18.993005863964,19.4933939341205,19.8615405229298,19.2878109335377,-0.328575742095243,-0.62470850120308,-0.0324429829874057,19.7871944232502,-2.23336576369219,-3.51573898371045,0.0304255946013379,0.488872265797768,-1,0,0.317416247616709,0,-0.233664023274116,-0.528070846942941,0.0607428003947088,19.7871944232502,-1.59755120967415,-4.77997007544226,0.116984385566605,0.593367324652007,0,0,0.605696432281078,0
"O43464","HTRA2_HUMAN","HTRA2","Serine protease HTRA2, mitochondrial","=""HTRA2""",NA,NA,NA,NA,15.8729555657209,16.3541632620365,NA,16.715922743785,16.4223788326174,NA,NA,NA,NA,16.1093112819769,16.8393266265011,16.9341275153797,NA,NA,16.4635874905937,NA,NA,16.0949183431862,NA,16.3620808805224,16.3916844799702,16.2673893274706,15.6708304971075,NA,NA,16.3571557854241,16.2210164088088,15.7450448304455,NA,16.4542419284505,NA,16.6257213759613,NA,15.7542434420216,15.882197336404,16.3062896941287,17.3589938515145,15.3674052432329,16.9191483546971,NA,NA,-0.0962808260856178,-0.570545254445322,0.377983602274086,16.3120889624149,-0.418073955759585,-5.2092322976029,0.679456578846113,0.942492860389654,0,0,0.963474867836708,0,-0.0532487156246191,-0.468068613741425,0.361571182492186,16.3120889624149,-0.264352495423109,-5.69678051627653,0.793671930487892,0.942866632673364,0,0,0.987770412564999,0
"O43488","ARK72_HUMAN","AKR7A2","Aflatoxin B1 aldehyde reductase member 2","=""AKR7A2""",20.166990030579,20.8175168500248,19.8701062313764,20.1068949046774,21.4301552393673,21.5556162976567,21.0633502197487,20.9210224140917,20.9598361666007,21.2950304492614,20.7338793602894,21.4209000132422,20.9063229837653,20.9190403294487,21.3236467850863,21.4082962646145,20.8789514099512,20.9674786000256,21.3244803367414,20.9583983348762,20.9939913878388,21.4849464189834,21.5128354442686,21.0549272169772,21.5654296126264,21.2168129604102,21.0045274736635,18.2892509843475,21.0902970920598,21.5676059151224,21.2874078863636,21.3340154387669,20.9207218188385,20.9745373275144,20.9337770749707,21.1762019626715,21.0691057138314,20.838811984966,20.9883801796797,21.2987439557638,21.421930493271,21.2793886742818,21.5683038198917,20.472500345822,21.5423864189289,0.119765619697191,-0.267570727781939,0.50710196717632,21.020327796073,0.62237870267477,-5.41761183693788,0.536763260956577,0.899122088181203,0,0,0.928190817160261,0,0.119198909537037,-0.265879945285941,0.504277764360014,21.020327796073,0.623065092962542,-5.78015216353056,0.53631608481273,0.845712063915002,0,0,0.928425920816022,0
"O43491","E41L2_HUMAN","EPB41L2","Band 4.1-like protein 2","=""EPB41L2""",NA,17.127641411707,NA,NA,NA,NA,17.3172596638591,16.4431174416838,NA,NA,NA,17.3808940931953,16.1553766132691,16.5157127400521,16.4156407764677,NA,NA,17.464628578915,NA,16.6165310099038,17.9209382892688,18.0944237852325,NA,16.3047943389449,16.9184630559645,16.4562164036532,18.4086383962533,NA,16.841174101171,17.1771332364373,18.0380853934605,NA,NA,NA,NA,NA,NA,16.8638063660324,NA,17.1366802068995,NA,NA,NA,NA,17.5411493301412,0.469440844363799,-0.0689360675835554,1.00781775631115,17.101824058691,1.80813046277938,-4.12648282675893,0.0842523707453368,0.632228637420987,1,0,0.313057683981931,0,0.210982849066117,-0.434494552296723,0.856460250428956,17.101824058691,0.677799786381409,-5.33034477591719,0.504952317721594,0.834663611429138,0,0,0.865746845091364,0
"O43583","DENR_HUMAN","DENR","Density-regulated protein","=""DENR""",20.3894415811769,19.7053511352946,20.1958614618963,21.7904051626579,20.9932171604591,20.9264768953358,21.1896367698994,21.1817061049446,21.5056172817324,21.313018184691,21.0422622923588,21.2077214445612,21.072463609344,20.8898359092912,20.8773823896008,21.7085599122024,19.6845474173496,21.559932783484,21.5986263993855,20.727941858375,20.6802198055965,20.5984447253081,20.4809171902219,21.3214001342569,21.4499107206181,21.374180643427,20.9352776067342,21.6832678188176,21.4626007309847,21.1269604083688,20.6918887345735,19.0361124662119,20.9312569104106,20.2302205586713,21.9476994782578,21.1298350670662,20.3863568129764,21.1107553664855,NA,21.2781557530537,20.1378102134948,20.4366739886699,21.2284867017589,21.4069481130835,19.4189844546233,0.152287011036872,-0.250333808373629,0.554907830447373,20.9100993217662,0.761793879717988,-5.33349994446739,0.450153729327702,0.882100568778637,0,0,0.885546478394162,0,-0.414350122747891,-0.821331381944578,-0.0073688635512032,20.9100993217662,-2.0505195084233,-4.03755956704066,0.0461598112345547,0.407484700279197,-1,0,0.279600300897477,0
"O43598","DNPH1_HUMAN","DNPH1","2'-deoxynucleoside 5'-phosphate N-hydrolase 1","=""DNPH1""",19.9885802763935,18.9219323837208,NA,20.3538406341446,18.7878324864211,19.2003283552074,19.646661545471,NA,19.2427793904225,18.9165821994951,20.5559769039623,19.5646490583518,18.5202251365469,18.6588949193681,20.2353751863118,19.3595030288567,NA,18.8382077618393,19.1081582321407,20.656331453704,18.6691745341079,18.4480172444867,19.6999160042792,19.9704569188203,19.7696870932174,19.3518844372806,18.7326107593383,19.5948632616716,NA,19.3334830146183,18.1733356583061,NA,18.91492957498,NA,20.9907563894787,18.8367611544578,19.0836578642645,18.8723377388392,NA,18.6516688590066,NA,19.2402655197401,18.8575433973764,18.896084504217,19.6427883310083,-0.0785613342640659,-0.554889771765902,0.39776710323777,19.305029221942,-0.333873569333923,-5.48078883660518,0.740308542404398,0.94848524722489,0,0,0.976654357867458,0,-0.197906164082092,-0.691825711840954,0.29601338367677,19.305029221942,-0.81111569727753,-5.55430376805242,0.42234525903377,0.814231438285388,0,0,0.843174211690612,0
"O43615","TIM44_HUMAN","TIMM44","Mitochondrial import inner membrane translocase subunit TIM44","=""TIMM44""",22.5160217475411,20.1247808390316,20.7604859887199,20.7560380237739,20.4338398865628,19.7275638117947,19.8892417581618,20.0636630280703,19.7973353965693,20.8099572183859,20.970382066886,19.470373545268,21.5370750953093,21.2669886518125,21.6389116445959,20.9238468429041,20.8894393075681,19.7942410031477,20.0127622154558,19.9726531490059,20.1802539539957,20.3892881405632,19.7836525995725,20.8345445086674,21.2049811253908,21.3233334818496,20.7183060798969,19.8253471881938,20.2487804595988,20.3114154948645,20.0480588769298,19.5404283583358,20.2402075889799,20.4698748456369,21.487254299892,20.7394815381981,20.6801789367255,21.0849089747021,20.1442942358276,20.999285953502,20.27857585808,19.4739121907572,20.092253991217,20.9612788446877,21.5743529690369,-0.234379070341625,-0.688228083798575,0.219469943115326,20.5331078159037,-1.0394850353199,-5.11760175004934,0.304007503389204,0.811006786254903,0,0,0.756482531112289,0,0.0934334607889369,-0.357770407636961,0.544637329214835,20.5331078159037,0.416812208439782,-5.88197968073692,0.678752766739913,0.914300764132198,0,0,0.964442263356439,0
"O43617","TPPC3_HUMAN","TRAPPC3","Trafficking protein particle complex subunit 3","=""TRAPPC3""",NA,NA,17.6011613824893,NA,17.1748743802074,17.6029143706359,17.7655466911756,17.3115407903544,17.1350470496931,18.2696218430038,17.7166120050039,NA,15.8709302919617,17.6103908077471,17.2722819504957,17.9364640738583,17.7919934813404,17.61577269116,17.1187941468682,NA,17.0400123261603,16.9376561526505,16.9277975304613,16.7221669673546,17.5853841462515,17.3636973559236,17.9699784760626,NA,18.2642829397141,17.1363341132264,17.778942432316,17.8126826498742,17.594959898182,17.8509144677116,NA,NA,17.6221903090711,17.8093172891242,17.9470007364882,16.664957317124,17.671260638849,NA,NA,18.2923266609323,NA,-0.015890271333479,-0.39778301901864,0.366002476351682,17.4937002459845,-0.0844677367702122,-5.48995494245417,0.93316530240461,0.98184318166434,0,0,0.998901427392231,0,0.283994785445504,-0.105744739781656,0.673734310672664,17.4937002459845,1.47923396394704,-4.83944889129143,0.148012335211534,0.638134999764275,0,0,0.581257986475845,0
"O43633","CHM2A_HUMAN","CHMP2A","Charged multivesicular body protein 2a","=""CHMP2A""",NA,NA,16.4131163329451,NA,16.7608033454445,16.7759191341989,16.0078810535567,16.1425604673375,16.0804655373161,16.289472998381,15.5904978815805,15.2057527254559,16.2803955054275,15.503091163468,16.2237601172364,16.2761922264221,15.931592007629,15.7954173924426,16.4100824919301,16.2606783303957,16.470908055447,16.2521547509742,15.8831526207892,16.3348419373993,16.7233720359927,16.3016363607303,15.8118815485513,NA,15.6761077999659,15.7148990231086,16.5990562441985,NA,16.6307914448839,16.782374312516,NA,15.9153789515441,NA,16.4507234994701,16.7413188700522,16.3672775220165,15.7109383850791,16.6567757421839,15.637172691759,16.6870483277363,16.6070940903367,0.00480518949130371,-0.29707591149231,0.306686290474918,16.2079627085764,0.0321950816345842,-5.52580188169639,0.974480512988342,0.989868661746425,0,0,0.999875789928024,0,0.283127384202913,-0.0169619123858002,0.583216680791627,16.2079627085764,1.90829849704202,-4.25014047101346,0.063725509839913,0.470378568740525,1,0,0.458636228671402,0
"O43674","NDUB5_HUMAN","NDUFB5","NADH dehydrogenase [ubiquinone] 1 beta subcomplex subunit 5, mitochondrial","=""NDUFB5""",21.5678675300205,22.2902462381784,NA,20.5661235258414,NA,20.8763869268234,21.6893610500112,21.6288823927499,21.9268233676597,21.1307898126766,21.8084487492817,21.4911173506579,21.905589016758,NA,21.8417488168364,21.8673191340127,23.1771518632885,21.551854598521,21.4626887358103,NA,21.7471202170723,20.8778316273375,22.9209638889501,22.3743524023443,21.7318081215395,22.3741424352314,20.4571573136367,21.6856742865754,21.4942180866497,21.8009219729764,21.7816339143196,21.3705255717332,21.5903703347078,NA,NA,22.3373485083162,21.8722277891305,21.3136957120591,NA,21.3750285618991,21.2882617157552,21.5906185052837,NA,20.6582284868689,NA,0.291289161034364,-0.124495796137395,0.707074118206122,21.6506813489309,1.41944972555909,-4.67825077936716,0.164129301243092,0.720861261794311,0,0,0.59073434803603,0,-0.302433067911863,-0.736915391836333,0.132049256012606,21.6506813489309,-1.4103328623616,-4.93894095171694,0.166784249049644,0.655071957582339,0,0,0.581773534088701,0
"O43676","NDUB3_HUMAN","NDUFB3","NADH dehydrogenase [ubiquinone] 1 beta subcomplex subunit 3","=""NDUFB3""",24.5498128204955,23.7860937209725,23.4030880893451,23.377815282321,22.5861205381831,22.9836951739703,23.6760049621226,23.7010434521292,23.8063960468062,24.2286703847246,23.8748872663235,22.9501377104034,24.2543648504838,23.4460270004499,23.5544260177372,23.8911510817547,23.9207665760492,23.5478852988763,23.2250855873662,23.7093457168624,23.6779781059912,23.3572582721998,24.162700056818,23.7892362452758,23.5521917495952,24.0694155841211,23.359978753781,24.3927578246367,23.8623942554991,23.7039132055828,23.6581133830086,23.6760462444265,23.8489735396117,22.9727432003271,22.5336905277662,24.3005906978946,23.8064071369724,23.8777822803015,23.9714446990565,23.8674225105896,24.2189116654918,23.5851270275677,23.4881429194775,23.6708543382553,23.5941363075025,0.139790378780976,-0.144792137012847,0.424372894574799,23.6771339579806,0.988734930210237,-5.1618324281963,0.32796075768128,0.826372714395847,0,0,0.855690198432688,0,-0.0767781224106621,-0.359702020458811,0.206145775637487,23.6771339579806,-0.546233918511672,-5.8227437233005,0.587542521060163,0.870161621650437,0,0,0.959991242663555,0
"O43678","NDUA2_HUMAN","NDUFA2","NADH dehydrogenase [ubiquinone] 1 alpha subcomplex subunit 2","=""NDUFA2""",23.1112698933263,23.7650235909269,22.9813872953767,22.7237668559041,22.6685378271648,22.6624554077743,23.5388242913289,23.6646073268859,23.3165992014277,24.0943326992929,23.5390472190152,22.8168360052094,23.4877096659226,22.7755044302093,23.5472782673094,23.5395328092883,24.1009090286477,23.3170119605796,22.853478230416,23.3475293969816,23.2897354092905,23.076814182247,24.0789511824938,23.429335728912,23.2376836156532,23.7761271438385,23.0917228013196,23.0935618331905,23.4944466513822,23.2278881971592,23.4384693304443,23.8394697705921,23.3911829706874,22.8827410434772,22.2703468744404,24.0365943059564,23.6024446151485,23.6533454197082,23.8855688433598,23.3640583191653,23.9345105328276,23.151405183701,23.3861345757218,23.3289133996284,23.2187301288171,0.156054455532811,-0.118240828722818,0.43034973978844,23.3562627436033,1.14516651737387,-5.01879181501023,0.258058221603164,0.782013090941701,0,0,0.809460994004857,0,0.028612476151725,-0.244084146904525,0.301309099207975,23.3562627436033,0.211196391591823,-5.94352896774449,0.833666072482058,0.956145428959168,0,0,0.994808274946039,0
"O43681","ASNA_HUMAN","ASNA1","ATPase ASNA1","=""ASNA1""",19.0058239274861,19.4960258428416,20.0744114309348,20.2039021968179,19.6999467531277,19.4980589788551,19.7667322118872,19.5869673850699,19.74629727615,19.3164831904983,19.5505376725836,19.6762357741133,18.4019777342407,20.2134587000645,19.7127816527227,20.0171893450971,19.4126890267789,20.1018476223658,20.0866507415699,20.0229892863248,19.5428630806894,19.606524889819,19.2085454927317,19.5613565205012,19.8200631100321,19.3488680363178,19.4817673698382,19.9531715253934,20.01076801936,19.7574883469742,19.4772405207212,19.5208727206088,19.7212679395007,20.024707363979,19.984769646425,20.0908690010647,19.6425029789396,19.5339780527787,19.9692094603798,19.818635956481,20.0790897799163,20.0200414448742,19.1776007222761,19.691807801109,20.4903408908925,0.1375569173128,-0.111136428194047,0.386250262819647,19.7138968315808,1.11334324866494,-5.04949280622205,0.271339986100285,0.794236235660287,0,0,0.835749074650971,0,0.0873434577435468,-0.159900441036265,0.334587356523359,19.7138968315808,0.711075323132162,-5.72461764831157,0.480624635311731,0.834663611429138,0,0,0.93801079883936,0
"O43707","ACTN4_HUMAN","ACTN4","Alpha-actinin-4","=""ACTN4""",26.365113112512,25.2101402330328,21.4046538591515,20.9821031842781,23.5589162680211,22.2883547078792,26.5797680894294,23.5667282408454,24.7719982079819,22.5223638609127,25.1314193241989,21.7519003911398,20.9840632810701,22.4770232555046,21.7905064565113,22.7770100071884,22.0417492530546,21.3258668022939,21.5934103226664,22.9543811810557,25.401261641013,23.0617876668365,26.987816332216,23.3233622177663,22.0120987400017,21.9611061767363,23.5134558569282,21.9570403034832,22.283865534984,23.0092596820783,23.8256583727715,23.380018410091,24.1572214257426,23.2629005654804,23.2773497426501,23.7326453397034,22.1623234099457,23.6241658258239,23.4627250512847,24.6238754629728,23.1552328195765,23.2016931543596,22.844427851361,22.1586195185873,23.1066999205075,-0.292012200589248,-1.23194792536273,0.647923524184238,23.1903129124807,-0.625336315776705,-5.4160011911996,0.534837788457359,0.899103645978957,0,0,0.8329856748913,0,0.38480567683704,-0.549651868546001,1.31926322222008,23.1903129124807,0.828881993388417,-5.63910653439337,0.411447822280126,0.811669521254881,0,0,0.710536076058119,0
"O43708","MAAI_HUMAN","GSTZ1","Maleylacetoacetate isomerase","=""GSTZ1""",19.3379865100564,NA,21.0892578464601,19.9808920878684,18.59251312711,21.4429543272313,19.5702588983225,20.1590107493345,19.6779439583956,21.2269040271089,19.8712111054247,21.1622685227435,20.1662184614546,18.9783718317233,21.277670651788,19.7735488375629,18.9686601392733,20.7612433197727,20.7867002948439,20.0172461882261,21.0135304460459,18.6966698277294,20.3278420247014,19.7488329287033,20.5069114024788,20.5004694512012,20.4752557486047,20.6660596175702,19.6072513428244,20.727781981568,20.2593699560462,19.2926934757912,20.8138625252822,21.1405991827143,NA,20.9800114741821,19.4375649006203,20.3967451493865,20.6716523694441,20.8735638517061,20.6680613832471,20.5036443015758,20.1640001675958,19.3561966144733,20.7888179706001,0.0364671680489863,-0.424514111379331,0.497448447477304,20.2432150925301,0.159426896772561,-5.56201314929288,0.87406146090226,0.962782567997101,0,0,0.995103379725089,0,0.190493083874671,-0.267796210929193,0.648782378678534,20.2432150925301,0.837688094579598,-5.61719537890205,0.406729059331336,0.80898183426914,0,0,0.842510540835106,0
"O43741","AAKB2_HUMAN","PRKAB2","5'-AMP-activated protein kinase subunit beta-2","=""PRKAB2""",NA,19.2869265810817,18.1859760288436,18.1893036496823,18.3241538231137,18.5257570870864,18.8711291053282,18.9352307047273,18.9960953231712,18.2084461474766,19.0282895827305,18.9287014328736,NA,18.7983377430962,18.3398351631683,18.7831943021915,17.5342914442854,18.9569467747924,19.007738701874,18.5394387343174,18.9393992221426,18.4388890490813,18.8359304400755,18.9287529180723,18.6033302443922,19.0152910055542,18.5871898185379,16.9324625798357,19.0343846332233,18.7675828950052,18.9221897191449,17.9760614055096,18.704394688931,17.164313568527,17.968097650909,18.2991510876512,18.7063951689232,18.8694880015285,18.7254386838336,18.8410893645662,18.6626419331998,17.8387060968448,18.2583012615962,19.0425403646998,18.1657022682342,-0.0545131228423976,-0.40852030246485,0.299494056780054,18.5504073581363,-0.310335769092392,-5.51518402986751,0.757769534262284,0.948679518362231,0,0,0.98499311163973,0,-0.184020766618808,-0.523760147391266,0.15571861415365,18.5504073581363,-1.09160065596035,-5.40292799084904,0.280944611402422,0.747796548567826,0,0,0.791652813799725,0
"O43747","AP1G1_HUMAN","AP1G1","AP-1 complex subunit gamma-1","=""AP1G1""",NA,NA,15.9424433024415,NA,17.8080222566496,NA,17.1264427143754,17.549323802188,16.818986650705,NA,17.3446486334132,NA,NA,17.7490933524795,16.8893449319953,16.809053272306,NA,17.494454148024,16.7449135409356,NA,16.5435297230733,17.5837222602384,17.2890551685078,17.5318053982394,17.4346551957344,16.7654107806096,16.7029254507282,NA,17.5508866375872,17.5753269811921,17.0902281629176,NA,17.6446582827316,18.3605791733304,16.3980450329953,17.8230817927554,NA,18.2383728208854,NA,17.6033229248185,17.7656195004494,17.7770178922358,16.6643987705451,NA,NA,0.0190031510090485,-0.452784645817818,0.490790947835915,17.2873122851696,0.0821452075096229,-5.40252059368959,0.935058658263762,0.982200119705315,0,0,0.998724827850679,0,0.416820312984314,-0.0232561643350001,0.856896790303627,17.2873122851696,1.93163041311868,-4.1680071587566,0.0625788300186245,0.467370238367444,1,0,0.315011572417375,0
"O43760","SNG2_HUMAN","SYNGR2","Synaptogyrin-2","=""SYNGR2""",19.9550568194796,19.0357360640282,20.1375353263922,20.7680879868804,19.6868846456849,19.5117172015515,19.7272441980861,19.5159165357217,19.0975483864574,19.9779685327492,18.7988990959173,20.6304481239184,20.4957878583207,19.3136656561415,19.4843499512911,19.1320787823922,19.7472852269526,19.2132785451153,19.7087662357201,18.9663426341189,19.0398919232749,19.4007739048714,19.1549929377955,18.7523408195304,19.0188749678033,18.5361986384882,19.571424588201,19.2781454359688,19.8987351502293,19.5038542077908,19.730152510976,20.1276175780292,19.3473787637151,19.2164069578586,19.5025636963334,19.1816611354614,19.5434099067087,18.9320663425534,19.561577960987,18.9829987395069,19.3044724300174,20.2551380193419,19.5889868041233,19.5317498985661,19.8113134074134,-0.48298943934277,-0.7852980832267,-0.18068079545884,19.5039405451659,-3.21586552364327,-1.53651010355401,0.00238040644838431,0.407818511469657,-1,0,0.0540692311810585,0,0.24630067688927,-0.0542460369617558,0.546847390740295,19.5039405451659,1.64954600204092,-4.70394389654031,0.105843094372629,0.574013509139384,0,0,0.575140195214252,0
"O43765","SGTA_HUMAN","SGTA","Small glutamine-rich tetratricopeptide repeat-containing protein alpha","=""SGTA""",18.31386995806,17.8800515749744,18.6563332772636,18.502551491866,18.1656601539871,18.7296580363499,18.3356770803919,18.1899198911519,18.8791886873254,17.639260742658,18.5284092544078,19.3349553931999,19.0048510206537,18.8219342725349,18.1150591059703,18.4475202468637,18.5823541311185,18.0589205350018,18.59211234039,18.4811661824843,18.6265306847055,18.1376947005875,19.0540397169815,18.9211633432399,18.583637259827,18.8951181871693,18.1138037260989,18.858554553534,18.9083647848144,18.817328738396,17.8481582013837,18.2310445806238,18.4533791124057,18.1274541340096,16.8931378913355,18.8365201534619,18.4549130002068,17.9920593822987,18.9250143193403,18.2568804321418,18.3031991598901,18.9184329355648,18.9188030965999,18.3445782772738,18.7809218918927,0.134203351556277,-0.159386777850787,0.427793480963341,18.4768930142319,0.920095107684491,-5.21829321999537,0.362318919583038,0.84082823932612,0,0,0.872626778526839,0,-0.252920837518875,-0.544799850565782,0.0389581755280317,18.4768930142319,-1.74418501966672,-4.5600879852986,0.0878003543161938,0.52497025745656,-1,0,0.540490657384657,0
"O43768","ENSA_HUMAN","ENSA","Alpha-endosulfine","=""ENSA""",18.8902351547732,17.2208912234726,NA,17.5684596527048,17.5891793187213,NA,NA,17.1832462496036,18.3439166485225,16.5986053919294,16.8810886645883,NA,18.1014417097834,16.522593726584,17.642848562431,17.8363768225971,NA,16.3046778411701,17.4233773403422,17.5582805847317,NA,17.4021799371263,18.7650555574751,18.0700252003626,16.6953350464857,17.4842070707749,NA,18.3877735079382,16.7609542313303,16.5813112921594,17.6573746382485,NA,NA,NA,NA,NA,18.4226900166899,17.4766117545222,17.9639459875712,16.2330199682887,17.688016681955,NA,17.2510269212828,NA,NA,-0.0633917080413013,-0.58589800626148,0.459114590178877,17.4834915568055,-0.247425375921313,-5.44901686285701,0.806208330560723,0.948679518362231,0,0,0.986437408045981,0,0.00770546461386701,-0.582615081475149,0.598026010702883,17.4834915568055,0.026620379722804,-5.72543794735927,0.978932925943217,0.99573365040918,0,0,0.999835947537179,0
"O43772","MCAT_HUMAN","SLC25A20","Mitochondrial carnitine/acylcarnitine carrier protein","=""SLC25A20""",20.6298402565345,19.8954289288519,18.9720046492155,19.4183924120812,19.2760015549627,19.9019799270725,19.8592910952163,19.9531802733546,19.3892262118292,19.9526146141202,20.4122049358032,19.934102759532,20.1223062426616,18.7462558594481,20.15688007043,20.0865639931054,20.4376663749519,19.3946293364775,19.7530790864756,19.7356059101408,19.5195783724729,19.5591176396228,19.9594459763453,19.893558062538,19.8622929347488,20.4887828180509,19.0651661406979,19.1613641661319,19.3662200887125,19.7458714654666,19.4907977635223,20.3465498500521,19.6389246116459,19.4257134680443,19.6706032160345,20.331456835499,19.664082236243,19.8500441389535,19.5828306549784,19.7678171402187,20.4496189878826,19.5234436978809,19.5348783716841,18.7230603568539,19.1237097554874,-0.0362991476970649,-0.331485176475441,0.258886881081311,19.7282707387118,-0.247520651516485,-5.56051432962704,0.805605839137646,0.948679518362231,0,0,0.992184254232074,0,-0.0603607520638825,-0.353826363183284,0.233104859055519,19.7282707387118,-0.414007525149163,-5.8830887442256,0.680790988137381,0.914300764132198,0,0,0.977058545014797,0
"O43776","SYNC_HUMAN","NARS1","Asparagine--tRNA ligase, cytoplasmic","=""NARS1""",18.59174796949,19.640305772016,19.5884821736629,19.6554664031747,18.9952492373213,19.1017018396279,19.3949105067472,19.4465136093918,19.1253911943695,19.9149328526594,19.4040230305007,19.2224444620946,19.0257076032472,18.3259667643588,19.5214617454021,19.4114743074814,18.8291975252516,19.8929689772171,19.7384010719003,19.1563577293369,19.2926950947253,19.1955147501704,19.253711692143,19.3994700585681,19.2312818924542,19.075775195668,19.3055904688858,18.7550336373431,19.2327018039141,19.6470039123557,19.5900317196271,20.2434232418599,19.6322425543769,19.3710925368301,19.3666481395672,19.521617471527,19.6479123503373,19.0459887504074,19.5956420138638,19.2473511692291,19.4451767415196,19.4130489718673,19.2773003300343,18.8964990477669,19.2277088216196,0.0313199349653956,-0.209426673772882,0.272066543703674,19.3309592698203,0.261861398746254,-5.55730050177378,0.794596311519591,0.948679518362231,0,0,0.992824752694741,0,0.140300382867903,-0.0990430947034784,0.379643860439284,19.3309592698203,1.17990779218797,-5.31006750079956,0.244097560549556,0.72771949909063,0,0,0.82049306763138,0
"O43813","LANC1_HUMAN","LANCL1","Glutathione S-transferase LANCL1","=""LANCL1""",22.7595406692326,22.5176030276588,21.5778441418227,22.8537321720876,22.3859015278078,22.5445877905328,22.1481301283309,21.774943126257,21.6715917312037,22.0574127007127,21.8266071236334,21.4562055497871,22.5329236256908,22.3257114835671,22.1660249483212,22.5872016485907,21.0317004011055,21.9701724888115,22.3221189938408,22.2659718150236,22.1012482730775,22.123910228637,21.8912779417333,22.1032759836912,21.9458094628332,21.6556856402063,21.9679479974759,23.2179303032251,22.1015890475283,21.8680468953927,22.1714235401558,21.3068151088771,21.8454759916072,22.2518510788132,23.5691231337001,22.4371645534992,22.1258571571377,22.1162963887374,21.7543942762169,21.9639038443856,21.4540716828677,21.1887388988646,22.0644247978247,22.2746775615569,21.5808521307553,-0.0984210589468049,-0.413954135455056,0.217112017561447,22.0857270447293,-0.627847185098147,-5.41462795373622,0.533205984718941,0.899103645978957,0,0,0.93998455605906,0,-0.0699211317448665,-0.383615202934804,0.243772939445071,22.0857270447293,-0.448655450860085,-5.86886721423754,0.655784788457418,0.905507449629859,0,0,0.970929609201717,0
"O43826","G6PT1_HUMAN","SLC37A4","Glucose-6-phosphate exchanger SLC37A4","=""SLC37A4""",19.420476894774,17.8376501567308,18.8340187259276,18.4525157424449,17.7163026802733,18.2649159333192,17.6080214270094,17.740880327085,17.3757161218569,18.8504733547512,18.5691280776114,18.7134094811227,18.5597793760768,18.0863426229203,17.5459446360417,17.7968826791486,18.3695432446258,18.1520680815591,18.6287322979736,18.5566623958683,18.5140358245845,17.1081490923791,17.3046558217246,17.7008045570137,18.3408230015478,17.3337096227955,17.7885958487444,NA,18.0539596168161,17.4189760448978,17.1426666101758,17.209879102038,18.2637622760132,18.2123996965108,17.8941040983589,17.6144122731588,18.4196792778297,18.8561525033742,17.3376085865961,18.2170705035939,16.276026177708,17.5803301813355,17.1999560263023,17.990199819207,17.516116129839,-0.314445733409432,-0.715897836638991,0.0870063698201272,17.9630349306742,-1.57754883980277,-4.5142822328127,0.121667709127538,0.686289759193786,0,0,0.515628941833602,0,-0.215384293336452,-0.614491559756132,0.183722973083227,17.9630349306742,-1.08691414220438,-5.39348658092366,0.282857347036207,0.747796548567826,0,0,0.761861882947313,0
"O43837","IDH3B_HUMAN","IDH3B","Isocitrate dehydrogenase [NAD] subunit beta, mitochondrial","=""IDH3B""",23.5351142145123,22.8619553940407,22.6420887574324,23.1669286880611,23.1455474507,23.3302676023706,22.8188553949005,22.9818969059122,22.6406482464243,22.2513879115658,23.2996492191174,23.4316805407451,23.5300997192496,22.5663530840205,23.6014669007594,23.290829341383,23.9070107663907,23.0527068386574,23.1346883956112,23.575000920326,23.3311429647911,23.4375822938797,23.4043156552354,23.2466653071703,23.1466505664159,23.3476995054985,23.0279732940109,23.3862424142055,23.0204735334648,23.6081614512363,23.1533593409588,23.1403146726309,23.087526337673,22.7371403459016,22.7785107487609,23.2068521526597,23.5374757115619,23.4855852644672,22.9298447603587,22.9256477506792,22.943784646453,22.9156572394797,23.1618980573901,23.013353372068,23.4962495339161,0.26535894301183,0.0507421240379081,0.479975761985751,23.1607618491788,2.48874720351566,-3.04962547127884,0.0164971405631284,0.473767971577395,1,0,0.336490997925029,0,-0.226929554221158,-0.440295532947647,-0.0135635754946687,23.1607618491788,-2.14080296573876,-3.88365355664292,0.037617979215739,0.382557248031346,-1,0,0.475023535050346,0
"O43852","CALU_HUMAN","CALU","Calumenin","=""CALU""",21.593006391106,21.1578936429753,21.4557250688046,21.043720220115,21.3814030432563,21.2864575618115,21.0362009782822,21.1628047741944,21.1712114989659,21.3455365857651,21.1996263889255,21.3581972142499,20.4889157538291,21.0480094691285,21.5366821904684,21.5113754478147,21.3506156771696,21.3987159918323,21.4887657995542,21.2112907120015,21.4484269900192,21.1852378480941,20.9400951938111,21.1053743324989,21.086921185994,21.2995733429536,21.5084403416283,20.8505813714889,21.3065504254789,21.7456815631535,21.6396095946451,20.4062805515682,21.1247596893344,20.2720548358749,20.1403517087582,21.0295550946015,21.3733220174765,20.9395552745518,21.2571996680036,21.0650829600954,21.2055756356878,20.8312720329104,20.8502105397174,20.6667420932282,21.1780098146277,0.0722852178097781,-0.144887103797648,0.289457539417205,21.1485026336989,0.669970730636941,-5.39078621682943,0.506222963550099,0.896077533266722,0,0,0.951981010944674,0,-0.363870980827418,-0.5797775680819,-0.147964393572935,21.1485026336989,-3.39228505167721,-1.09424671375327,0.00143305433113024,0.129718647276076,-1,0,0.0923095222850276,0
"O43865","SAHH2_HUMAN","AHCYL1","S-adenosylhomocysteine hydrolase-like protein 1","=""AHCYL1""",18.2358480881499,17.9520865761899,17.4282715550839,18.6527369855753,18.1715321816023,18.135539274233,17.6426318493338,18.0063913807217,17.6731389335606,17.4828000603782,18.1248283852005,18.3719022686592,17.3134397960508,17.9270967805176,17.30595024205,17.9726020073149,17.5530971757,17.9704368286646,18.084328325332,18.4258470751573,18.1627594261923,17.9456626882085,18.4767640336785,17.7317575666861,17.6979542446558,18.1016595918612,18.3253006995787,16.2361610450368,17.8535469780456,17.5175180291122,17.7858519081658,18.0730236118613,18.0343546579733,17.9496824441033,19.0449978945079,17.9302681988829,18.0280956586343,18.0368194195339,17.7214612716337,17.9134425826063,17.6194072258327,18.2091768485777,17.8422026652955,17.3800573691926,17.7555168308124,-0.0294093460477995,-0.313671619814887,0.254852927719288,17.9067544146699,-0.208246136046114,-5.56839196301021,0.835955294760417,0.953652971640042,0,0,0.994744289016973,0,0.0845975248259556,-0.19800799764571,0.367203047297621,17.9067544146699,0.602542690307082,-5.79206781107855,0.549769340674959,0.856094249166275,0,0,0.950648385143335,0
"O43920","NDUS5_HUMAN","NDUFS5","NADH dehydrogenase [ubiquinone] iron-sulfur protein 5","=""NDUFS5""",22.5552377925072,22.3285973977941,21.3440233706737,21.4824289074094,20.8913483458852,21.318353872375,22.2555810420576,21.876835348039,22.2580698378242,21.9608470356784,22.597361735062,21.988683312182,22.306563079721,21.9117835109467,22.4870592691419,22.1399334900464,21.8211867018673,21.9501089294302,21.8369545877909,22.2901214576609,22.0468568924186,21.9365879685127,23.5664306795501,22.8619682793698,22.2595791412378,22.9327794029372,21.6417020967439,22.4979292313382,22.024957971353,22.2094298263689,21.8664659513158,20.374703326099,22.4142171912975,21.5671721180252,21.5280770078567,22.1637416704946,21.7078329024228,22.5648474745698,22.2180814077021,22.5495184545985,22.5238437896632,21.5547156003235,21.6820982585288,21.3451243502121,22.1831646459911,0.305983171387798,-0.0426101427390644,0.65457648551466,22.0405089925117,1.76680776087204,-4.26264497380869,0.0838890284105139,0.632228637420987,1,0,0.468459329947253,0,-0.384861500501671,-0.731423126015403,-0.0382998749879395,22.0405089925117,-2.23529479443431,-3.70587140442707,0.0302896508369272,0.359121672735319,-1,0,0.260320657673249,0
"O60220","TIM8A_HUMAN","TIMM8A","Mitochondrial import inner membrane translocase subunit Tim8 A","=""TIMM8A""",17.3551280547177,18.3931010616496,17.3381500004141,17.9357786611135,17.4102916511261,18.3231117854399,17.8359161096856,17.2655402358473,17.8618027188672,NA,18.2264290158698,18.3410702343996,18.4039514767431,17.0171279972269,18.5734026666465,NA,18.5683193653504,17.8674998379959,18.6923203613431,NA,17.3819732261267,18.5818667791725,19.7264408068821,18.3159695353515,18.2296808925171,18.4731621490493,NA,19.2779635319842,18.031850332881,18.7607244990087,NA,NA,18.4114150721276,18.2376515009642,NA,NA,NA,17.3647607530714,18.3893444583833,18.2145836958985,18.3479125083823,17.588724665759,18.5013904975546,NA,17.5781631501151,0.59849422344038,0.205448626275477,0.991539820605283,18.137786265419,3.08807576340506,-1.92463702089273,0.00386453793883898,0.407818511469657,1,0,0.0359659749143186,1,-0.449119348180503,-0.885435643329424,-0.0128030530315817,18.137786265419,-2.08752291564659,-3.88396324883436,0.0439715354169624,0.402966196550617,-1,0,0.245822780811229,0
"O60237","MYPT2_HUMAN","PPP1R12B","Protein phosphatase 1 regulatory subunit 12B","=""PPP1R12B""",NA,20.0459765992043,NA,20.7490410429504,NA,18.8019017446845,19.1061976457892,18.8998892973928,19.0690752580509,NA,20.8790921374017,16.9276256948761,NA,NA,20.0000258048731,18.9515292420145,NA,18.2358242095082,18.3921435415599,NA,18.8388060461949,19.1194369493221,17.0619988958919,NA,19.6352349648626,20.4984480685365,NA,20.8654797454286,18.2728891107166,NA,18.61805965667,18.1937800491799,18.4819305516681,21.2149990044834,20.919063910049,18.8462357760156,NA,20.4327194963873,NA,NA,18.8577824225333,NA,NA,19.4772689481587,NA,-0.462235580017619,-1.39472231514165,0.470251155106407,19.2640162790859,-1.01376232094591,-4.98419765318934,0.319068327107256,0.826372714395847,0,0,0.589762822696293,0,0.496489037158756,-0.430195257161125,1.42317333147864,19.2640162790859,1.09570412647976,-5.21101996389378,0.282212108656011,0.747796548567826,0,0,0.533601240293323,0
"O60256","KPRB_HUMAN","PRPSAP2","Phosphoribosyl pyrophosphate synthase-associated protein 2","=""PRPSAP2""",20.145568390563,18.9374841699143,18.3058328891706,19.644449047333,19.0075427354161,19.2681455850703,18.0112296838044,18.3991522995857,NA,NA,19.844210218218,18.483531249103,NA,20.7289181853189,20.2106617386267,NA,NA,18.1074120251122,19.1522534678021,20.7016199448074,18.6029844570945,19.072102938321,16.8709159029737,17.4929579926542,18.2853170531618,NA,18.1016872059312,17.9576285415137,NA,18.7655889739958,18.4168736807098,19.1975914063171,18.442642692601,19.241380318988,20.9086276937774,18.0115166705294,19.1233626116768,19.4178089456468,18.1452816198481,19.6903824342194,NA,18.0384437435982,18.0231889796087,NA,18.0803927398739,-0.740805270085431,-1.39725857854331,-0.0843519616275569,18.8565191175802,-2.28646566993733,-3.42060122897524,0.0280406242030385,0.488872265797768,-1,0,0.0708129897583753,0,0.350915590475005,-0.290594401979762,0.992425582929771,18.8565191175802,1.10831625093547,-5.2909121256662,0.274870066608289,0.747796548567826,0,0,0.635595885446122,0
"O60313","OPA1_HUMAN","OPA1","Dynamin-like 120 kDa protein, mitochondrial","=""OPA1""",21.9534457138817,20.1145494042081,20.1586017096012,21.2113558983442,20.3898762918368,19.8496861583322,19.9855169278033,20.1570193212434,20.0761899096966,19.4567032368745,20.5972743738551,20.2593479278253,21.4268772699356,20.6288235032785,21.4968674374691,20.209241061972,20.9708607758478,19.6799717830857,20.4312713016727,21.0452036422589,20.168797723557,20.6057511723726,19.9776366467473,20.7481196668597,20.7504380779669,21.0126030773206,20.523454456456,20.7380939073034,20.1267640005744,20.7808719799793,20.0298137913159,20.0835788502888,20.0221342246237,20.5801225020723,21.058466115967,20.1061079919312,20.8299730100843,20.5568990425867,20.091855894718,20.9320794878153,20.4235928505965,19.9968495053738,20.1559377573324,20.5028034386854,20.9636298630795,-0.0116581411442773,-0.358999472437141,0.335683190148587,20.4858901929918,-0.0675590687318806,-5.58548042064659,0.946429182066166,0.983220575615884,0,0,0.999358318833555,0,-0.0956823298335614,-0.440999269380919,0.249634609713796,20.4858901929918,-0.557730851227291,-5.81672114633604,0.579730081544067,0.869847439875183,0,0,0.949171951995054,0
"O60493","SNX3_HUMAN","SNX3","Sorting nexin-3","=""SNX3""",19.0281044250307,19.6614282726342,19.1689275015959,20.6905294924916,20.2954551242978,20.1315756449452,19.6926201464711,19.6680616705579,19.6098077365559,NA,19.7700824607868,20.7995551301609,20.5887223043995,20.1228073370397,19.8384148284531,19.644658822195,20.9114944083727,19.7732003981227,20.3199631971732,20.342421337771,19.5127105987865,19.9659694007558,20.5215705444685,19.7791716300999,20.1038677527721,18.8992811009778,20.4462539812433,20.5492505666492,19.9985292712594,20.0021585420352,20.0723744797063,20.2377541171128,19.9208909137625,20.4222884029986,21.2907462515452,19.5350471928971,20.401894504057,19.6719203906544,19.6855217240903,19.6587476613939,19.6863779403967,20.0091383537246,20.367910045798,19.9225566998601,20.3032508954683,0.116410775395288,-0.205830876236147,0.438652427026722,20.0232503000356,0.727582679631635,-5.34241664976099,0.47063447924202,0.896077533266722,0,0,0.916002925030491,0,0.0277278680522528,-0.287352284737647,0.342808020842153,20.0232503000356,0.177241850686134,-5.94981405661214,0.860113087330429,0.96261623992084,0,0,0.99583036586748,0
"O60506","HNRPQ_HUMAN","SYNCRIP","Heterogeneous nuclear ribonucleoprotein Q","=""SYNCRIP""",21.3397065411856,20.6872902674897,20.5670932361701,20.6890370904931,NA,19.6654090113236,20.8025759334332,20.4125934700763,20.3407743883485,19.9919632468605,20.6338655737648,20.0652682083437,20.4487611739914,20.1734886278892,20.3553500123453,20.1758326263615,19.2060231441218,20.1098949645246,19.6587408215004,20.0534875916389,20.1415786937178,19.9224817166334,20.5404810199581,20.3889982923922,20.0671983823201,20.529065937066,20.5173623626663,20.431850524336,19.9599134102775,19.7674439823862,20.3372564029209,21.3037661300943,20.4682398064257,20.9111297669891,21.1328359610142,20.341168711175,19.9478217463192,20.7535560795637,20.467979452686,20.3410865318977,20.7558387050649,20.5647251905759,20.4824338082795,20.5561126179083,20.3194360468684,-0.334762645463247,-0.602500618485261,-0.0670246724412331,20.3710663002136,-2.51824433056878,-2.9946108612408,0.0154161174390091,0.473767971577395,-1,0,0.247401153813035,0,0.480868899192121,0.219081135194684,0.742656663189558,20.3710663002136,3.69954394568659,-0.304206221118036,0.000585332957629228,0.0796719250753777,1,1,0.0278961730552933,1
"O60610","DIAP1_HUMAN","DIAPH1","Protein diaphanous homolog 1","=""DIAPH1""",NA,NA,18.2278981583081,18.7154011226856,NA,NA,NA,NA,16.5885873334524,18.0797979224383,NA,NA,NA,NA,NA,NA,NA,NA,17.2732243380342,NA,NA,NA,NA,16.597562766094,16.177568429515,NA,18.6541067200716,18.3526023626097,NA,17.3869122956593,NA,NA,17.0231033143344,18.1248132622204,18.1816122974555,NA,17.7943030650967,NA,NA,NA,NA,18.1509310839165,16.8328212225631,18.9565547128344,18.9671724663652,-0.622855209660464,-1.61487940680612,0.369168987485195,17.7824984929808,-1.31394062996154,-4.5756456282575,0.204477060162698,0.740464466813426,0,0,0.37207577338903,0,0.511565260692766,-0.315932437984868,1.3390629593704,17.7824984929808,1.29373449064914,-4.88392610185181,0.211231207496458,0.701115954106001,0,0,0.451408457861489,0
"O60662","KLH41_HUMAN","KLHL41","Kelch-like protein 41","=""KLHL41""",24.8633901107126,25.1169287153664,25.0334040841811,25.9931253833874,25.4994832029333,25.4815311788395,26.0781707100605,25.5846430279413,25.2659676485781,25.8129658606827,25.2861259565984,25.5316749617988,24.2234233976088,24.9849725888688,25.6806861943562,25.4073455575143,24.7534591080696,24.9407564173915,26.0223810685564,25.8078509157725,25.3787266738432,25.7850258071625,26.3381383867286,25.1670493462005,24.8669203544776,25.0243557746309,25.5617872004631,24.2455069247057,25.4456482126064,25.7914536675007,25.6883037955667,25.3910790987939,25.3100069894322,26.8547701171926,25.5732834905882,25.4498718877892,25.6584474049151,25.2069502807698,25.7018630941921,25.034255747585,25.4371468454117,25.2674090426225,25.920771754981,25.7200982311217,26.0316333177243,0.0109370062338385,-0.305071432059528,0.326945444527205,25.4493064341383,0.0696643501063785,-5.58535313157097,0.94476251929065,0.983220575615884,0,0,0.999378733938202,0,0.247299045537485,-0.0668676169107484,0.561465707985718,25.4493064341383,1.5844303463913,-4.79881402792229,0.119941381192735,0.593891809164898,0,0,0.591874901518328,0
"O60664","PLIN3_HUMAN","PLIN3","Perilipin-3","=""PLIN3""",21.4293075420531,23.044849977556,22.5940647231901,22.405629356413,23.0699402321741,23.2204044079038,22.3446143343851,22.7069501815871,22.6290074557496,21.9693402304223,22.323117642065,23.0796841866366,22.1585630528304,22.940730047758,22.2556720088271,22.424608355885,22.7170944423767,22.5975948247438,22.535559095828,22.6807950794406,22.8765401409814,22.7924225215307,22.8014634220161,22.5131548431088,22.3750656340466,22.3938595019003,23.5634385448821,22.8550396760532,23.0983294038921,22.8225638038145,22.4369197754581,22.8957877214937,22.3349152430805,22.6085745217045,22.6509755044746,22.8054133462207,22.8104992184315,22.6362644747169,22.3618018230742,22.3050617857775,22.509348153936,23.0197865777513,22.6913562530419,23.0679097271888,22.8970573350291,0.187029536416606,-0.0469162749374085,0.420975347770621,22.6500239140318,1.60918410274544,-4.48157834501246,0.114412427115589,0.679806474125127,0,0,0.666663501213309,0,-0.0677238552747284,-0.300306172201984,0.164858461652527,22.6500239140318,-0.586105491297164,-5.80132846823394,0.56066714290556,0.861900786136019,0,0,0.961570964497266,0
"O60684","IMA7_HUMAN","KPNA6","Importin subunit alpha-7","=""KPNA6""",NA,18.3389839906008,17.1058657666785,17.3627099379967,17.5257286168839,17.7576009412955,18.108339025124,17.9909526462404,18.4370540297932,17.8274326386475,17.9604524034003,17.6653049698644,17.0766974245707,17.6735098825708,18.0002191743812,17.9884142641568,17.7235137037431,18.3717674115842,18.4279646786613,17.8601435240343,17.9172424180871,17.9561617314654,18.6062026924774,18.2792943883695,18.1206408511839,17.5750802420422,17.588091906128,16.9351911817785,18.0770735429487,18.3024320166395,18.1397407446884,17.7333620550001,17.9708162688377,18.2673107536646,16.5944177699283,17.9821122710245,18.5172576109876,17.9533700038891,18.5683382137516,17.9065724839694,18.0650934894519,17.8571381434258,18.1355644541279,17.6401439937019,17.1739147281103,0.203112283296242,-0.101847633191283,0.508072199783768,17.8878458860433,1.341418442962,-4.80107749667144,0.186509452868099,0.734553882159661,0,0,0.711001282397708,0,-0.0816041045827127,-0.379786591530689,0.216578382365264,17.8878458860433,-0.55118922099786,-5.8201011763449,0.584228056914554,0.870161621650437,0,0,0.957088651173325,0
"O60749","SNX2_HUMAN","SNX2","Sorting nexin-2","=""SNX2""",NA,17.8730139529585,17.6761028190415,17.7616196590056,17.8861282075472,17.9577824994597,18.4132828806837,18.0492202969747,17.7257984405574,17.4157164712891,17.5584849259636,18.4241603798992,18.431779656126,17.9782164085385,17.6566323218097,17.2643165851622,18.1219674145744,18.1085236160256,17.9432241878675,17.6846262908071,18.166898471697,17.9485364928738,17.102308737179,17.6333455760846,17.8175282038604,17.3395412503528,18.9001992316499,17.6792718905337,18.4658317654468,17.8794885735738,17.8067671090742,18.5264757908083,17.9812095914485,17.9165798461544,18.3149064516645,17.6518283172783,17.787560849596,17.2737610628675,17.7157108301738,18.048031650287,17.8094870659025,18.1815291329301,17.8343308705037,18.0248195433279,17.7598063497407,-0.0293218460239721,-0.280453492657232,0.221809800609287,17.8976443561205,-0.235158515194609,-5.54892585629058,0.815151590264903,0.948679518362231,0,0,0.994025087639934,0,0.0384797449379235,-0.207070751687783,0.28403024156363,17.8976443561205,0.315618326414439,-5.91725930925651,0.753750061338998,0.932722678643235,0,0,0.989180941287334,0
"O60763","USO1_HUMAN","USO1","General vesicular transport factor p115","=""USO1""",18.4622904873565,19.2360653291851,19.672156086473,18.9642423311833,19.4268960290615,20.026225436062,19.3325689962986,19.2049923464079,20.0414872562487,19.783693856171,19.6978777025879,20.3687389109958,19.3549142505098,19.6197626305547,19.5194868987919,19.0886875755811,19.3171800195869,19.7407243442956,19.9003481825946,19.4285807629168,19.821270682721,19.5140972297822,20.0868827013872,19.6907926612642,19.7854729932231,19.0891913468525,19.5336045242241,19.4835597110789,19.2564447458111,19.4954072644973,19.3294397688132,19.5892795967822,19.7698302111575,19.6147043361442,18.767916651985,19.3529034966473,19.810953402191,19.523639640621,19.7850828386633,19.6293269579342,19.410510223953,19.725846209986,19.842257002727,19.3109640028673,19.3817788288248,0.0296863413089277,-0.212594772764955,0.271967455382811,19.5286239214,0.246631147882038,-5.56070772977124,0.806290057523059,0.948679518362231,0,0,0.993628566755536,0,-0.0258541051013061,-0.266723144529198,0.215014934326586,19.5286239214,-0.216052521485568,-5.94253857188896,0.829901184048588,0.954713490685368,0,0,0.995191137033145,0
"O60784","TOM1_HUMAN","TOM1","Target of Myb protein 1","=""TOM1""",22.0074034153425,21.1280438784288,21.6824445770543,21.406541591551,21.0119860826708,21.6225319797281,21.1923727452731,20.7836902994174,21.1226007326338,20.6823360514037,21.1023184439313,21.8565287230589,21.3834899301818,20.7862031585593,21.8769884044902,20.7068742616969,20.4978391919914,21.3709224277438,21.1877026168202,21.5419254514682,20.9848318929554,20.672226051368,21.0452249305101,21.2921002588483,21.3793541087296,20.9840138489002,21.161241759899,21.4796949614074,20.7525884013311,21.6504846753942,20.8606145138595,21.1193886902626,21.3138508537074,21.2061030405052,22.0918873366734,20.7162161728844,21.1228061847225,20.8578563333548,21.1622684187937,21.2543429800091,20.7643164831245,20.903171973449,20.6884061144337,20.5957182913018,21.2528810640872,-0.193341954946352,-0.453501485985775,0.0668175760930715,21.1613851845324,-1.49588144245526,-4.62783280507637,0.141508346537427,0.708378884160682,0,0,0.685189253093196,0,-0.0531464258596763,-0.311789682388402,0.205496830669049,21.1613851845324,-0.413603031606592,-5.88324808125871,0.681085141176996,0.914300764132198,0,0,0.979795072188233,0
"O60825","F262_HUMAN","PFKFB2","6-phosphofructo-2-kinase/fructose-2,6-bisphosphatase 2","=""PFKFB2""",NA,19.2365453886695,18.3883192284401,16.1170906996974,19.5065921202092,18.7253789056914,18.0657447813126,18.7555958601926,17.5052852594429,20.1055466494807,17.5981184221352,17.1361433827084,16.1063957096373,19.0992961636196,15.9968226846076,19.1170351697899,18.7031134939182,19.0477207962269,18.194129177672,17.9617683882605,19.0741346243659,19.204134715553,19.1206328198461,18.2088165212429,19.4149830300398,18.5288504981781,NA,NA,18.9977017972227,19.4897653659672,19.1564864304664,17.7221820708581,19.0865378670504,18.884333526723,NA,18.3269908337883,18.9473769771813,19.4097447900183,18.9667451290375,18.7823796709209,18.4893254095618,18.1698468236177,18.6726177815875,18.8652621267374,19.3837469749069,0.769452106407083,0.164714210983516,1.37419000183065,18.5431521479654,2.56767824191851,-2.90901598349477,0.0138835665011805,0.462381727011647,1,0,0.0372171845759217,1,-0.0246298760229564,-0.625811907770753,0.57655215572484,18.5431521479654,-0.0826765653261752,-5.91442701331327,0.934501116739376,0.983221640851135,0,0,0.998332902833585,0
"O60826","CCD22_HUMAN","CCDC22","Coiled-coil domain-containing protein 22","=""CCDC22""",NA,NA,NA,NA,19.0243209275741,18.3940094541731,NA,17.7719629883072,18.9823124911343,NA,NA,18.7709288301798,NA,NA,17.5290872462729,19.3731880045788,19.9832440258845,18.2858375793234,17.0517099076282,NA,NA,18.2380996879282,NA,19.226024791803,17.9906585041065,19.5314116076201,18.4165357425316,NA,17.8421424538944,NA,18.8845030038743,NA,18.8761210608381,NA,NA,19.2725368785749,NA,18.606394163919,19.5502832118234,19.0780045485987,NA,NA,18.3619394549985,19.4667000432304,NA,0.170705439871604,-0.474316618565594,0.815727498308802,18.6878315253666,0.545012737243522,-5.19137329076867,0.59056640180324,0.918551187710371,0,0,0.914017116942552,0,0.459463891676247,-0.12835939307273,1.04728717642522,18.6878315253666,1.60967596516769,-4.58630208724703,0.120004446941588,0.593891809164898,0,0,0.377506493432684,0
"O60841","IF2P_HUMAN","EIF5B","Eukaryotic translation initiation factor 5B","=""EIF5B""",NA,NA,NA,15.3067526059763,NA,NA,16.2924508857077,NA,16.1914288739694,NA,NA,NA,NA,16.0604803083649,NA,16.2531877748508,NA,16.4068316158944,15.560158650107,16.2133010747051,16.5487580890634,NA,16.2688014588595,16.558796274234,15.751310490447,16.1344428888414,NA,15.9934251372818,15.5187750054838,NA,NA,17.0891878530833,16.3694037098996,16.3721518416665,15.7996476239955,16.0512446535525,NA,NA,NA,15.6381053367493,16.7354624198009,15.678318051427,15.6754394372559,NA,NA,0.14422611204296,-0.338017959430661,0.62647018351658,16.102827585884,0.615900925794112,-5.07436917578275,0.543518222864065,0.899122088181203,0,0,0.915821764861807,0,0.0487223959197038,-0.317986786942269,0.415431578781677,16.102827585884,0.273615508258018,-5.74134973928696,0.786624331464789,0.942584418301806,0,0,0.988374510707329,0
"O60884","DNJA2_HUMAN","DNAJA2","DnaJ homolog subfamily A member 2","=""DNAJA2""",22.3972466415876,22.4820338581118,22.8527778233039,22.9497454167936,23.1130952089057,22.5904219592405,22.6039357201968,22.9982950494342,22.551648946103,22.4801451884292,22.9140098047289,22.476032956665,21.711396437382,22.9459221284398,22.9695886125297,22.9794600963617,22.4477216540865,22.2918703431312,22.8595620715668,23.1991818513379,22.5697290628621,22.783597080046,22.1630947343332,22.7669899181765,22.7797701266494,22.9594525718172,22.5854143711327,23.5617300601828,22.5779670022308,22.6332860187522,23.0203273283877,22.9432140036827,22.410109029945,22.8520136850107,23.4283114627813,22.7822088019543,22.4353583125294,22.8840706522639,22.3422387199586,22.7336060953491,22.4832284296375,22.3087182851099,22.6618436972315,22.9628655912338,22.850057639273,0.0768335542404444,-0.16230588767687,0.315972996157759,22.7176287655304,0.646711408354063,-5.40413830679974,0.521029890713935,0.896077533266722,0,0,0.951142417806817,0,-0.00404368188791793,-0.241789359606654,0.233701995830818,22.7176287655304,-0.0342353807804045,-5.96427209798808,0.972837449652095,0.993453998255636,0,0,0.999888650189162,0
"O60936","NOL3_HUMAN","NOL3","Nucleolar protein 3","=""NOL3""",21.8896500157288,21.5273992355688,21.6394256603637,21.3112726946272,21.780896525285,21.8264987709503,21.649380755526,21.4834081064608,21.401135037238,21.0296874574154,21.2629707722421,21.77403261892,21.9179074310256,21.2636456571229,21.6965128385784,21.7845426484573,21.6988035713361,21.3579247877588,21.540184557538,21.6114920638334,21.5146266393188,21.8562830533572,21.9275238856003,21.3018044543864,21.4253019952602,21.3185266049147,21.2569632504677,19.8867323201473,21.3216400300259,21.7096182439296,21.2314539375737,20.4154594602059,21.6351084766466,21.45997015334,20.9765920629742,21.4717689835245,21.901302681677,21.285788397226,21.3558037267315,21.3001797052562,21.4122482478667,20.9816251010158,21.4198166548743,21.3114218186041,21.5071715825544,-0.139188171802175,-0.401330294801923,0.122953951197573,21.4362556149657,-1.06875049324179,-5.09114230453997,0.290753694499876,0.799489091675277,0,0,0.842032897215737,0,-0.123083807750689,-0.38369810120025,0.137530485698873,21.4362556149657,-0.950634348288413,-5.53744588625763,0.346753886815718,0.784019217269866,0,0,0.877776752902974,0
"O75027","ABCB7_HUMAN","ABCB7","ATP-binding cassette sub-family B member 7, mitochondrial","=""ABCB7""",NA,15.5414424477829,NA,16.631308393999,16.4944381749255,NA,NA,NA,15.5630121825166,16.7519329647238,16.2633417012964,NA,NA,NA,17.0425232653856,16.5093313670946,16.0209263848218,15.850275194253,15.8948657376988,NA,15.9232024280157,16.431753474462,14.0092698078138,15.1993185329937,15.8452810997654,16.2172961888095,15.9448775553783,NA,15.9402684744049,16.6215408022693,15.8202463374097,15.8422621763116,16.152764808827,16.480537445413,NA,NA,16.6571088161414,NA,NA,16.5834686951666,NA,16.3076436989317,16.6851000337465,15.7840818839768,16.573890947801,-0.419970384646867,-0.885040290634351,0.0450995213406179,16.1194437007379,-1.84163577587252,-4.07969216822385,0.0751018444989112,0.615621409386435,-1,0,0.337137103623431,0,0.352732965676292,-0.0620457409075191,0.767511672260104,16.1194437007379,1.73433469305691,-4.48406571425369,0.0927808507425721,0.537339073041768,1,0,0.432303271142943,0
"O75083","WDR1_HUMAN","WDR1","WD repeat-containing protein 1","=""WDR1""",22.553906282698,23.8496424260691,23.7597711986403,23.3858947466105,23.7155890466113,24.2651139167822,24.0706475915755,23.9273548088389,23.8187810625779,23.7102172570456,23.8645294757078,24.1828879123199,23.2458255379823,23.1157309829179,23.4532614253461,23.5989286556745,23.7237516816312,24.0007929317443,24.1325536429389,23.6630544000598,23.9569011820672,23.7171971594289,23.6586184187181,23.660361059229,23.6258360881776,23.7164849816683,24.0610533899119,23.1653704618698,22.9594663975121,23.6023165470134,23.8685563306212,23.9463266890897,23.6705014485471,24.0791014164249,23.4190157567031,23.7474939946054,23.5625314859618,23.8163659155596,23.7992869954498,23.7281863331536,23.8091353340289,24.0313316330196,23.8833177619295,22.9967883971011,23.9036127997697,0.0284634009247959,-0.203858677829554,0.260785479679146,23.698297621363,0.246607973901411,-5.56071275909109,0.806307885316116,0.948679518362231,0,0,0.993890862427943,0,0.0679243529546518,-0.16304369489074,0.298892400800044,23.698297621363,0.591949170461953,-5.79806502887788,0.556780449232178,0.858017859794089,0,0,0.961005224459697,0
"O75112","LDB3_HUMAN","LDB3","LIM domain-binding protein 3","=""LDB3""",26.2475840540748,26.4326586680117,26.2376357622038,26.4406119798008,25.913472472655,25.647351178958,26.6813395010186,26.348567963801,26.7029955269735,26.3810279726898,26.34907960865,25.4603971665395,26.4142054087805,26.5493983617557,25.4466416133608,26.1090037426914,26.5601316620971,26.3281699364361,26.3421293520726,25.9960084761872,26.1754009097657,26.1200938051118,26.9992843575284,26.6464019481983,25.7720290271818,26.3173659770612,25.577521143617,26.4676425029155,26.4672555744242,25.7506397016329,26.3290818471649,26.8089571433703,26.3900848790243,26.5208787600094,26.4815603466546,26.7390415434739,25.7712985826905,26.5302045289558,26.6548324948609,25.997965622104,26.5694808746331,26.4544293953461,26.2960951485919,26.4148582486975,24.8647312457661,0.0382191358205297,-0.231214124082398,0.307652395723457,26.2601232448342,0.285522585172877,-5.55160375022738,0.776524430526762,0.948679518362231,0,0,0.990379913917142,0,0.0796281696281547,-0.188234766163668,0.347491105419977,26.2601232448342,0.598363258385473,-5.79444637340349,0.552530040190678,0.856522355536481,0,0,0.953859197042663,0
"O75122","CLAP2_HUMAN","CLASP2","CLIP-associating protein 2","=""CLASP2""",NA,NA,NA,18.7396113603013,19.8655928029519,18.8212247936537,19.642683289756,18.6748793176291,19.2936593727697,NA,NA,NA,18.936602123162,19.3020794294457,18.8198620344714,NA,NA,19.9164947283298,NA,NA,19.7776432676239,NA,19.4154662503464,19.0070194131607,NA,19.504062891606,NA,20.6648659501643,19.389051514344,19.7940677608242,NA,NA,19.6378865112307,NA,NA,NA,19.286820472754,NA,NA,NA,NA,NA,NA,NA,NA,0.579069463097241,0.161214577341216,0.996924348853267,19.3941880676066,2.89037968468081,-2.6079452399558,0.00903346056040112,0.416167334657996,1,0,0.0655084859122156,0,-0.255814308729459,-0.944400367186708,0.432771749727791,19.3941880676066,-0.774847657708226,-5.05536475536265,0.447476022265755,0.826545291371117,0,0,0.814070298715384,0
"O75128","COBL_HUMAN","COBL","Protein cordon-bleu","=""COBL""",18.0852316974165,19.0875745289694,18.6079462345434,19.3501055499712,18.9075522787079,19.0692331402784,NA,19.0278336880154,19.2662072621953,18.3740042341117,17.8975887477735,19.0453328330576,19.539162269778,18.4914248204059,18.5926633655753,19.4410206551958,19.0832888107647,18.9399766059274,20.1159922758552,17.9627653510007,19.2306354444114,19.2813254459704,20.0263128196236,19.5970440231003,NA,19.0698850712216,18.3593805340089,19.3541246353626,19.173322489945,19.2298318718016,19.1174918622855,20.1973001898004,18.0569582764229,19.5064934415939,19.4478315014386,18.4935893090307,18.7295815412717,18.7012734049052,19.2652426354264,18.2582840933194,18.3773136260155,18.2359297542155,18.8919484431956,18.9892313746029,17.388494977437,0.383238173172071,-0.0126054368649048,0.779081783209047,18.9270635143244,1.95113790396603,-3.9730155382834,0.05742002391126,0.592177717107164,1,0,0.334522791748863,0,-0.416692274395736,-0.803863473916211,-0.0295210748752603,18.9270635143244,-2.16897850362414,-3.82275189945498,0.03552526271959,0.37833073328471,-1,0,0.24889724539532,0
"O75131","CPNE3_HUMAN","CPNE3","Copine-3","=""CPNE3""",18.5123369360222,19.4285257477405,19.2514472832652,18.8600572000314,19.2377019529408,19.7043170488225,19.5831595943366,19.6326770857739,19.5357185292309,19.0129312761436,19.2927662875899,20.1762355535054,19.5093277364859,19.6113130078449,19.255412343935,18.8631679710148,19.4938931912582,19.4170300141451,19.142812983786,19.5301147428391,19.4167264788715,19.3786558276701,19.2774262379856,19.2770360951165,19.2310732356426,19.2628009048635,19.6216633962511,19.1896451668463,19.580749518904,19.0614757600053,19.3911792844973,19.3198633437146,19.4361049037256,20.0517750343124,18.9129344567032,19.5081661155291,18.9983265953276,19.576177733488,19.6769026226062,19.4079597708915,19.6703631199117,19.8345268200827,20.1087895155938,19.7276054456462,19.7776368727627,-0.0492832913438015,-0.270661048041597,0.172094465353994,19.4165891276369,-0.448101638362728,-5.49922810580142,0.656181466080891,0.940190493291371,0,0,0.97945015316887,0,0.243602673972873,0.0235151619506237,0.463690185995123,19.4165891276369,2.22790906268004,-3.7199872465799,0.03081307775488,0.361917289076479,1,0,0.428402330156695,0
"O75153","CLU_HUMAN","CLUH","Clustered mitochondria protein homolog","=""CLUH""",NA,17.0883549913751,16.5267544909981,16.7126173655429,17.8459774242503,17.0863721498013,17.366814721413,17.9049580411064,17.4194868844546,17.8108226514987,18.0860775367239,16.8119663302453,17.1467382230231,16.7463410010818,17.3888919053397,NA,NA,17.632062094794,17.5692501296491,17.4031452536742,NA,17.0472297935995,17.1901631831019,17.3153496674389,17.5594421558546,17.5731347210035,17.3326534488827,17.3757431996836,NA,17.619514433384,17.5244755527632,17.0514333300201,17.2666621547016,17.0590223594795,NA,17.9311364019667,17.835714624927,17.3421655706511,17.8567998286492,17.4634594379127,17.9647439016899,17.3779947764896,17.0234715742305,NA,16.2498069947285,0.127414250204836,-0.192343324863307,0.44717182527298,17.3554407448982,0.805957420821054,-5.2299525608976,0.425149496328675,0.872297158372813,0,0,0.896749029345646,0,-0.0312922223173082,-0.354143335861401,0.291558891226785,17.3554407448982,-0.196041968915015,-5.84404462537647,0.845594188344622,0.959935715069946,0,0,0.994765550216912,0
"O75155","CAND2_HUMAN","CAND2","Cullin-associated NEDD8-dissociated protein 2","=""CAND2""",21.1270080937645,23.2856593891502,23.4782412366337,22.4491528344102,23.4199736992414,22.9587131063724,22.8309593872425,23.132067572313,23.4737487133977,23.2085139938953,22.9087357676519,23.1254176734729,21.7347654101727,22.6776018169461,22.8119283726338,22.6118180073506,22.866991796849,23.5051672470657,22.8374579028107,23.1020301185991,23.0048590760291,23.3144155704212,23.1020120630466,23.3129856617464,22.9408943801806,22.9995731980693,22.9713881208055,22.1499038404072,22.6179972831085,23.2319454557798,22.4619716232746,23.7843580645269,23.2481137659295,22.5549480983667,22.6824897852851,23.0581646102329,23.1996388834843,22.8727986173801,23.6069142732569,23.1871573711582,22.8156531400586,23.2047372249086,22.8562545830855,22.4137382807853,23.057991790775,0.123858658836536,-0.177087906697731,0.424805224370803,22.9377079311572,0.828414690201456,-5.28761761959281,0.411709617196957,0.872180373413889,0,0,0.895908711685548,0,0.0290326926825948,-0.270159881350463,0.328225266715653,22.9377079311572,0.19532027039545,-5.946610048598,0.846001666144768,0.959935715069946,0,0,0.995156515807966,0
"O75208","COQ9_HUMAN","COQ9","Ubiquinone biosynthesis protein COQ9, mitochondrial","=""COQ9""",24.9639242174075,24.4852035331382,24.8056519471878,25.1207469090809,25.051132406857,24.7437684724997,24.6251830267495,24.5464069816433,24.7086094930963,24.3283820981202,24.8805550021843,24.1898296658038,25.2482282329754,25.003668387999,24.9928118048724,24.7087241019753,24.8164062593274,24.861268355456,24.783836143568,24.5227850042307,24.899955085618,24.7698463716842,24.6211294553128,24.8239025743201,25.0175890844872,24.7916437827115,24.6400078275627,25.4087279376407,24.5592170406781,24.8170445340486,24.3301975293731,24.2063728198748,24.7694046834098,24.6821736151371,24.9598818575769,24.6149644794479,24.4416526787817,24.8268604877843,24.1116377602368,24.9584123769835,24.4076855647528,24.3690066428117,24.8670662476479,24.2506156831203,24.963648568963,0.0230942050223817,-0.171391849066815,0.217580259111578,24.7221281496475,0.239015112731782,-5.56233522546582,0.812154633237626,0.948679518362231,0,0,0.995206441223854,0,-0.218833504181319,-0.41218604513216,-0.025480963230478,24.7221281496475,-2.27811026504149,-3.62331666953444,0.0274079564586844,0.344080314270748,-1,0,0.45515055286629,0
"O75223","GGCT_HUMAN","GGCT","Gamma-glutamylcyclotransferase","=""GGCT""",20.7104210437938,20.0208031818194,21.4445738309461,20.6853680967809,20.9642437395762,21.621713492748,21.1039024015282,20.5315535719313,20.9449626930962,21.3691806654675,20.0863649932198,21.7907695399225,21.6275299227095,21.0597103840675,21.2834752644834,21.0848458901034,20.9298358549471,20.7898624827578,20.8227196021961,21.0192008235036,20.9572601558566,20.7747522528639,20.964966965201,20.8091748904065,21.093786824706,20.5915247099506,20.7084177801168,20.8428123526396,20.2397216015774,20.935474947924,20.6690958362087,19.3501450699776,20.8631184617689,20.5699408889776,20.9319260358961,20.6751729491119,21.4257924262439,20.2213864882318,20.9344582049872,21.2188872703414,20.7126748991504,20.5144113218808,21.0883281835615,20.7196167679259,20.8102588160981,-0.18450378281522,-0.470886800497736,0.101879234867296,20.8558698572712,-1.29678752410231,-4.86147494630245,0.201165931517572,0.735164347255353,0,0,0.74388047256263,0,-0.123942900959214,-0.408656807122834,0.160771005204405,20.8558698572712,-0.87624143736933,-5.60115693842443,0.3854477513779,0.801609022432753,0,0,0.888553056260398,0
"O75251","NDUS7_HUMAN","NDUFS7","NADH dehydrogenase [ubiquinone] iron-sulfur protein 7, mitochondrial","=""NDUFS7""",21.9142294282413,23.2347074013068,23.0706240086959,20.6517126080646,21.9550478117609,22.5455847584256,23.3087558329289,23.4469384185377,23.6157068130016,23.3985823774982,23.3714759068185,22.3381027781907,22.1753913373892,22.9663584826383,23.5284911181768,23.36611371203,22.8059701381225,23.1016118993508,22.4508642814973,22.3629073955603,23.645683916675,22.7736971562782,23.9552071819328,23.8740639126648,23.0551098166971,23.5671642177314,22.2506781120175,21.4683442317466,23.2461965310338,22.9683770982237,23.0506976952857,22.3357995267165,23.3161471306905,22.6444052787882,20.2348738862144,23.9728319157903,22.8517931637722,23.2361222160881,22.9712141399677,23.4181501286574,23.3687324509438,22.847980459387,22.2059942230051,22.0729465469331,22.8056019270166,0.232930873461125,-0.255377267564439,0.72123901448669,22.8388219860554,0.960160643130529,-5.1858080736629,0.341989865874516,0.829196193509929,0,0,0.778856226609412,0,-0.237246594153671,-0.722708753774499,0.248215565467157,22.8388219860554,-0.983683559312687,-5.50754546023059,0.330412373736277,0.770979386545144,0,0,0.768949370806715,0
"O75298","RTN2_HUMAN","RTN2","Reticulon-2","=""RTN2""",23.3393208363227,25.5746002762193,25.2463598308818,24.3472395099681,25.6216385279806,25.8158160819509,25.5909087769901,25.7457437275017,26.1240763709995,25.8270545489905,25.4692752838095,25.3908817276745,24.2158907321095,26.1075046259312,25.2789209043187,25.7462585526978,25.1588524010172,25.9575088831966,25.786436230691,25.3712367477658,25.0962288747527,25.5420218892067,25.2424044066493,25.5865995648363,25.6217688598282,25.4823681509752,25.7938741567287,23.7751440316812,25.6822359797679,25.412058322971,25.591809156213,25.690596217132,25.3929397254846,25.8184877631311,23.8768768402257,25.7091522485155,25.4620229190237,25.6491905121618,25.9220082252427,25.6702671207906,25.5391825759854,25.9450472001009,25.717472154356,25.8282176089773,25.5607777541357,0.107239135755215,-0.296906230571683,0.511384502082113,25.4294283741309,0.534104837457106,-5.46222659420338,0.595838665917034,0.922697348520922,0,0,0.945986621010247,0,0.141270064580691,-0.260519841943794,0.543059971105177,25.4294283741309,0.707720753329913,-5.72686579493614,0.482686084757171,0.834663611429138,0,0,0.9022176166952,0
"O75306","NDUS2_HUMAN","NDUFS2","NADH dehydrogenase [ubiquinone] iron-sulfur protein 2, mitochondrial","=""NDUFS2""",24.2216605398533,23.6981053560862,23.3620862151697,23.097704296811,23.0100597182905,22.9852090588071,23.3991241551056,23.6734401800283,23.2606178011955,23.9897892098717,23.6749893504596,22.5987899066014,23.5353687819759,23.3822695889476,24.1915412295852,23.9204013708963,23.3521123806481,23.1378710521539,23.1624702832773,23.4909992313134,23.3439290802743,23.2313734977338,23.8304365631964,23.4906877219361,23.2660185111003,24.0033702843471,22.816811160135,23.1554821458889,23.4989196275342,23.4656857270173,23.528903562629,23.2830381282638,23.4423470000689,22.9652507492021,23.2778124658202,24.0801998291018,23.2509373999028,23.8551931079212,23.3884311706193,23.5526632974713,23.8547768883802,23.27194891562,23.3892895046315,22.9791753635521,23.3845336289375,-0.0580033614675273,-0.300723948690307,0.184717225755253,23.4389294452969,-0.481013603450051,-5.48582476153829,0.63278495303409,0.934833173270874,0,0,0.973805421893372,0,0.0225288249779396,-0.218777126239936,0.263834776195815,23.4389294452969,0.187923597694396,-5.94796348719289,0.851762351140382,0.960892501602455,0,0,0.99639182651949,0
"O75323","NIPS2_HUMAN","NIPSNAP2","Protein NipSnap homolog 2","=""NIPSNAP2""",25.412499223446,24.1260841784344,24.4033230268024,24.5042761175939,24.6241364295663,24.5918331690958,24.1245734138672,24.1631537391205,24.2730558175985,24.427273231653,24.5634734118907,25.0530196363743,25.4569381004406,24.4717671330861,24.5581310386255,24.5204679873369,24.9642927998051,24.5085413875442,24.5176062878838,24.5645830108473,24.1675754663609,24.735660123222,24.9209093927311,24.3501053287605,24.5978195021145,24.1386299390591,24.4607557341724,25.8892075071551,25.1665353523179,24.8093080849741,24.2985088590391,24.1512412414403,24.447940744553,24.7017276547492,24.7107690014516,24.2574786912033,24.6335399080536,24.2511186640655,24.4937645698794,24.5078215900481,24.556117299547,24.6170196864963,24.9564210931552,24.6865028049639,24.7776017267057,0.0964592699911506,-0.151390599494439,0.34430913947674,24.6025135357163,0.783368467646738,-5.31910514600044,0.437422080140821,0.873144117382484,0,0,0.923339774170487,0,-0.150961624595585,-0.397366963342365,0.0954437141511956,24.6025135357163,-1.23318222894981,-5.25064156719869,0.223767005005039,0.709998759994718,0,0,0.797708381613794,0
"O75340","PDCD6_HUMAN","PDCD6","Programmed cell death protein 6","=""PDCD6""",17.4694684169007,NA,17.3915196099715,18.2763719688466,17.3192217649408,17.567444298108,17.3694327479254,17.4488147613346,NA,NA,17.0828107525363,17.3175374680173,17.3253468073646,NA,17.5129350514856,NA,17.597170214318,NA,18.068022454011,NA,17.7755954441329,18.0375278744479,17.3288125089118,16.6121368382101,17.4086733628501,16.8970206332888,18.1868327238421,NA,17.6432553283473,17.4014096235382,18.2004770628437,16.854264758189,17.4096267746761,18.017217171461,17.7578481112665,NA,17.6516142666297,17.3689059768483,17.2143420220591,17.3510381427666,NA,17.1725144610889,17.6781489936847,17.3482706780255,17.9590236400356,0.112441866316484,-0.193249272006136,0.418133004639104,17.5148757917973,0.745960988624853,-5.22884526721895,0.460529017021695,0.893916151041062,0,0,0.916507426768373,0,-0.0220046615190626,-0.314474446271514,0.270465123233389,17.5148757917973,-0.152582457930826,-5.85157357762315,0.879578585030905,0.973832668502963,0,0,0.997180512041804,0
"O75347","TBCA_HUMAN","TBCA","Tubulin-specific chaperone A","=""TBCA""",19.6609429279381,18.906971618877,19.7876590885286,19.6083899742208,19.1838326104197,20.6024198831232,19.3277241312012,19.3416905871232,19.5003019021821,19.1451552505595,19.6205677772829,20.7074701162169,20.3254600935021,19.7290879625499,19.8105758596797,19.2272772424456,19.3475053704931,19.3433449117357,19.7203189782137,19.7990555569849,19.7187565996601,18.7549363484406,19.7469826414664,19.6605827877571,19.8880578071123,19.505888168746,19.9223632404563,19.0552083235787,19.6645981341183,19.7029356962004,19.7390667437845,19.5250987831049,19.3617803674393,20.1125702954394,19.1174625680479,19.5998597157961,19.6402030040693,19.8878881239019,19.7138265386613,19.1701245730345,19.6507759613721,20.3984770527166,19.8295659447498,19.8068304325446,19.9472953794841,-0.142252818561516,-0.412250803480338,0.127745166357305,19.6403752683324,-1.06050120714872,-5.09867096799015,0.29444838055156,0.799489091675277,0,0,0.840359391280689,0,0.162867578449127,-0.105556791000615,0.431291947898869,19.6403752683324,1.22130323534918,-5.26410448049127,0.228188386608845,0.711997773342545,0,0,0.786116338038437,0
"O75348","VATG1_HUMAN","ATP6V1G1","V-type proton ATPase subunit G 1","=""ATP6V1G1""",NA,NA,17.9899507867229,16.376007365703,17.4687816229214,17.7591471125295,NA,NA,17.2379556498711,NA,NA,17.7395903920159,17.053013611211,NA,16.625554161343,NA,17.5458314955529,17.6539039426232,17.1851018144231,NA,17.7714504210786,17.4786160866755,17.8411208009933,17.3783616298237,17.62426184809,17.026797192878,17.1534655055255,NA,17.4141705651171,16.9038490063667,NA,16.9745152237799,17.3993557744794,17.2140606416846,17.8622985486341,NA,NA,17.5186587323451,NA,NA,NA,18.1431882934454,17.5284321543758,NA,17.5444655121088,0.140886725140497,-0.201937028986698,0.483710479267693,17.4075680675828,0.840455269001145,-5.11565320343062,0.407519838778008,0.869020715339718,0,0,0.881201311641531,0,0.116462686951536,-0.224283715764593,0.457209089667665,17.4075680675828,0.698989999609848,-5.53674833128434,0.490118954514346,0.834663611429138,0,0,0.920304785583191,0
"O75351","VPS4B_HUMAN","VPS4B","Vacuolar protein sorting-associated protein 4B","=""VPS4B""",17.3594155186276,18.3665745987383,17.5006012137539,18.272127757295,18.7562424592033,18.6395906564385,18.2942069244824,18.4199285765979,18.2451322577911,18.5729677001286,18.3682966777456,18.6831649715757,18.7351985809928,18.1998685803003,18.1601423875777,18.5497966037114,18.7024586156653,18.4186177051202,18.2477933113356,18.6240613175365,18.3595065759346,18.6389205050096,18.7169431275491,18.3128522319469,18.4613483172058,18.5168486630806,18.6929139034636,17.6936004634805,18.6824872333064,18.2564399410821,18.6112009050357,18.5483170425367,18.4986960553497,18.6224003955839,17.8988744802656,19.0511539311214,18.5995834526674,18.5119769490543,18.9464501121132,18.5814759846786,18.1746380400291,18.1110417977409,18.6789239607019,18.8640354329084,18.4695334433613,0.150750601235682,-0.0898311936756293,0.391332396146993,18.4359188746628,1.26126720100145,-4.8999525654896,0.213566011603362,0.752472233109963,0,0,0.79236734035804,0,0.0862475645146716,-0.152932059805755,0.325427188835098,18.4359188746628,0.725827587038547,-5.7146078589418,0.471618132262741,0.834663611429138,0,0,0.937233870476076,0
"O75352","MPU1_HUMAN","MPDU1","Mannose-P-dolichol utilization defect 1 protein","=""MPDU1""",NA,NA,NA,NA,NA,NA,NA,NA,15.013817354239,NA,NA,NA,NA,15.5447038293154,15.6719337164685,NA,NA,15.404365181488,16.9633730398605,NA,16.2710746763971,16.4890279912601,15.8045448807825,16.3149766490818,15.9868328782713,NA,15.667124835352,NA,15.8254400395525,16.080373301284,NA,NA,15.5159861144562,17.5857342270944,16.2111094691393,NA,NA,15.4548157747868,NA,14.9060516549319,NA,16.5415442311152,15.7155179157764,NA,15.6903421074812,0.652592665420247,-0.0591920623285563,1.36437739316905,15.9361280889588,1.90120452745544,-4.01112731458936,0.0704293836461345,0.612150491830663,1,0,0.177032351621278,0,-0.120422419357583,-0.62668734021439,0.385842501499225,15.9361280889588,-0.493247427555868,-5.61433439839055,0.626716464031254,0.887887328056227,0,0,0.94528509775159,0
"O75368","SH3L1_HUMAN","SH3BGRL","SH3 domain-binding glutamic acid-rich-like protein","=""SH3BGRL""",NA,NA,19.1344961103197,NA,16.974595350962,NA,18.2951413943768,18.1479563132048,NA,NA,16.3668409765593,NA,NA,16.7232665482498,16.9875531975239,NA,NA,NA,17.6286071037779,NA,18.9744103299495,19.019218200019,16.9181855392167,16.7362617029781,NA,15.780356218099,19.0475008801189,NA,NA,17.1013609188802,17.4748157406712,NA,17.2074204897913,17.7668314966875,17.6275842430002,NA,17.6045428019015,NA,NA,NA,18.0734997312184,19.2634346211848,17.7941190595998,NA,17.6353002794173,0.0295894354587851,-0.834726489272967,0.893905360190538,17.6784708019878,0.0705014456550942,-5.30712185615329,0.944354581480452,0.983220575615884,0,0,0.998307333441658,0,0.191003849738376,-0.616578029400113,0.998585728876865,17.6784708019878,0.487067793019405,-5.59944216660724,0.630446786512048,0.890511953844643,0,0,0.915655439838706,0
"O75369","FLNB_HUMAN","FLNB","Filamin-B","=""FLNB""",26.01657719756,25.2625431977521,25.0766127366568,26.6840120437949,25.3617875516667,25.8530915193808,25.6316554459796,25.606731652446,25.2253531455122,25.1648967236967,25.4722388458018,26.0541723288377,25.590622042007,25.4891621115274,25.488687332414,25.3092690960335,26.0609947002556,25.3802410862738,25.6987893302852,25.5916810534654,24.7866696891004,24.7575801989271,25.4716554103556,25.3889504387742,24.8131062888225,25.5339185744168,25.0573849494059,26.1181007805667,25.5363955268608,25.5601709478333,25.4533721420008,25.2731053038546,25.2232825175951,25.9265730052596,25.787475687032,25.2123602607387,25.5748816720833,25.0373738735442,24.8272056508841,24.9875908543764,25.3539199980347,25.4106920150823,25.5754928709823,25.7027595465653,25.6172002984343,-0.188769253123205,-0.446501899168409,0.0689633929219998,25.4668075031751,-1.47425508674954,-4.6546672210823,0.147218257256702,0.712175410110782,0,0,0.696525059942899,0,-0.00677482499394699,-0.263005341018346,0.249455691030452,25.4668075031751,-0.0532203884136723,-5.96347872974718,0.957786567451094,0.988531620486793,0,0,0.999707842346579,0
"O75380","NDUS6_HUMAN","NDUFS6","NADH dehydrogenase [ubiquinone] iron-sulfur protein 6, mitochondrial","=""NDUFS6""",24.3945868129835,23.7758226951523,23.4812736153188,23.9604849662057,22.430140573681,22.7223274370133,23.0849661235354,23.9310157537539,23.6612007485685,24.0739322532027,23.9650268761715,22.7097554620987,24.4859867136581,23.540978152234,23.9945350640372,23.5528653556919,24.8041146945605,22.8982153019521,22.8980049935671,23.6786681114653,23.2330669564756,22.8734850805969,22.9499347099392,23.8558840333665,23.6392375211355,24.4994404368143,23.1124679796296,24.5595506039026,23.3945819214368,23.4607445181954,23.1300746489165,23.0041732909499,23.7249185384992,21.9839858324432,23.5910368753354,23.7564827703462,23.7012691129789,23.9599892398331,23.5039841759647,23.9131481053758,23.950683562361,22.9873760370942,23.1678972323882,23.7808825933506,23.277742751503,-0.0557973517430526,-0.451332267926148,0.339737564440042,23.5345764496374,-0.283948493995287,-5.55199796750755,0.77772293668689,0.948679518362231,0,0,0.986071300650084,0,-0.131774496759281,-0.525004136986876,0.261455143468314,23.5345764496374,-0.674521706901662,-5.74855429308787,0.503352765930701,0.834663611429138,0,0,0.913512287539224,0
"O75390","CISY_HUMAN","CS","Citrate synthase, mitochondrial","=""CS""",25.8898307394539,26.2461028008442,26.4640054391077,26.2844953171465,26.4031910211901,26.0200974894787,26.2528665367442,26.1232574087985,26.3615705775917,26.0937435897385,26.5044398875501,26.3182329413254,26.200543485975,26.0381677615576,26.6337979483012,26.6951651539434,26.6647648063875,26.4743655658812,26.4363669955437,26.3014332573705,26.2991705322512,26.4291838324712,26.1271703973631,26.2667227112757,26.4826520868387,26.4652390228484,26.1625185661441,27.2516835171212,26.3628676511383,26.6737426883141,26.283796234665,25.9737620929381,26.5184136190865,25.9363308930844,26.4612453654615,26.1857529025197,26.2260832735732,26.2302257185625,26.496364128621,26.2270162085823,26.5369324874373,26.4215479254874,26.643881406292,26.4475712892629,26.5682201743896,0.218938419203031,0.0470464001219836,0.390830438284078,26.3574340766591,2.5637582743903,-2.90569494134442,0.0136842530556942,0.462381727011647,1,0,0.390793375480423,0,-0.129060204328585,-0.299950393931836,0.0418299852746661,26.3574340766591,-1.52014853976072,-4.88912838477475,0.135311994160729,0.626842806368387,0,0,0.772485052585196,0
"O75396","SC22B_HUMAN","SEC22B","Vesicle-trafficking protein SEC22b","=""SEC22B""",NA,20.5421317713031,20.2041114384139,20.6222620695919,20.6210402449855,20.4062273181837,20.6832977911257,20.3563432029505,20.3275784900487,19.7688735872495,20.1373549284291,20.5445994393632,18.998425008991,20.576044006992,19.8440284933386,20.172594699696,19.3345606589123,20.6093032986328,20.7012697851945,20.0077301712499,20.7956341580387,20.179056624864,20.237862241031,20.3117419418843,20.1312074470761,20.1693122110854,21.0532419204796,19.1547383872662,20.219032128574,19.8147690900718,20.8884395872388,21.7930750277269,20.257223748078,20.6536830647269,21.1325692053889,20.5846036255498,19.9734577272644,20.392688743037,19.871468481304,20.5990969294983,20.5879681804106,21.18301403393,20.5867132240825,20.3515266515144,19.4357443500313,-0.0579011922725208,-0.401435876002274,0.285633491457232,20.3367192076092,-0.339459338682926,-5.52268226284912,0.735841517015808,0.947417763940137,0,0,0.982396149131772,0,0.359947854381698,0.0240478858636564,0.695847822899739,20.3367192076092,2.1582436448807,-3.85263720434198,0.0362767921758806,0.380204832915169,1,0,0.303068992170631,0
"O75431","MTX2_HUMAN","MTX2","Metaxin-2","=""MTX2""",22.1360909089962,20.0129558596488,19.7905147924743,21.3971177140887,20.0085700277372,20.0857495470036,20.4334904321223,20.0203894089533,20.3752013929522,21.2387785638629,21.6319202949691,18.2341861205092,21.5908378129652,NA,22.3823005059536,20.8117022419845,20.4236527012216,19.8841254254802,19.7905661642937,20.8784353577724,20.2297674356114,20.436336729192,19.4090761305415,20.2810675227691,21.4538710160714,21.7845749549397,20.5075807387746,22.1396811527823,19.8422952002723,19.7402901234884,19.5118339828888,NA,20.1555475820036,19.9078704948979,21.4135156296822,20.6372105728849,20.2054735782812,21.592801712363,20.1799725316303,21.0763026961114,19.48908624034,NA,19.975666090244,20.334563458471,NA,-0.152402674283177,-0.757136249352654,0.452330900786299,20.52270660603,-0.508574637972919,-5.45987106618102,0.613709033712797,0.931559875931908,0,0,0.928292668332148,0,-0.163760882823755,-0.789344844130745,0.461823078483235,20.52270660603,-0.52826368605388,-5.78013984131434,0.600093984623956,0.875675606793572,0,0,0.919773711043505,0
"O75436","VP26A_HUMAN","VPS26A","Vacuolar protein sorting-associated protein 26A","=""VPS26A""",19.160820982086,20.0777956350999,20.9008300526023,18.9056714867392,19.959611007198,19.6135787789422,20.2075636133659,20.3748419453875,20.4068048096149,20.6627290842766,19.7562398694705,20.2690239907765,19.5744004608627,20.0876412494061,18.8763721691612,20.3962915712117,20.2906620176294,20.0984648358891,20.2160598122141,20.3102394192762,20.2828428305247,20.4026461320122,19.848685178754,19.9488246476395,20.2958589741278,20.4223191025232,20.5924642657384,19.2603115729623,20.2909401185898,20.2727372590917,20.3411785187398,20.1583581885467,20.1131148648708,20.6945454566174,20.1321149050482,19.5173942138765,20.5520252878276,20.2764241006834,20.4792522185738,20.2165397441909,20.4187668279773,20.743680019259,20.336223474809,20.4466893254731,20.4209534378333,0.272018861894445,-0.0250502724170015,0.569087996205891,20.1469007435,1.84311442674286,-4.15037713480272,0.0717553935475827,0.612150491830663,1,0,0.488394604020823,0,0.127860856409519,-0.167476885035128,0.423198597854167,20.1469007435,0.871423905435823,-5.60511032936483,0.388044229377873,0.801609022432753,0,0,0.886000571264484,0
"O75438","NDUB1_HUMAN","NDUFB1","NADH dehydrogenase [ubiquinone] 1 beta subcomplex subunit 1","=""NDUFB1""",23.3825501793935,22.7902220492674,22.2988098608283,21.9042355594259,21.677110972145,21.8573829346904,22.4604306356729,22.7900011964609,22.4682304339145,22.819730690389,22.4587320345327,22.4083857489401,22.8989546555933,21.409194593804,22.6865076693151,22.3952891608862,23.0859339607303,22.3835187489615,22.0393103510233,22.0897647918594,22.5863791609522,21.9862451399833,23.029290709729,22.4142671120958,22.4445190032069,23.0341902068991,21.5275267226543,23.011155351869,22.2311063668136,22.667204381092,22.3596561748899,22.9016413456238,22.7031739942005,22.0307210198779,20.7392120512574,22.6856208091063,22.4813841337348,22.4416175555933,22.5209629963343,22.6337269348165,23.0703661196533,22.3301402539493,22.4700406129873,22.161759394105,22.6343704515037,0.0458574362111861,-0.272318898180824,0.364033770603196,22.4311238717947,0.290103324952529,-5.55044419581898,0.773039810138197,0.948679518362231,0,0,0.988264565557578,0,-0.0507538214081862,-0.367075744916926,0.265568102100554,22.4311238717947,-0.322961136165495,-5.91505009373879,0.74818690029198,0.932548715587236,0,0,0.985384056502099,0
"O75439","MPPB_HUMAN","PMPCB","Mitochondrial-processing peptidase subunit beta","=""PMPCB""",NA,17.2736847984356,NA,16.8308843737768,NA,NA,17.3590705293764,17.4964929772115,17.7804789577717,NA,18.7718148889308,NA,19.9115255715215,NA,17.0739378284918,17.704959641483,NA,17.295742011133,17.651907783997,19.550210516651,17.4417860282443,NA,17.5351971186406,18.3865311472817,18.0952603408194,18.8889576129771,NA,18.9320897705363,17.5439071842002,18.1012395805121,17.2837385364485,17.2918900722328,17.1408074219678,NA,NA,NA,17.4902786740284,17.1271833416044,17.4588167634701,NA,17.4860925709073,17.4892471106051,17.9683539553466,18.3545064023529,NA,0.271898674770892,-0.293446045992935,0.837243395534719,17.8238864503652,0.980837506646514,-5.01456749459592,0.334256191379906,0.826372714395847,0,0,0.74233140811207,0,-0.594265976213219,-1.12160158561115,-0.0669303668152895,17.8238864503652,-2.2982490116795,-3.53725380716619,0.0284447305624254,0.345223569512202,-1,0,0.120577391655738,0
"O75489","NDUS3_HUMAN","NDUFS3","NADH dehydrogenase [ubiquinone] iron-sulfur protein 3, mitochondrial","=""NDUFS3""",24.4512163807954,24.055425990859,23.8117062737061,22.9217924819029,23.3202824580826,22.9880312040333,23.614088880783,24.2576115977663,23.8615813393335,24.3031370712989,23.8940845220627,22.9117316212436,24.393505753183,23.7647304296829,23.9664474538686,24.2146965802807,24.2710400670676,23.5000955178679,23.3008886739682,23.7177461627766,24.0897286945964,23.8266365184059,24.1627580294794,23.9603068903428,23.7083115852526,24.5389759896762,23.3788874743467,24.0614199833876,23.5663114039352,23.9692008819075,23.8957843200376,23.2761913949251,24.0668747046092,23.5319102148954,23.1655351522103,24.4724267202587,23.8112667621603,24.2353277122621,24.0779064787107,23.8721385326968,24.2994271033828,23.5857501799895,23.4871837114137,23.7773602879413,23.9227241146728,0.115645126122097,-0.162126905133251,0.393417157377444,23.8280041178235,0.838010826342152,-5.28068995873234,0.406354113194903,0.869020715339718,0,0,0.90109738652027,0,-0.0526131375416483,-0.328766244250606,0.223539969167309,23.8280041178235,-0.383490913297995,-5.89467559432457,0.703120969093836,0.917583106435218,0,0,0.981638924574827,0
"O75521","ECI2_HUMAN","ECI2","Enoyl-CoA delta isomerase 2, mitochondrial","=""ECI2""",21.8365134294371,21.6774835135058,21.4575771252532,21.673037192415,22.0795851009963,21.6836349825009,21.3832256008087,21.7147067047091,21.5823828296177,21.1320356229919,21.7060136648996,21.7249695143834,22.5112981948802,21.179052659357,22.3762178084389,22.3908625384154,21.9868259629186,21.4392438183342,22.2045006317571,22.0656095156111,21.8206928502575,22.1704774541419,22.0320739726567,21.5841511879635,21.7439104497352,21.6810656997802,20.9157774339935,22.785547705246,21.7835019093875,22.245846309206,21.49461070471,20.5474685291989,21.5826015438588,21.6914709199964,21.121888341838,21.7181058223911,22.0283513575594,21.7901082038889,21.3566607880935,21.645920012076,21.8053034896706,21.0638798170572,22.2996842385252,21.8266253644413,22.042803394785,0.197360854419671,-0.07467077257788,0.469392481417222,21.746295642482,1.46033477627523,-4.6717543684518,0.15098880569755,0.720861261794311,0,0,0.688582267243285,0,-0.32230699408759,-0.592753153043774,-0.0518608351314062,21.746295642482,-2.39883138391266,-3.38401230143201,0.0205540532417558,0.342026657891323,-1,0,0.285913760167536,0
"O75531","BAF_HUMAN","BANF1","Barrier-to-autointegration factor","=""BANF1""",23.1087891642135,22.9037066724604,21.7107978532857,22.3601595457668,23.0190395411802,22.5683458395344,22.3125429785965,22.6421266947723,22.8415878728132,22.7801630218983,22.3528187230978,21.9204287644168,22.7090158100979,22.1811127851314,21.965289657033,22.396460656846,21.8919123137753,22.0311226731479,22.2182781052161,21.3606432745909,22.5204815380139,22.8316770657771,23.1823580451653,22.2616889761919,21.9274257852417,21.4315491725077,20.8493999221982,22.3656911035336,22.2203196499254,22.1889915518303,22.282102305215,22.0473727118473,22.2949688859065,22.0493349839807,22.7201066486641,23.0697598617628,22.0120064825757,23.1980509883686,22.866569887842,22.3631317303788,22.1137029982694,22.3789990126954,22.8110139802185,22.2842815245927,21.5751030627425,-0.385661287589091,-0.704102968749296,-0.0672196064288859,22.3360095516293,-2.43773755948231,-3.14572663010398,0.0186994083719277,0.473767971577395,-1,0,0.215531578547957,0,0.292567015406608,-0.0240187083633079,0.609152739176523,22.3360095516293,1.8601366278975,-4.37439777985647,0.0692611630760675,0.493941452463534,1,0,0.457894635623433,0
"O75534","CSDE1_HUMAN","CSDE1","Cold shock domain-containing protein E1","=""CSDE1""",21.1231592209583,21.284782850934,21.4664613055038,20.0555970432066,20.6508609846949,20.7904830536192,21.5590277803196,21.479724348407,21.4376814094248,20.5739625470142,21.3585037120941,21.0625188154567,20.1944106120809,21.1259403396596,20.9535092740879,20.6045757396336,19.9972136360398,21.576265895862,21.1793261078701,20.4444909757927,20.8105622175538,20.6450435120368,21.1635511799533,21.4648794282353,21.1338045373605,21.4495633637663,21.29866457,20.5024315015535,21.2169338119494,20.7297204804137,21.5886460006824,22.2353817594784,21.3745477800882,21.3499006321613,20.7130202121345,21.169416300439,20.9165503341872,21.2482702796834,21.6795474536652,21.3932109584999,21.131198976872,21.8962623584469,21.7657025416004,21.1458176025758,21.0437706134128,-0.0447436272842303,-0.343122931781721,0.25363567721326,21.1107754235424,-0.301837573785765,-5.54738999565545,0.764135124641742,0.948679518362231,0,0,0.988035637199534,0,0.428947789727125,0.13230751409443,0.72558806535982,21.1107754235424,2.91061744693933,-2.27015193511515,0.00554174375537051,0.233615286754175,1,0,0.107681755684463,0
"O75569","PRKRA_HUMAN","PRKRA","Interferon-inducible double-stranded RNA-dependent protein kinase activator A","=""PRKRA""",15.3868376397761,NA,NA,15.2938151651997,NA,NA,NA,15.4105334920655,15.588356259339,NA,14.4602767901398,NA,15.2576130393616,NA,13.9087620670631,14.8819602234047,NA,15.4356834079797,14.0596414017874,NA,NA,15.1404669677628,15.6370531283011,15.8066501704353,NA,15.0958328076092,NA,16.0061625617159,14.4289551912388,13.5344949932297,15.6473503791984,16.1484572609176,14.6930167702326,14.7566383921954,15.7799163968271,15.5440276916345,NA,14.7253075980089,NA,NA,14.8066229622452,NA,13.7875553866432,NA,NA,-0.045910143892856,-0.683377163340532,0.59155687555482,15.046999544012,-0.147761603744987,-5.33580185038856,0.883627198753856,0.962924583781994,0,0,0.994336096521936,0,0.0168537662320443,-0.574279900320937,0.607987432785026,15.046999544012,0.0584954295392556,-5.75556710314945,0.953784143812292,0.987878263296057,0,0,0.999202833123702,0
"O75608","LYPA1_HUMAN","LYPLA1","Acyl-protein thioesterase 1","=""LYPLA1""",22.0318278239574,21.7240695247874,20.7806092010683,22.3735545717767,22.1628452166962,22.5360687866234,21.8078665863091,21.3186714283254,21.3822990340106,22.010846254598,21.5504830203428,21.8655119828989,22.2347495913321,21.5966830940429,22.2882287499612,22.0211026381424,22.1561803643969,21.5959952152991,22.102524723569,22.2561511331207,21.4020135478521,21.922363393172,21.8663216296321,21.9842497888587,22.1748639735861,21.6294129955833,21.6880182547469,21.62269016527,21.5864837148411,22.0366998977832,21.4968157413074,21.7621167162321,21.6845951385386,22.1829072495202,22.1833255620733,21.9913703956559,22.0624748238307,21.9866252478303,21.577585238317,21.8700199759523,21.2802038243962,21.4889383706258,21.727483555142,21.607466427418,21.9303091968618,0.021425455823195,-0.212115353004787,0.254966264651177,21.8342583059175,0.184662240358772,-5.57247134794884,0.854304982280285,0.95848719206779,0,0,0.996631882050606,0,-0.0808555981434473,-0.313035273000212,0.151324076713318,21.8342583059175,-0.700965600127519,-5.73136140137211,0.486852276282255,0.834663611429138,0,0,0.943461785647929,0
"O75663","TIPRL_HUMAN","TIPRL","TIP41-like protein","=""TIPRL""",21.1152866212815,19.081134911737,19.3657630540301,20.7798517744638,18.8872386430284,19.3550242747039,18.6603952489712,18.6932979404149,18.5049328924759,18.1281390749119,20.1825376783317,18.1961630666878,19.7642673405959,19.7560732016998,19.9239687996126,19.0772483086006,NA,18.2757302575459,18.7281450661875,20.5720201493328,18.5474269689896,18.4397900123331,17.7984568329074,19.6911800523657,19.7893008834152,19.914848511226,19.6097654320723,20.4889382673107,18.4219978536599,18.545259253511,18.8479911903377,18.4083453434847,18.8237606753178,19.812467739676,20.2365667702133,18.6488234783863,19.0884108428118,19.3319398964005,17.950388536508,20.0851247094512,18.3453254347514,18.046555457919,17.8757706715284,18.6596958540856,19.8497002856496,-0.236718426202739,-0.817810382279948,0.34437352987447,19.1432965740665,-0.820461196354979,-5.28027265733935,0.416274406702239,0.872297158372813,0,0,0.812643683608327,0,-0.19210105416672,-0.769798917156427,0.385596808822987,19.1432965740665,-0.669730121266812,-5.73646247182877,0.50644891442841,0.834663611429138,0,0,0.877487595546655,0
"O75688","PPM1B_HUMAN","PPM1B","Protein phosphatase 1B","=""PPM1B""",NA,NA,NA,20.1230578067154,NA,20.1873023255515,NA,NA,19.0875954384101,NA,19.5941563672186,20.6734351899028,19.4253685609099,NA,19.1453616551473,18.71180458445,NA,19.3355143087233,19.9885222996228,NA,18.8895720207714,NA,19.9476355848945,19.455316243892,19.6602441870281,NA,19.837525926603,NA,NA,20.1191487039987,18.4827346465497,19.3203636181065,19.2849930530291,NA,18.3108177521759,NA,NA,NA,NA,19.5531644987031,NA,19.8219142737248,19.6670404422662,NA,19.8729012365527,-0.171810013409939,-0.672322619759226,0.328702592939349,19.5206454468728,-0.706915182608031,-5.13089379733682,0.486146029237345,0.896077533266722,0,0,0.883452878040471,0,-0.231296062976526,-0.711064645711098,0.248472519758047,19.5206454468728,-0.992819487937407,-5.26106887077384,0.330295315673046,0.770979386545144,0,0,0.773969813449199,0
"O75746","CMC1_HUMAN","SLC25A12","Calcium-binding mitochondrial carrier protein Aralar1","=""SLC25A12""",25.0219666667844,24.7421950093103,24.4647380003386,24.5796867668807,24.2002237755479,24.0984771284027,24.4126007484633,24.503599120873,24.743191865884,24.8797210219115,24.8096278380678,24.3691286576285,25.1248544264931,24.2573862251511,24.6530441605519,24.7972410510984,25.0554365769753,24.609371344186,24.4807975058555,24.4254899829648,24.4944746620518,24.8671133896083,25.1047220881223,24.9018674167672,24.6004386892793,24.8761073020609,23.9195617440314,24.2729139736365,24.6650903406082,24.526861286339,24.5025264806255,24.2002839865042,24.74967660322,24.1978093046966,24.1236031891168,24.6716252084486,24.6021148963715,24.7732472748562,24.8395523789959,24.6452723741086,24.8699349692114,24.4313253749284,24.7370866846552,24.5705984211223,23.9876363191042,0.0436161472144363,-0.163679641507472,0.250911935936344,24.5857827162631,0.423513862804717,-5.50862775965036,0.673892376150966,0.942492860389654,0,0,0.982932692237229,0,-0.113012925841296,-0.31910054310257,0.0930746914199769,24.5857827162631,-1.10379146248112,-5.39069388798065,0.275419321615769,0.747796548567826,0,0,0.864394767224742,0
"O75821","EIF3G_HUMAN","EIF3G","Eukaryotic translation initiation factor 3 subunit G","=""EIF3G""",19.0699459617695,19.7920577143384,19.190763884795,19.6703680708235,19.6370815836042,19.323839900895,19.5800103487996,19.3830211188868,19.623004870318,18.6542235578043,18.760902287446,18.3289675186793,19.6427098077831,19.0344934875429,19.1490452148319,19.8725974213912,19.8928274235906,19.6572163049904,19.683182439503,19.2744429458595,19.7575214566941,20.0866377025134,19.4170564259244,19.6438684391623,19.110706570393,18.9336986119623,18.7541519992121,16.7651905723429,19.3860979935052,18.7461783711942,19.8268573702498,20.0650194127958,19.6199225630375,18.7652760159266,20.5480367913848,19.8229739017402,18.889740543244,18.8350258013856,19.4213658133953,19.367448176793,19.1961251376064,18.8816565455416,19.2221221305255,19.5199478849189,17.614540301173,0.00922145698301335,-0.419344481277963,0.43778739524399,19.2759526310283,0.0433104507424966,-5.58666501014106,0.965641353059638,0.986452589116958,0,0,0.999677644160698,0,0.0409789140986412,-0.385089235187463,0.467047063384745,19.2759526310283,0.193594130526144,-5.94693056192626,0.847345272237195,0.959935715069946,0,0,0.993234951420171,0
"O75822","EIF3J_HUMAN","EIF3J","Eukaryotic translation initiation factor 3 subunit J","=""EIF3J""",21.332369880445,20.807092618164,21.138758325441,21.4081835004284,20.5673445000492,20.8282696278313,20.8349363313731,21.0258767615426,20.8281265210825,21.3365523654306,20.812474571159,21.1491603783087,21.4599146353544,20.6893648603591,20.5429866995844,20.776574478812,21.6398057500434,21.0270119107644,21.0247746110164,20.7563642345799,20.3891351919003,20.6743665128188,21.3606243363288,20.7205159778137,20.9011417625063,20.477436371887,20.0817044030083,20.9832263549917,21.0691473493885,20.9399082848174,20.5019153830923,21.0466711341874,20.8112732470611,20.8574720763963,21.1685796156557,20.9747391756177,21.0884546336081,20.687490931222,21.05455120541,20.7763202456439,20.996736289163,20.8188084045405,21.1203519316311,20.6435332925411,20.548151900232,-0.131598642291326,-0.352638055093903,0.0894407705112504,20.903959968294,-1.19837433784748,-4.96565374559104,0.236903664329745,0.766516808651113,0,0,0.827359951880053,0,0.0182207956883502,-0.201530344391128,0.237971935767829,20.903959968294,0.166896416324331,-5.95152609298333,0.868182405851394,0.969359637374982,0,0,0.997427741764548,0
"O75832","PSD10_HUMAN","PSMD10","26S proteasome non-ATPase regulatory subunit 10","=""PSMD10""",18.9490496415603,19.6194775831046,19.9090906345265,20.4259821605257,19.4877191888127,20.3880823111507,19.4189425495116,19.5365010088073,19.8761081855423,19.4429676929034,19.4885559250511,20.5939844391935,19.9250568930799,20.1287073592757,19.1515561507809,18.9081802212115,18.1947023742452,19.5686541268035,19.5196743910598,19.7614574380095,19.6365308111798,19.2514942850018,19.7488496315702,20.0497890673587,19.5036740862941,19.7683533401075,19.9880957462303,19.7459795734931,19.7606042456629,19.0734494468927,19.2537035809325,19.3123858921458,19.7100020917627,19.0369002324049,19.3831135022388,19.1636720195751,19.8663172151876,19.2549640653664,17.9217511501677,19.5004803758258,19.9376521215555,20.124158929934,20.0030403924985,19.508264386146,19.5547003667338,-0.263774879388396,-0.593911609605291,0.0663618508284978,19.5633861518094,-1.60823828858822,-4.48283821391226,0.114619809686669,0.679806474125127,0,0,0.56475012582752,0,-0.0632254975097162,-0.391438108679067,0.264987113659635,19.5633861518094,-0.387746423880792,-5.8931126470384,0.699990603231391,0.916449794501418,0,0,0.977700591458616,0
"O75874","IDHC_HUMAN","IDH1","Isocitrate dehydrogenase [NADP] cytoplasmic","=""IDH1""",22.5506957928899,20.8998595631897,22.4052439990639,22.0079325057198,22.320485196042,22.4048617634621,21.997814328929,21.9477112998289,21.8575743482395,21.5903105439731,21.962834111603,22.088387311963,21.9227625863286,22.1331244522281,22.050746857021,22.3753880777829,20.6053479155552,22.0669088629459,21.7417874695241,22.520163783422,22.4776210474664,22.2130641204184,21.5816387741806,21.7201149596847,21.9413660838438,21.8715112482636,21.9795629483568,22.094317229552,21.8845521224958,21.9467964581687,22.0034254012796,19.250144446304,22.018091022524,21.8367637883152,20.7456920103888,22.2647786098399,22.2872940794349,22.0165406987628,21.9148136236139,22.1871857461232,21.805090097889,21.6410033988899,21.9507751537399,21.7486949868622,22.179952111066,-0.0838397122489312,-0.430906061416977,0.263226636919115,21.8891273541595,-0.486237087747036,-5.48361116336947,0.629105520200639,0.934833173270874,0,0,0.961889171820298,0,-0.211326395108493,-0.55636995519531,0.133717164978324,21.8891273541595,-1.23279433081927,-5.25108310532059,0.22391037501275,0.709998759994718,0,0,0.728875793549158,0
"O75891","AL1L1_HUMAN","ALDH1L1","Cytosolic 10-formyltetrahydrofolate dehydrogenase","=""ALDH1L1""",21.4163167639051,22.3201292311375,22.4054202633912,21.8079111440432,22.1060991856726,22.2601703470625,22.6550492318332,22.5026033831994,22.1254892930331,22.656412337525,22.2395205612027,21.8378359581946,21.8576628942407,22.0128616106309,22.5115124146691,21.9751854498279,22.4499413917941,22.6929650611045,22.235689765129,22.7692312461696,22.0696027511067,21.9084934845931,22.4030028222068,22.4944684375794,22.1760303772834,22.1569916048466,21.7737475286665,22.6017580426094,21.9395141844805,22.5428811265707,21.7174646487492,20.8815755368136,22.1056917492316,22.0175587050347,22.0337643023257,21.8843577924258,22.7166008982991,22.6769593360117,22.7724160967359,22.2716682681201,22.3025035157977,21.6635583939023,22.4186472189029,22.0021604590579,22.361927611165,0.101981497064411,-0.159517302121676,0.363480296250499,22.1940300539174,0.784987053328063,-5.31800328967413,0.436481947463014,0.873144117382484,0,0,0.918931677633751,0,-0.157509916092998,-0.417484635180233,0.102464802994237,22.1940300539174,-1.21951625236422,-5.26611921719689,0.22885902917468,0.711997773342545,0,0,0.792730590669214,0
"O75915","PRAF3_HUMAN","ARL6IP5","PRA1 family protein 3","=""ARL6IP5""",24.7060032083327,24.127183532823,24.2859987173614,25.5919214880255,24.1378575023364,24.1595707622316,23.9033737723109,24.3352495143155,24.0661125104288,23.9811073795815,24.1539862755054,23.6565434304854,24.3711548029798,24.6152656964602,24.1927013248232,24.1553543262397,23.3471235268202,24.1756997387369,23.2802036191995,24.3685238750683,24.4849733231367,23.9800498693493,24.0424543378647,24.5350010737232,24.0831667924224,24.0192919270375,24.7975366501942,24.2308745284945,24.1663127512498,23.4244360282412,24.2719340430111,24.2843787209423,24.073011767181,24.6672814597349,25.3669901793787,24.1627013352797,23.8660860245584,24.2224323121216,24.3418273108343,23.9534018292032,23.4624054249515,24.0802822229292,23.8661221956674,24.1099166908138,23.6950688171383,-0.213615785900153,-0.517883177102028,0.090651605301722,24.1733082804339,-1.41315156030862,-4.72858461111731,0.164336463052459,0.720861261794311,0,0,0.679936551547618,0,0.0888558643978321,-0.213638180704161,0.391349909499825,24.1733082804339,0.591262147561401,-5.79845035371206,0.557236691231585,0.858017859794089,0,0,0.949367015039901,0
"O75923","DYSF_HUMAN","DYSF","Dysferlin","=""DYSF""",25.1078882461177,25.1895746733587,25.4184150049972,25.5416246380995,24.8973356955052,25.2951233984504,24.8762183768868,25.3658705539578,25.1626752534276,24.9515498767291,24.9005680526381,25.0890986028987,24.6833637002613,25.2593131163705,24.9409589259885,24.8231075714623,25.2164208609537,25.3848856305938,25.1739275192892,25.1088115664374,25.1157526479527,24.762518067224,25.0730261802576,25.3718835350358,25.199779226358,24.8660965940624,25.5703969526418,25.1446693569952,25.1699728657827,25.002081163192,24.994419585705,25.7501256653666,25.2516664068768,25.4509712270013,25.6269831430148,24.9369168866337,24.9829359810457,25.235556259774,25.1960240068353,25.0632680585102,24.5505215369455,25.1870626953969,24.8110216974495,25.1094782798087,24.9744314027683,0.0228784782752882,-0.158102376169818,0.203859332720394,25.1285397930457,0.254451672819794,-5.55898357811801,0.800279707172434,0.948679518362231,0,0,0.994915781418834,0,0.00920353965958043,-0.170722513312664,0.189129592631825,25.1285397930457,0.102960737583355,-5.95976709174488,0.918441292877763,0.979656818909501,0,0,0.999217294236863,0
"O75935","DCTN3_HUMAN","DCTN3","Dynactin subunit 3","=""DCTN3""",NA,NA,NA,16.8018653066348,15.2069593095891,NA,16.6216395997102,15.559573375087,16.4050156519328,NA,16.4242431359579,16.7092253119725,16.6776878329842,15.954353395122,15.8572966728001,NA,NA,16.2783783533316,16.1632215228737,NA,15.0087163430199,15.2041870956101,16.0685661351209,16.9715228220722,16.5295797053668,16.7460593342815,15.7955095530315,17.2166687483259,NA,16.6988850526958,15.3165676321723,16.1961938788946,15.699806774034,16.013327777775,16.1354192494997,NA,NA,15.6739458817005,NA,15.802987259113,15.0920559201998,16.8563549721715,16.1408105945595,NA,15.5680118671009,0.0562409962839645,-0.405325849228601,0.51780784179653,16.1060823770232,0.247889926815186,-5.41575113898971,0.805753693902741,0.948679518362231,0,0,0.987926702802653,0,-0.392569470532184,-0.840584265308071,0.055445324243703,16.1060823770232,-1.78264409910355,-4.40223462871535,0.0838354080991331,0.523449990728398,-1,0,0.377894435452689,0
"O75947","ATP5H_HUMAN","ATP5PD","ATP synthase subunit d, mitochondrial","=""ATP5PD""",25.6769889487727,25.2652647244727,25.7353670220492,25.3702842154883,25.3746228487764,25.1392545801206,25.4439051961796,24.8288278510623,25.2237368767612,25.4085234707104,25.2162267150905,25.2603544329597,25.8800518034304,24.6100201391858,25.5383982369855,25.5749366402382,25.6164660599556,25.6705537969166,25.2566979757584,25.1946121852399,25.4204455715731,25.3974774923374,25.1286832511322,25.2125465365877,25.229666090792,25.3004915872803,25.1833277456194,26.3254751476731,25.1275188067334,25.5008798859683,25.2123386490814,25.2837425773525,25.576490815551,25.1170260437491,25.5797350735309,25.229608066884,25.3792641560592,24.6347446311101,25.3792614736119,25.2517990650297,25.2380521198857,25.2112372216265,25.3312171607894,25.1715994149659,25.0992465880296,0.0780098788792607,-0.116812471491956,0.272832229250478,25.3290437531802,0.805975119093228,-5.3035160176816,0.424400618982428,0.872297158372813,0,0,0.935325665268879,0,-0.162961047769922,-0.356647924984335,0.0307258294444903,25.3290437531802,-1.69353595367221,-4.63794971824644,0.0971097581878583,0.54181532730108,-1,0,0.683853850531345,0
"O75955","FLOT1_HUMAN","FLOT1","Flotillin-1","=""FLOT1""",NA,14.9162137093738,17.2007979634632,NA,16.7336511616028,17.2484237055023,17.2700420941772,16.9282190657785,16.8570950231343,NA,15.0491211789885,17.3390295732983,NA,17.6199820599675,15.5739205170677,16.6058076600649,NA,16.6772197615704,15.5250683338291,16.7961885316505,16.7518369421007,17.0351777441217,16.4718268037163,16.029321987055,16.0549926259523,16.1598084346267,16.0580224947533,NA,16.7510996935698,16.2645598018981,16.6077037507917,NA,17.0661533645023,17.06075597244,NA,16.3374036227935,15.7697777357293,17.3560394648217,NA,16.4586142719979,17.2832640170639,17.7975608613299,17.3606529063207,16.9133573805765,17.8905583567459,-0.194952329353885,-0.712247041276106,0.322342382568336,16.6616463492327,-0.763580542312951,-5.24584617458863,0.449953726247669,0.882100568778637,0,0,0.855823613154242,0,0.5927943863161,0.0899096816211166,1.09567909101108,16.6616463492327,2.3883618137578,-3.37994524923206,0.0221339057158931,0.344080314270748,1,0,0.104462329349002,0
"O75964","ATP5L_HUMAN","ATP5MG","ATP synthase subunit g, mitochondrial","=""ATP5MG""",24.5346482575457,25.7529653348581,26.5433105006446,24.2843573267559,25.9802858774078,25.7977379369003,25.8171862347088,25.5480437814946,25.8216039893966,26.3725438378343,25.8872439831075,25.5836348508928,24.9573255312466,25.616536412495,26.2336552968741,26.0413644957886,26.2398412149911,26.0866140493787,25.7145718965941,26.022210011897,25.9395435933428,26.3021864161889,25.2042288850415,25.8578956574638,25.8613189014,26.22802850517,26.0830802949567,24.8046320261764,25.7212847922122,26.1734959137424,25.8079738904517,26.2758849931235,25.7974683944227,25.5669049819793,24.0161851883904,25.9090843653433,26.0798019053875,25.425831428537,26.3456874745444,26.0376920262515,26.3482418073592,26.0135527094141,26.1366059971251,26.0570152236212,26.0466668888544,0.23193787054727,-0.127681772997006,0.591557514091546,25.7972438462514,1.29819242071235,-4.85993286066322,0.200686871503675,0.735164347255353,0,0,0.689013503596625,0,-0.0277132919692455,-0.385236982707665,0.329810398769174,25.7972438462514,-0.156024968025764,-5.95320264821832,0.87669545392128,0.973137083726547,0,0,0.996359694589348,0
"O76003","GLRX3_HUMAN","GLRX3","Glutaredoxin-3","=""GLRX3""",18.3126535990674,18.4775477043555,19.7182309056122,19.9376883246355,18.4075265984801,18.4248425114362,18.7853282169537,18.5663459150969,18.5210871714818,19.3093589630296,18.2785000420506,19.3733858599042,18.806611104664,18.9490259728259,19.0935669106539,18.6670779146169,18.413024515329,19.3770064048577,18.4966397165086,19.6311359558596,18.4745424151732,18.5070535537863,18.7565389433398,18.3529007595032,19.5036019673365,18.8694783711067,19.4400922183161,19.1796283902349,18.6881992461126,19.2235456481576,18.7664663434015,17.8015207679656,19.1767306376724,18.9313759578803,17.4230346062438,18.3833561182705,19.5808053858377,18.9561696730431,18.6200361107794,19.0722410929837,19.0752351059944,19.0814515610017,18.57667301641,18.8728145058984,19.8455112525602,0.0362655697992693,-0.308278963000085,0.380810102598624,18.8601241768095,0.211865358567182,-5.56772267987047,0.833147195759737,0.953209349951549,0,0,0.993401768052955,0,-0.0944695922863836,-0.437006033778083,0.248066849205316,18.8601241768095,-0.555131753050127,-5.81809348243545,0.581491822748796,0.869847439875183,0,0,0.950072026286507,0
"O94760","DDAH1_HUMAN","DDAH1","N(G),N(G)-dimethylarginine dimethylaminohydrolase 1","=""DDAH1""",21.7945383178804,22.7390881474876,23.262991046307,21.7850220478474,22.6234053234707,22.7551326779049,22.652600002966,22.6670408144457,22.997190513451,22.5212773607573,22.0924120834773,23.204217788266,20.8752332899744,22.6444156600967,22.2509968392658,22.5512944628238,22.7594299705493,23.1244523723463,22.6528768421889,22.9334659726427,22.852340467494,22.5376126387181,22.613977310235,23.0253722793755,22.5497259007258,22.1018051280526,22.8309295038186,21.7930581320998,22.6335474522962,22.660697406714,22.5303626787833,22.7177584451082,22.7957450040202,22.476058377612,21.512554331248,22.7113341415384,22.9943703749972,22.55034345998,23.2085478151612,22.5955540039148,22.0616516383962,22.8906946900953,22.4810602547662,22.691748578602,22.4930306295255,0.182851566129024,-0.114866691634582,0.48056982389263,22.5599324928317,1.2362435124514,-4.92646673476074,0.222637910516936,0.752472233109963,0,0,0.759814324482432,0,-0.0606514277554773,-0.356634509399213,0.235331653888258,22.5599324928317,-0.412462957182372,-5.88369634482665,0.68191448780176,0.914300764132198,0,0,0.977047059662842,0
"O94811","TPPP_HUMAN","TPPP","Tubulin polymerization-promoting protein","=""TPPP""",18.4604042544613,NA,15.7093590734673,17.3304645324643,16.6950733500479,NA,15.6298237433379,16.0470885476294,16.4234434820781,NA,17.3878854782788,NA,NA,17.6062853159284,17.1046671881711,15.7155050027246,NA,15.6152830786624,16.3711701325704,17.9035634012115,15.7074661597953,16.0064157635157,NA,15.3113049156567,17.1807785769378,NA,15.4102294851069,16.4420043090328,NA,16.2924110291362,NA,16.1729246858464,15.8523368256213,16.9480709580643,18.5870820718591,NA,16.6978854179953,16.5120662607671,NA,17.0342760496473,NA,16.3579772622058,16.5052830871504,16.5521260318379,NA,-0.671137761495903,-1.27860258284822,-0.0636729401435817,16.566795337781,-2.25032661568361,-3.49098607874602,0.0314242788746369,0.492623799681105,-1,0,0.0980523509369577,0,0.554815578176704,-0.0489443649512943,1.1585755213047,16.566795337781,1.87171346736568,-4.25052868578056,0.0703998330893446,0.498076170462949,1,0,0.229411290163199,0
"O94826","TOM70_HUMAN","TOMM70","Mitochondrial import receptor subunit TOM70","=""TOMM70""",22.3244434682106,21.0711595832949,21.6272695675726,22.6441968900144,21.133865615281,21.4335744675854,21.3812380709756,21.3954289047736,21.1102827802019,20.3284276448088,21.8953015881418,21.0341236860025,21.5894686898896,22.3069185923375,21.6486180251173,21.4051320365743,21.0041661634938,20.9880239154533,20.6766323334885,22.1953177706981,21.27638894933,21.4309596204048,21.6743375912674,21.9776840471291,21.595703810751,22.2594435593021,22.061275910526,22.2640233144497,21.6538531936312,20.8231952138719,20.6209236303274,21.7779053593927,21.4127094144437,21.8163979850013,22.9706710298915,20.6565269190239,21.6821647009933,21.8213417190756,21.8430914693311,21.4201330102329,21.3824044589267,20.8100271787144,21.5105121563869,21.8781110076174,21.4743493481065,0.0219982988483842,-0.365328914553502,0.40932551225027,21.5397272087121,0.11431991589076,-5.58173350795412,0.90948128572544,0.968448297926498,0,0,0.997914959261474,0,-0.013924536193727,-0.398994310175138,0.371145237787683,21.5397272087121,-0.0727867148234851,-5.9623006920761,0.942291136400124,0.98649353518269,0,0,0.99917265422054,0
"O94874","UFL1_HUMAN","UFL1","E3 UFM1-protein ligase 1","=""UFL1""",NA,NA,17.3713767546716,16.1149730375274,NA,NA,17.6131016098996,18.1492024364586,17.0037663038298,NA,17.9315773822518,16.6348332541983,NA,17.2544538844034,16.8856197368417,16.9650158599898,NA,17.9907341882697,17.7843668430031,NA,17.8184997537061,NA,18.0010570322567,17.8458840567092,17.2134031597133,16.8903732616456,16.9632456995905,NA,17.4122711950553,17.3947219565572,17.5476543213201,18.660250071119,17.8248137281463,17.8118551749572,NA,NA,17.727786003527,17.9974535136636,17.4557042753223,17.716074511388,16.9969682475545,17.6720647729842,17.7610443056864,NA,16.7661242533284,0.27403976756473,-0.143634742641588,0.691714277771048,17.4742584557992,1.33479969300876,-4.70030442998015,0.191067242731605,0.735164347255353,0,0,0.635354987269507,0,0.165521250014528,-0.220820153317772,0.551862653346828,17.4742584557992,0.871611565027065,-5.48926171009195,0.389709900301012,0.802344212659857,0,0,0.855576823136677,0
"O94903","PLPHP_HUMAN","PLPBP","Pyridoxal phosphate homeostasis protein","=""PLPBP""",20.6422960829224,20.3244630818702,20.4338464983241,20.9347539661467,20.701421050437,21.0674154264,20.0054047468628,20.2303784329396,20.7711578559074,20.4982937287165,20.8750449516313,21.0016117315608,21.4775604349771,20.7574672405024,20.6996836055219,20.3640408639515,20.066302533582,20.5980927916397,20.7784979879501,21.50035158759,20.3717242138164,20.549222800889,20.093702592377,21.1239824597453,20.94753732443,21.1520098976641,20.8721648541636,21.1564367197579,20.3488206184894,20.577371262722,20.2430230536718,20.0788294601453,20.4334485216454,20.6519986029536,20.6122043625719,20.1251700955953,20.8988905148577,21.057482674631,20.4482447964298,20.992216161764,20.2743343880963,20.2452381910492,20.7387613961022,20.2256289479001,20.723222491477,-0.00601662315973428,-0.258290708406007,0.246257462086538,20.6371055778306,-0.0480054981784489,-5.58647609469757,0.961919500766742,0.985435363040972,0,0,0.999766434829421,0,-0.183437656658462,-0.434241425735113,0.0673661124181885,20.6371055778306,-1.47219468329697,-4.95431299695667,0.14777161846457,0.638134999764275,0,0,0.704160605177464,0
"O94905","ERLN2_HUMAN","ERLIN2","Erlin-2","=""ERLIN2""",21.93879931559,21.514665329818,21.0264875816363,20.7110956714169,21.3376522145266,20.1897681277038,21.4670576623356,21.698568425347,21.2297120630366,21.2335926128307,21.6799204625034,20.2709305217413,21.5755797245903,21.2570548467558,20.374064190226,21.1666386310617,21.7806127112394,20.8519521836991,20.7026069055569,21.2742320395274,21.2679655608699,21.1275683410294,21.6086359765202,21.1981369708108,20.9534953962825,21.7324409606973,20.8055637530866,21.4352772754727,20.9227448878547,20.4350607680695,21.0967558309353,21.7942134104354,21.3061621020987,20.9353472006209,21.676990910833,22.1155756033914,20.9372817962703,21.8026811615864,21.5286375866374,21.3036669683939,21.9379026285323,21.0637792003799,20.7880484382822,21.066321182534,20.2634055864507,-0.00807465961438325,-0.311979370551043,0.295830051322276,21.2085477937604,-0.0534807638393164,-5.58623125151645,0.957580243057355,0.985395269261597,0,0,0.999650059012724,0,0.156922483040255,-0.145210995587394,0.459055961667903,21.2085477937604,1.04543522811251,-5.44906464775916,0.301279717489351,0.754001885643784,0,0,0.828397276209265,0
"O94919","ENDD1_HUMAN","ENDOD1","Endonuclease domain-containing 1 protein","=""ENDOD1""",20.4405027719422,21.1204063596618,21.9214311095927,20.8897047649513,21.830424999425,21.3838351488629,21.166535529342,21.3463234119144,21.8806444010024,21.5480433782619,20.7022119273859,21.6648955052849,20.5975744876089,20.9820609225214,20.0683869615565,21.6376145357507,21.7433681299907,21.5709331773543,21.5049086280687,20.4973578600307,21.3627533686711,21.538469272645,20.7466198410246,20.9927679393163,20.5866826015653,21.0978173530914,20.9221348134024,20.5155556488761,21.1213130526092,20.9843378753438,21.4363306781431,21.2710242436776,21.5449693628775,21.3026295650244,20.0041615964066,21.4001587174411,20.8742698342157,20.9721870660556,21.846995829255,21.129192027217,21.2731221051362,21.4779078772309,21.1427685645038,21.2163325517292,20.3893759189855,-0.0495500944732647,-0.371817347712848,0.272717158766319,21.1477120381101,-0.309484654135549,-5.54533473236635,0.758349246212569,0.948679518362231,0,0,0.986387387417661,0,0.0305861226772635,-0.289802876785618,0.350975122140145,21.1477120381101,0.192157632734324,-5.9471951285874,0.848463774172453,0.959935715069946,0,0,0.994986456993661,0
"O94979","SC31A_HUMAN","SEC31A","Protein transport protein Sec31A","=""SEC31A""",18.6858220755174,18.7247578043166,18.0241868179085,18.926866251169,18.9625138868904,18.6780747576167,18.5907026602903,18.2675199768374,18.6116182631306,17.6108253483948,18.6560662157888,18.8723077100026,18.2411236777937,18.3606481076163,18.7149420320532,18.2329973518122,NA,18.7911708081584,18.5468744728021,18.1253645223395,18.4137752543651,18.0228358910791,18.1834557536748,18.4989717914735,18.2685609997109,18.48184916773,19.3743772502005,NA,18.6012797151393,18.7809866172941,18.3420970170552,18.2879463075056,18.5356385772784,17.90769308502,19.5981214480279,18.3547855637318,18.7473880262697,18.9453065327129,18.0640158707177,18.4507105323774,17.7127848907151,NA,18.4218794105625,18.3139653381195,19.298944085608,-0.0437867950838111,-0.341929001981791,0.254355411814169,18.5055179015907,-0.296174283941926,-5.51890933094164,0.768521375319659,0.948679518362231,0,0,0.988537708774785,0,0.0311825540780362,-0.269776423279528,0.3321415314356,18.5055179015907,0.208945023521737,-5.896967322646,0.83547691037458,0.957194551784399,0,0,0.994410535369478,0
"O95139","NDUB6_HUMAN","NDUFB6","NADH dehydrogenase [ubiquinone] 1 beta subcomplex subunit 6","=""NDUFB6""",22.4324135142285,22.8571958926984,22.9250309817351,20.8941310098443,21.6474384177011,21.359816257865,22.0931792808313,22.7889709508828,22.9720644512274,22.9338021239692,22.0742827486768,21.6207911369132,21.9241914614937,21.1178087056219,22.5610143020582,22.3879191943006,23.3243130398103,22.2211405791494,21.9684807045667,21.8911974048614,22.5804690081336,22.3532142605461,22.6295733591533,22.4372809319088,21.8362936031901,22.9182448076872,20.6750853722463,22.9363391242067,22.1367515450655,22.2146490067402,22.2594058825104,22.8466776576937,22.8227200464545,20.5221685704029,20.0709400628166,23.2846277135156,22.1161727367394,22.2247445846271,22.9984062011683,22.0246301182404,23.1951119265143,22.2039177817545,22.3161222277923,22.263362271409,21.1387073927001,0.153061146691684,-0.325444798258394,0.631567091641761,22.2000177411478,0.643855536812967,-5.40574588826269,0.522863698950413,0.896077533266722,0,0,0.905516189793469,0,-0.14821578448182,-0.623932877666036,0.327501308702395,22.2000177411478,-0.627128460430766,-5.77774641261619,0.533672815214836,0.843647775385453,0,0,0.91112478793846,0
"O95140","MFN2_HUMAN","MFN2","Mitofusin-2","=""MFN2""",16.2336682492739,17.5820791633936,NA,17.2147945048974,17.8506898397048,17.9439802246885,18.3928441381672,18.1235848585324,18.352998516494,NA,18.400206318953,18.8539435597749,17.4615847367422,18.2758206808422,18.5702797312545,17.5192008514828,NA,17.800704472941,18.1507832365239,18.3028474647126,17.9622365125091,18.4815002265364,18.4847490236729,18.3540752025508,17.9359926477095,18.2505893993815,17.0963129476343,16.4968890371813,18.2198363803864,18.6771851412235,17.5968768404717,17.8881805893486,18.15019021833,17.3368659685542,16.5384484863891,17.813756530243,18.0131467603379,17.3396998564599,18.2277336170797,17.9879447523842,18.1043454077592,17.8096417728924,17.7601876348224,NA,17.7296525641417,0.027010186182931,-0.37523062823446,0.429251000600323,17.8850255625946,0.135508842235734,-5.5361241083771,0.892856332107092,0.963281315260771,0,0,0.996943626830944,0,-0.236517077365139,-0.629271996962814,0.156237842232535,17.8850255625946,-1.21525400887559,-5.24321287064974,0.231050104971877,0.714839559457683,0,0,0.707140388877548,0
"O95167","NDUA3_HUMAN","NDUFA3","NADH dehydrogenase [ubiquinone] 1 alpha subcomplex subunit 3","=""NDUFA3""",18.623239998816,18.545092091583,NA,17.9374941768568,NA,18.9629469496456,17.5842561490608,19.4534291803354,18.8800745275221,18.7761681611172,18.6199777293659,NA,18.6911165392346,NA,19.3541063365924,19.2730920526621,NA,18.818206283765,18.7535605458635,18.5786620645266,17.7198741368059,18.3460647217207,20.2333759679045,19.2621195094324,19.1880856944262,19.4190995784313,NA,19.0958712274605,19.2604777737561,19.3925747724252,18.922890167333,NA,18.0189458486443,NA,NA,19.6712458237211,18.6638238298591,19.6364763814859,18.7726943182519,18.8215526326437,19.250093109239,17.197283690136,NA,NA,18.8379711188686,0.364476445747588,-0.087413723449722,0.816366614944898,18.840057149691,1.63733494051244,-4.39187033041785,0.110511314599348,0.679806474125127,0,0,0.448068373220998,0,-0.243738266084176,-0.704662680606034,0.217186148437683,18.840057149691,-1.07348247894013,-5.30401254334399,0.290391843960587,0.752907550241912,0,0,0.739790503895868,0
"O95168","NDUB4_HUMAN","NDUFB4","NADH dehydrogenase [ubiquinone] 1 beta subcomplex subunit 4","=""NDUFB4""",23.4826793949858,23.6737915953773,23.2001397100962,21.1512543686878,23.0897073106461,23.1841306309049,23.5583179043896,23.515198985248,23.9018836514502,24.4873009672401,23.6205322523503,23.3700429082434,21.3596787617961,23.1245088982035,23.2471161486803,23.6022199025307,24.0275528765797,23.2531498674774,23.3893070397254,23.5257011809168,23.6075963786837,23.2428430103645,24.1398516439486,23.7513974803417,23.4681700257857,24.0737606705713,23.1533635827385,22.6544689924296,23.2509958064116,23.5457160696574,23.2663433833974,23.3795125038653,23.4627851962023,23.4051090442915,20.8471872543026,24.0157155384822,23.7397446504987,23.7671512132019,24.2603128129116,23.6826363702091,24.0991546574105,23.22782575884,23.4065096903849,23.536334692409,23.4683480465626,0.318928480619963,-0.137551888156487,0.775408849396413,23.3826010850985,1.40631305586412,-4.73668134103051,0.166344978766081,0.723287465422682,0,0,0.564362054639475,0,-0.0747615810128544,-0.528581468564403,0.379058306538695,23.3826010850985,-0.331593312398037,-5.91235677890501,0.741701081133312,0.93045109399261,0,0,0.977908246129214,0
"O95169","NDUB8_HUMAN","NDUFB8","NADH dehydrogenase [ubiquinone] 1 beta subcomplex subunit 8, mitochondrial","=""NDUFB8""",20.3960775401024,20.75775809048,19.2889922321667,18.0817104257513,19.6033175147267,19.791223390597,20.5584817653324,21.0496148397268,20.6995925088361,20.6182605094471,20.4581357804643,19.8976166766586,19.0255220266689,19.0288824653312,21.2537165905372,20.4779392118085,20.13470326753,20.2168034847743,20.0240069898985,20.3126798511172,21.00751811972,20.3468192761021,21.6777672055375,20.8186819071481,20.2730228389977,21.0843354040736,18.7067309878488,19.4474518755898,20.5363158229093,20.3375594770537,20.0700079096166,19.7887635252108,20.6750998282714,19.6491429553734,19.1559484462456,21.021065460369,20.115193307721,20.9694142869863,20.3322328512317,20.7047779084734,20.7719275504533,20.3016620992066,20.1403232718347,19.3915792489104,20.1232887256598,0.334153794203321,-0.121669240608224,0.789976829014865,20.2027036767222,1.47557381034801,-4.65304094807408,0.146864948132432,0.712175410110782,0,0,0.526771828467815,0,-0.146127222969682,-0.599293607662308,0.307039161722945,20.2027036767222,-0.649059115972209,-5.76449724011403,0.51952494951183,0.836620398322532,0,0,0.908745669475641,0
"O95182","NDUA7_HUMAN","NDUFA7","NADH dehydrogenase [ubiquinone] 1 alpha subcomplex subunit 7","=""NDUFA7""",21.4933110286437,22.5931702992087,21.3754117385131,19.535361039324,21.0962340488173,20.642356117279,22.4797974693804,22.1879466207951,22.5034450052935,22.5471812116895,22.4926911357672,21.0301453964602,21.4693181998897,21.4528554656914,21.0629120863982,22.4604707409129,22.0990428093204,22.1538213766221,20.998489356426,22.242388733267,21.9427290427029,21.6911264189734,22.4217031836191,22.2026533961323,21.8784743965378,22.8641823035022,21.154003088834,22.0881772944579,22.1492951460541,22.0415364132532,21.9614643306936,21.9314603836488,22.0894906181561,21.3724966381331,19.2575390465429,22.7058114915111,22.5248394068274,22.3108803396155,22.6434850098943,22.2131439027821,22.6546588388569,21.828677755757,21.654693434835,22.1551793778537,21.5894117100741,0.436885563697974,-0.0379489406689275,0.911720068064875,21.8498547299766,1.85197975257401,-4.13707379419101,0.0704470477418167,0.612150491830663,1,0,0.313796350876469,0,-0.0996574276955648,-0.571724478366287,0.372409622975158,21.8498547299766,-0.424929414142197,-5.87872801952843,0.672867531559825,0.912800796155836,0,0,0.961284420569117,0
"O95197","RTN3_HUMAN","RTN3","Reticulon-3","=""RTN3""",19.5121716777555,19.0135281306325,NA,19.6442854070971,19.3050295418879,19.8403768574019,18.4226169120799,19.2687920730985,NA,NA,18.3019134873819,18.9712675206025,NA,NA,19.0765828239093,19.3122014319642,18.643980747279,17.8118515471642,19.065505008893,NA,18.796626127896,18.332133446338,19.3357373334726,NA,18.1795627366864,17.8302485632845,19.08043981589,NA,19.1113204973119,19.5116234650241,19.2671140756732,20.2424447541095,18.7316620319794,19.5433895853009,20.5069735783031,19.4319465093585,18.3408841490049,18.2435736774324,NA,17.6994485638927,18.6679500238704,NA,18.8902514037193,NA,18.1272962016773,-0.312861065784396,-0.816023311125021,0.190301179556228,18.9429626384521,-1.26224724001833,-4.80145729494436,0.215196468966095,0.752472233109963,0,0,0.618400868930886,0,0.209762244800281,-0.267834919730335,0.687359409330897,18.9429626384521,0.89159277000833,-5.49235193087573,0.37869293219514,0.795820049946075,0,0,0.815718996586535,0
"O95202","LETM1_HUMAN","LETM1","Mitochondrial proton/calcium exchanger protein","=""LETM1""",16.8191028008344,16.7361839883271,17.1420876588352,17.3185824820546,17.4007816014654,17.6206038594585,17.3568298277066,16.8968028695557,17.4537007665435,17.0272907623284,17.6844730703529,18.078687299555,17.9574443828592,17.0573355906174,18.1737783976978,18.2768408853674,17.0937413946503,17.5275470062588,17.9799508704221,17.6429642354582,17.8479511852535,17.7652049562642,18.3403438933861,17.7543534896481,18.31458703301,18.5235356373267,17.4427179355528,16.7976899191996,17.2448390817468,18.3922205850011,17.5209934778979,17.5702243474733,17.9220188132116,17.3578785102669,16.5037568672635,17.0149195000209,17.9299629959875,17.9547565872891,17.9212853224993,17.9736634547623,18.3228439524782,17.7078920397107,18.3585227847769,18.0872467557305,17.7089453713188,0.412528471660423,0.0816290398601512,0.743427903460694,17.6338463166094,2.50939319734006,-3.01031734889112,0.0156747187884603,0.473767971577395,1,0,0.180081257461382,0,-0.0726384885238893,-0.401609356061923,0.256332379014145,17.6338463166094,-0.444447193901638,-5.87065493976603,0.658801530506923,0.905613408240314,0,0,0.97014043923856,0
"O95210","STBD1_HUMAN","STBD1","Starch-binding domain-containing protein 1","=""STBD1""",21.8418697280217,22.3866236403245,20.9887407473531,22.0736514913962,21.5983756084382,20.9109438826841,21.6995374727856,21.8970648485906,21.8508691681238,21.9608928594131,22.0623633627572,22.373492585096,22.3850436064262,21.317659331948,21.6903597845802,21.3286131015835,22.7004872670024,22.1701780259475,21.9031522276111,21.796733818075,20.2719758075599,21.4686610353296,22.4690595744406,22.008262621867,22.1451765279476,21.8967748641909,21.574446906522,22.2697668411878,22.1253620382941,21.9515020190239,21.511773861675,22.4109237958126,21.9451026387398,21.764802685695,22.0366771120764,20.6412449533922,21.8743382844296,21.9301274011806,21.901401677664,22.1852364683692,22.0929854731313,21.9069945473007,21.752626937851,21.3981784130355,21.7203706425271,0.0717627488145816,-0.227263613799535,0.370789111428698,21.8264539041645,0.483059244206641,-5.48496067923032,0.63134287428432,0.934833173270874,0,0,0.967534561930185,0,-0.0671578522468437,-0.364441414780383,0.230125710286696,21.8264539041645,-0.45471231023407,-5.86626487960992,0.651453024722009,0.905352665126485,0,0,0.97162971689934,0
"O95278","EPM2A_HUMAN","EPM2A","Laforin","=""EPM2A""",19.4660918528722,NA,NA,19.8198389768198,19.2795333409165,20.1424661370531,18.8907902825355,20.037201934977,20.09182693865,19.6083685877151,19.6688452691178,20.9730554684439,20.4121484684904,NA,19.6957421147761,19.1297469160198,20.2066201910329,19.8569748709173,19.927799867175,19.9975912146338,NA,19.8976916175397,20.0818119602993,19.742221502376,20.4414376580557,19.2946908723364,18.647725132903,20.7762244504711,20.5658540004245,20.2592358197797,NA,17.6756568821221,19.4967831147173,18.9367915089083,NA,18.8538957785104,20.1837918121075,19.8895706312128,18.7325915567228,20.3048004631452,19.4241490647648,19.3693650126742,18.8213302627925,19.8734718488108,19.8245760651803,0.0485012696871436,-0.402541403561765,0.499543942936052,19.6999566525128,0.217322219472948,-5.50634917707389,0.829060861103723,0.951343256582596,0,0,0.990949077414394,0,-0.597788871980605,-1.03713171846533,-0.15844602549588,19.6999566525128,-2.74987481277984,-2.641155149012,0.00890437244746864,0.272445073110452,-1,0,0.059469690712819,0
"O95292","VAPB_HUMAN","VAPB","Vesicle-associated membrane protein-associated protein B/C","=""VAPB""",21.0065065251827,21.1646251755937,20.6310830396466,20.0078533312043,19.5591971976799,19.5756232576257,20.2958989685909,20.4602766418215,20.2718598154561,21.1768343521772,20.4688648902456,19.8750458250929,21.5577612071131,20.3904060720125,19.5669014777622,20.2443485502607,21.2770894892045,20.3379635310376,20.1500444175403,20.1182870514673,20.5575697929401,20.3172027487517,20.9280346943206,20.2828353212768,20.2543566153338,20.2837291374455,19.2166963356049,20.578386059399,20.6350202240199,19.9891724058087,20.3034209757293,21.3495394849767,20.4316883037902,19.7268210086515,20.6470285650564,21.0886078318153,20.0502497545206,20.5873629767193,20.5839208125546,19.8125535064927,20.9528484366593,20.422377865459,19.7402174884103,20.1173059994825,19.3458375426279,-0.0537720098759529,-0.411707492364239,0.304163472612333,20.3630945489903,-0.302386450469074,-5.54724418218311,0.763719379663425,0.948679518362231,0,0,0.985610032999683,0,-0.000730388097700541,-0.356579733490018,0.355118957294617,20.3630945489903,-0.00413141028246009,-5.96482400887864,0.996721470338676,0.999903966701438,0,0,0.999997601469851,0
"O95298","NDUC2_HUMAN","NDUFC2","NADH dehydrogenase [ubiquinone] 1 subunit C2","=""NDUFC2""",23.1060537511898,22.0973471314245,21.3458208760018,21.0621812498705,21.3429811235408,21.4752935057447,21.8545278211298,22.2567589735561,21.7532288940293,22.4328974773342,22.1158252473016,21.8776896874864,22.8258188272296,21.4214155837475,22.14568274513,22.345768791756,22.8501941162018,21.1688415670569,21.8262592645673,21.9578134756267,21.8554139606408,21.6688388817133,22.8320615897317,21.7982676283771,22.179157510209,21.9008789763126,21.1475335897169,22.9106974727923,22.4108098296979,22.308263210766,22.0040063534135,21.3743249251796,22.1738111257947,20.9122805033825,20.2018078523128,22.5595222403928,22.2902275530339,22.292148386644,21.8350763631077,21.969798505678,22.5039143388595,21.749990817956,21.7899977225579,21.8359855633741,21.8712546237169,0.13476369303508,-0.239124217533952,0.508651603604111,21.9475215474508,0.72550814253723,-5.35704153369785,0.471812135299958,0.896077533266722,0,0,0.903724216792985,0,-0.253110199317472,-0.624818998068502,0.118598599433558,21.9475215474508,-1.3706217345173,-5.0861137397042,0.17713844796221,0.662784291487794,0,0,0.645268272929279,0
"O95299","NDUAA_HUMAN","NDUFA10","NADH dehydrogenase [ubiquinone] 1 alpha subcomplex subunit 10, mitochondrial","=""NDUFA10""",24.9588372560944,23.8991038712217,23.4269950609514,23.4248291897419,22.8231132548342,22.9558034893451,23.8127011252572,23.6608081250267,23.6466494288914,24.0900308829482,24.0402225173645,23.2916457351527,24.4654276779092,23.3894809442797,23.9044400672072,23.9699940878204,24.4459166372064,23.4846546022502,23.3341929174909,24.0435510790595,23.5239781697922,23.0116644817284,24.1663320539431,23.9548642706077,23.8397554399195,24.3875680897833,23.5445119547953,23.7957132677594,23.6580293929945,23.5999733199464,23.4956023422936,23.6670560407412,23.6866783997526,23.6779494369178,23.3319710599467,24.3994575361376,23.7260788136621,24.1227141943561,23.6582378649859,24.0304120437639,24.0385915768485,23.249213379139,23.2446582484838,23.4860462002371,23.5495163027733,0.0737916130338405,-0.221114065299301,0.368697291366983,23.7314438184747,0.503656773394972,-5.47605833976514,0.616904059179767,0.932735323927303,0,0,0.96498335080721,0,-0.0931010883371819,-0.386287982963535,0.200085806289171,23.7314438184747,-0.639176816316615,-5.77052283705221,0.525875374374137,0.839999406703649,0,0,0.94191971723078,0
"O95336","6PGL_HUMAN","PGLS","6-phosphogluconolactonase","=""PGLS""",19.5399388319307,19.6618209877204,20.4229047210728,20.3194401970563,20.0236820296425,19.9718234518843,19.6127020356623,19.8142882906123,19.6080978900163,19.6377906727673,19.5799661763483,20.3433269774817,20.2820264438921,20.5980369947866,19.8338390638696,20.103989083514,20.9892285763887,19.6595681618225,20.1611039804176,20.2020220772814,20.1987278575363,20.1616183492185,19.2474827427165,19.5352341215309,19.6600929031662,19.5780232342561,20.967534409829,18.7389279899145,19.8266754679123,19.96446830857,19.8369423073758,19.6334244235274,19.8797364098767,20.7746257939145,20.5910988259162,19.6210070225207,19.8943045188493,20.0557318668625,19.6400997701817,19.8817442425684,19.7695581712383,20.6565105349866,20.0857971138166,19.7744999161098,21.0137174121676,-0.0218475629294375,-0.339333449276112,0.295638323417237,19.985626230194,-0.138512633082567,-5.57903919589412,0.890439351317698,0.963182196760887,0,0,0.997468013472373,0,0.140940071055859,-0.174695428510634,0.456575570622351,19.985626230194,0.898792528628023,-5.58237148501362,0.373439849757736,0.795820049946075,0,0,0.87037969202039,0
"O95359","TACC2_HUMAN","TACC2","Transforming acidic coiled-coil-containing protein 2","=""TACC2""",NA,17.8828719925349,NA,NA,18.4899996492752,17.1874025423511,18.5276636538998,18.5117984819121,18.409132731389,NA,17.8961527513047,17.7088426060554,17.9076983956035,18.0415921297032,NA,18.6881326811602,NA,18.6174183334583,18.5630346016986,NA,NA,NA,18.9068029028745,17.8561972891628,18.546373037377,18.3940047375333,17.0622744693898,NA,18.2238195985741,18.3517100229663,18.4678389626723,NA,18.5087692838705,18.2023091979016,NA,NA,18.5069729417702,18.5911237932951,18.8308892597564,18.0746209413966,18.0603614077377,17.6405802193431,17.326760122034,NA,17.8975640408253,0.220298533199944,-0.150714893129341,0.59131195952923,18.1897004122202,1.2094195756036,-4.82885543762379,0.235350153359449,0.766516808651113,0,0,0.727092429450314,0,-0.120368878343275,-0.481163166949353,0.240425410262804,18.1897004122202,-0.679531469690601,-5.5884352488848,0.501681247374565,0.834663611429138,0,0,0.920324192485064,0
"O95372","LYPA2_HUMAN","LYPLA2","Acyl-protein thioesterase 2","=""LYPLA2""",NA,20.4630762582912,20.9328675086621,20.3716158989785,20.6109173719427,20.5096117255085,20.8031972856864,20.1093874359882,20.4081271556939,19.9712943662396,20.2831254476847,19.5838171902626,19.5772483974685,20.3787948207193,19.0570802687625,19.9244929288315,NA,20.5118832626376,20.7682201128159,20.1963153028765,20.9712683405489,20.5778023241355,20.3792881420425,20.5434262559899,20.3578040833403,19.9800134469119,20.2711167571294,21.1077313828427,20.5875163075331,20.2669855092316,19.9062395601071,20.4504740945271,20.2734051104906,20.5180212168068,20.281532255021,20.3207232944216,20.130265303402,20.1061793912879,20.1760647007062,20.4709167128787,20.2920279732823,20.7680487286079,20.1420952947827,20.5567026262397,20.1329757174601,0.265810516759004,-0.00196365917289137,0.533584692690899,20.3262720295065,2.00053572613703,-3.89615912133754,0.051630809308208,0.568679495403169,1,0,0.45485990703941,0,-0.16359630666874,-0.425583624626899,0.0983910112894186,20.3262720295065,-1.25845030168829,-5.20759234873632,0.214859600710566,0.704875885604619,0,0,0.777576247894545,0
"O95373","IPO7_HUMAN","IPO7","Importin-7","=""IPO7""",NA,20.7268075472536,20.1959668659937,19.5118965013425,20.633622189791,19.8361583028331,20.3848790101782,20.279616176093,20.4088095360465,21.1037050469136,20.2627267503308,20.6642082830868,NA,20.7926856828399,20.8373241805047,20.4742501937551,20.0347650475609,20.6173176364755,20.0298373943781,20.9340889464474,20.2319048823066,20.2604603785164,19.4881124502887,20.3751949829001,20.2456102620398,20.2233383835123,20.684813658274,18.8492757145939,20.7980891167491,20.6846045307558,20.385747652098,20.2047749453007,20.8638803127282,20.6989495270355,18.0568597700168,20.0378821250334,20.8546931484523,20.2641464322293,20.2333576359407,20.4284952789271,20.6015077459838,20.6488859521005,20.6843930051204,20.8448116743881,21.0642949714495,-0.166687342513637,-0.570460780898222,0.237086095870949,20.3591337169434,-0.831970102393725,-5.25761330870539,0.409914396676352,0.870322168083274,0,0,0.861868194051144,0,0.129401106550041,-0.258098768665611,0.516900981765694,20.3591337169434,0.672991015507956,-5.74936229028433,0.504469262499558,0.834663611429138,0,0,0.915264214899907,0
"O95376","ARI2_HUMAN","ARIH2","E3 ubiquitin-protein ligase ARIH2","=""ARIH2""",19.7919263389723,19.6976084313902,19.6568578011944,20.6511924930915,20.233481871683,19.5016832286013,NA,19.9267477620863,18.5740694040591,18.9118757247041,NA,18.3221628595524,20.5461822438592,NA,21.099639381064,19.1434563448912,19.4096788242392,18.8505485024126,19.2335536545104,NA,20.1603535119894,19.2637699802482,19.0483341534988,19.6659441130194,20.5260188063137,20.5531272683222,19.3758511908155,NA,19.0898334575219,19.3921463543603,19.3249100678939,NA,19.1490644309476,20.1365995403973,22.0132912790893,19.8899824815333,NA,20.1962886181169,19.2457327539491,NA,18.9609736225102,19.0235099395103,18.6193272689182,NA,21.0230148952255,-0.188137989487963,-0.766680406460455,0.390404427484529,19.6724649611248,-0.658879137388788,-5.32536570364437,0.514048643856192,0.896077533266722,0,0,0.882325669940869,0,0.221689989674182,-0.366215062775144,0.809595042123508,19.6724649611248,0.764017583746513,-5.58790082000796,0.449696423504022,0.827855201825394,0,0,0.837636730202334,0
"O95433","AHSA1_HUMAN","AHSA1","Activator of 90 kDa heat shock protein ATPase homolog 1","=""AHSA1""",20.8911212309698,19.8455262501568,20.000014071337,20.6372799717114,19.66490053599,19.6811271648756,19.4258152189274,19.6824758854187,19.0975044981917,19.6153535185742,20.4316099339432,18.6109179899931,21.3162843980207,20.031046671206,20.2280802051651,19.3296816414399,19.2466784050128,19.0385754691441,19.0624761850534,20.3808679540185,19.234694904829,19.8036517653064,18.4398030040163,19.7124037042668,20.4597817519843,19.4916715490385,19.870427146995,NA,19.5443252789924,19.334032253609,19.160109270897,19.5873588645389,19.5506947765082,20.5149048854783,21.1147860171831,19.2970398376978,20.3162310491324,19.8911230492471,19.406605953094,19.5296490106949,18.927945991457,18.8259714933899,18.7572957099091,20.7523475335605,20.1802038325803,-0.459711005496494,-0.909898348735294,-0.00952366225769441,19.7254635416717,-2.05665982595738,-3.81056301782858,0.0455390884810406,0.549949756433459,-1,0,0.24168211504132,0,0.220335974756985,-0.22722187458883,0.6678938241028,19.7254635416717,0.991532782738274,-5.48569055275081,0.326722536828745,0.770746018696202,0,0,0.781548937101467,0
"O95479","G6PE_HUMAN","H6PD","GDH/6PGL endoplasmic bifunctional protein","=""H6PD""",NA,16.6199540219279,NA,17.2561144580608,17.5084307913515,17.3306789996735,16.5997306685679,17.1002120965293,17.7607378513646,NA,NA,16.708874852403,17.9402221448687,16.7566837622909,17.6550067095194,17.6928476684494,NA,16.9486756731027,17.3338728435391,NA,17.7767438111077,17.528495418134,17.5800520542672,17.2312387130265,17.9857015125728,NA,NA,18.050079345087,17.0271336909196,17.4744555951384,16.9690256633477,NA,16.7218897524403,16.3988304994574,16.6834302206426,17.294727164004,16.8010760560962,17.5871187618722,NA,18.2136744398239,NA,NA,16.4203998403478,NA,16.629660418259,0.261870650668833,-0.109028620475645,0.632769921813311,17.2370554843185,1.43638654067463,-4.61682101054734,0.160293975849805,0.720861261794311,0,0,0.619143260788454,0,-0.553340008284291,-0.931034977507614,-0.175645039060968,17.2370554843185,-2.98051527330477,-2.15402105134219,0.00536544948301601,0.233615286754175,-1,0,0.0554243012096784,0
"O95563","MPC2_HUMAN","MPC2","Mitochondrial pyruvate carrier 2","=""MPC2""",22.0740510212323,21.0263614052758,21.2722150331063,21.6479947699186,22.223977305814,21.2196639383288,21.6055812594821,21.0341145718382,21.2447900864992,22.2666304074623,21.7933132447053,21.2115581179255,22.2025848255721,21.1142643986621,22.1528365850667,21.9970350837633,22.129075931936,21.3421993819299,21.5317659680767,21.4034173248455,21.6768294953524,21.970985296397,21.5365260330555,20.924429041003,21.9737734487081,22.250234111682,20.9626604133384,20.163354585256,21.0735568000451,22.1588550849754,21.3113114886467,21.3132411361967,21.4469098863997,21.2143361701698,21.4376994897031,21.7983952437033,21.7703131475146,21.408098516433,21.3407768851081,21.8077482728177,22.009185183396,20.8779698082312,21.7716422373816,21.674344344151,21.7222595601065,-0.0735727399416959,-0.382606864562076,0.235461384678684,21.557530363138,-0.479204956715405,-5.48658571753797,0.634061164643685,0.934833173270874,0,0,0.967035120291008,0,-0.012697775360337,-0.319930772171848,0.294535221451174,21.557530363138,-0.0831898981246894,-5.96152540942151,0.934061190282533,0.983221640851135,0,0,0.999134217482013,0
"O95571","ETHE1_HUMAN","ETHE1","Persulfide dioxygenase ETHE1, mitochondrial","=""ETHE1""",NA,NA,19.883826845219,18.6000140503602,19.5375525324738,20.0921708980042,19.016724649435,19.1980505347369,19.5633924195851,19.8196557736791,19.8703648330548,19.4290586150951,18.9098881890132,18.4642405471696,19.8598954175899,19.6536568512081,19.5657016899267,19.6196460681143,19.4915014646733,NA,19.3483053479512,19.7288128127662,19.1340160148806,19.3866835600188,20.1892627355567,19.4176491712777,19.0251922848359,18.6389223248052,19.4619895240264,20.0738197959788,19.2099993262484,NA,19.7728023775181,19.7262407620218,19.6404217684375,NA,19.8757697939157,19.1477744861616,19.6190945823593,19.6075424841151,19.6892719295082,19.3361798214514,19.5661166051939,19.9497116347968,20.0658630374222,0.0696420502026953,-0.217902733180943,0.357186833586333,19.5046695890146,0.489108873674549,-5.44002317580091,0.627368458898416,0.934833173270874,0,0,0.968052842147818,0,0.156306682396384,-0.129542100044204,0.442155464836971,19.5046695890146,1.10428376139839,-5.34621523334516,0.275902527280568,0.747796548567826,0,0,0.817685648733575,0
"O95573","ACSL3_HUMAN","ACSL3","Long-chain-fatty-acid--CoA ligase 3","=""ACSL3""",21.3304632572979,21.1392576249379,20.9280304050704,21.6394606685468,21.8209663693,21.6966557938572,21.2888594099293,21.1327695484753,21.2253029030286,21.5480127145944,21.2460883672042,22.042464576654,21.6717977905604,21.6692785372194,20.9118143143318,21.3967326790192,21.636211794825,21.2286529938338,21.7836967800183,21.0804329873089,21.1721386180361,21.5467019582909,21.5473390521663,21.439712237943,21.6623253613766,21.0557321618362,21.5948525901722,21.5169938052312,21.851426938751,21.2809047593648,21.6630016648065,21.8336891962212,21.2080551950308,21.5561765921346,21.8696767315852,21.3599228297515,21.1714154781132,21.4048815804789,21.3681414868313,21.6760042998088,21.0114509989244,21.9042549470553,21.578876757009,21.5165954704215,20.8729254696335,0.0339869878288681,-0.168290390830608,0.236264366488344,21.446225459933,0.338201998047138,-5.53715976117775,0.736748366984905,0.947417763940137,0,0,0.989670394261463,0,0.0134142653088034,-0.187684190433158,0.214512721050765,21.446225459933,0.13426690125155,-5.95621939008725,0.893776749119224,0.976784817121714,0,0,0.998494722050564,0
"O95747","OXSR1_HUMAN","OXSR1","Serine/threonine-protein kinase OSR1","=""OXSR1""",20.2650101272169,20.9669114326342,21.0405065921188,19.9008671756971,21.5417119835119,21.5972220293449,20.7553610548179,21.1512348051304,21.2121684538917,21.4423653288887,20.788218038362,21.0169137816398,19.9412725672762,21.4332459629093,21.003964771445,21.1294300735524,20.5501764912399,21.2180641283313,21.16687212622,20.7569803006734,21.0170747791084,21.4056258705003,20.8053703373994,20.8064011895351,20.8915438553679,20.9215312425677,21.175826884156,19.0822445408926,21.0101699231042,21.2391592830981,21.2209918148564,21.186439144308,21.164922682924,20.6996862248337,20.7630820602398,20.9402308426459,21.1881117423908,20.8995061923805,21.0518842691355,20.6828124898779,21.3605835528314,21.3192520223842,21.3258968377441,20.9594349045895,21.3823390352091,-0.0678663110869486,-0.380099211396156,0.244366589222259,20.9639693099329,-0.437508394466294,-5.5033422050943,0.663788223436208,0.942492860389654,0,0,0.972572088189446,0,0.197913519373611,-0.112499609865713,0.508326648612934,20.9639693099329,1.28335317593682,-5.1924449032865,0.205790534894694,0.697844539427075,0,0,0.731337097476167,0
"O95782","AP2A1_HUMAN","AP2A1","AP-2 complex subunit alpha-1","=""AP2A1""",NA,18.9618141965323,17.8752824832613,18.3182410641947,18.5975540711401,17.4091598504546,18.3369431606296,18.9707846559433,18.1529389233232,17.9993790294987,17.8836487367478,18.5699894554432,NA,18.6373037897425,17.2939336540859,18.7600109285853,NA,18.5479562126697,18.7515077945404,18.9407422179126,18.2912730108405,18.9485746987648,17.907806293648,18.6933468387544,18.3774518355406,18.7511676802798,19.3693659489492,17.9926166637675,18.7667959265451,18.7324079906543,18.8504458670818,18.8693121415325,18.4708284589786,18.7099654378027,18.265409154452,18.5580093868936,19.0450404753313,18.7085296889566,18.5139988866132,18.4852216931022,19.0134898015324,19.0887814574136,18.6631370561224,18.1640537663362,19.3096409142088,0.408581791162046,0.107833927456848,0.709329654867244,18.5369966975906,2.73970692280331,-2.57244565832048,0.00891374368467544,0.416167334657996,1,0,0.145355644446769,0,0.0735305024059194,-0.215474637836955,0.362535642648794,18.5369966975906,0.513085352233145,-5.82397710027611,0.610515240579315,0.880375407265006,0,0,0.964366591457808,0
"O95810","CAVN2_HUMAN","CAVIN2","Caveolae-associated protein 2","=""CAVIN2""",21.0627888498204,20.6136060310795,20.4762419972741,20.4023169038561,19.8568160220551,21.0835468323155,20.2951333520881,20.7616800724431,20.173429012124,21.3346908643103,19.6897692720851,20.5816294796995,20.5739300862187,20.4598801152635,20.945909047275,20.7821496804615,20.5637828050383,19.387700355757,20.3294393481141,20.5373487812979,21.3098027085302,20.8023813225355,20.3777520956243,19.8957204485658,20.7879916986835,20.0843872201805,20.362326434015,20.8882618430774,20.6730538873081,20.8680084280323,20.5416973357492,20.6143827152226,20.531825727215,19.5049745282281,19.5203848457043,21.1741659114566,20.5951441304497,20.2051535694303,20.435318271617,20.6327281121265,20.7409422090354,20.051615258469,19.5508655098546,20.887566660373,20.4379742818008,-0.0530298232079431,-0.360659468306038,0.254599821890152,20.4752492013747,-0.34697869136976,-5.53451746623944,0.730188347261929,0.947417763940137,0,0,0.983462889753418,0,-0.148357866032612,-0.454194568978122,0.157478836912899,20.4752492013747,-0.976409024248149,-5.51421084984639,0.333964445126467,0.775294411638451,0,0,0.849840028374024,0
"O95817","BAG3_HUMAN","BAG3","BAG family molecular chaperone regulator 3","=""BAG3""",20.4699727107829,21.9196130666743,21.4363503984812,20.4106852130233,21.5716663672044,20.5951423934163,21.452609649158,21.7557973017389,21.9134907337248,21.832996312568,21.2936245475491,20.8553242877073,19.6740052370095,21.5371358841325,19.2052330093702,21.4145051349546,21.8182105543471,20.9437832368173,20.90651514346,21.2324933025367,21.5541144734296,21.338935773738,21.5576847912872,21.0772229114614,20.5238154908142,21.393357827753,21.1978713399569,20.5803956849786,21.3492996095042,20.8109895742695,21.4800435809936,21.6871562324591,21.2493209346978,21.2358736622443,21.0950476588086,21.8080271663962,20.8001992369132,21.3260509628203,21.8485891999994,20.9074887443344,21.4143263884458,21.1685704544196,20.2989536976764,21.3522897388153,20.7391390849711,0.126252397068768,-0.240020005568587,0.492524799706123,21.1563093045743,0.693819090235198,-5.37661714579915,0.491281593840454,0.896077533266722,0,0,0.914175830291293,0,0.0474587929791426,-0.316678882916232,0.411596468874517,21.1563093045743,0.262338410316335,-5.93197167089462,0.794230816807418,0.942866632673364,0,0,0.989125942968118,0
"O95822","DCMC_HUMAN","MLYCD","Malonyl-CoA decarboxylase, mitochondrial","=""MLYCD""",NA,NA,16.2628037067701,NA,NA,NA,16.6761207141172,15.8293912498953,15.2460165004595,NA,15.5160251755122,15.7477870667986,15.4569589664487,15.3216769776501,15.6976380852668,15.5481800892759,NA,15.257300199781,15.0380074343275,15.2941578671058,15.8511952939131,14.8805175466704,15.2895291734258,15.830205432666,14.9460307417983,16.1584657185408,NA,15.7127008307744,15.5031799840775,15.5626960693612,NA,15.7775515705345,15.9373252009082,14.9910606411455,15.5095528900001,NA,15.3691125350671,15.7482230975555,14.9340279299284,15.673640736878,15.3253521019266,15.4788355104923,15.6993554761774,NA,14.8565299843636,-0.260829981895952,-0.588146495610158,0.0664865318182536,15.5272691911651,-1.61767230468076,-4.39238799177329,0.114701185679066,0.679806474125127,0,0,0.568469429004443,0,-0.0116966645321739,-0.312514495217222,0.289121166152874,15.5272691911651,-0.0789331464305446,-5.87963713201483,0.937534847764237,0.984489678376615,0,0,0.999245833863229,0
"O95831","AIFM1_HUMAN","AIFM1","Apoptosis-inducing factor 1, mitochondrial","=""AIFM1""",23.9005324916425,24.0442363682877,24.2213817162099,23.6439125940128,23.9770749469489,23.6411407524139,24.0538987148202,23.8020401013088,24.136108739147,24.0792282661716,24.3292928659045,23.655780470475,24.1583227653663,23.8808107434393,24.1999825488841,24.1006909305189,24.2840634524338,24.2856365631786,23.8036298481183,24.2637094434535,23.9885253342963,24.084900460375,24.3183595305217,24.2951513214693,24.2722232973381,24.2752504691732,23.6844933601391,24.6297240978116,24.1548550901434,24.2411918756853,23.9143096829422,23.7883094171621,24.2581499248384,23.6232184179822,23.5907734324111,23.8158173812927,24.1488725044561,23.9988217094157,24.3059965124739,24.1777423853429,24.3417757432058,24.0060914563283,24.2619528291553,24.0741614443915,24.0392290010823,0.19782955482664,0.0368001588047445,0.358858950848536,24.061141577826,2.47284456934516,-3.07974171868642,0.017157086155263,0.473767971577395,1,0,0.44742551838121,0,-0.155812215478374,-0.31590309209379,0.0042786611370427,24.061141577826,-1.95905094541288,-4.20798535173875,0.0561789374879049,0.447521680709845,-1,0,0.638510847872247,0
"O95834","EMAL2_HUMAN","EML2","Echinoderm microtubule-associated protein-like 2","=""EML2""",NA,17.9653266864217,17.5863004106435,16.4389293429592,17.6238793689923,17.3873519131455,18.3881556501632,17.9350014005522,17.6311811625689,NA,17.0685556627761,17.4895765647547,NA,17.1297033845877,17.2300013024932,17.7274112050709,17.1877319100407,17.2709584413626,17.0833955026411,17.9385014159399,17.5951980121184,17.723268298992,17.9506149043096,17.4072700338948,17.1989533229814,17.4783823014616,17.5309721921314,NA,16.8022602426677,17.7609693131199,17.2626315562655,NA,17.3798031667682,17.2840425973247,16.7471306012909,17.7129780498537,17.9937474645508,17.4417587997777,17.0241164825634,17.2162926175129,17.2446621840467,17.3669770084575,16.5136584525532,NA,17.897706376909,-0.00993485237226821,-0.312603419186809,0.292733714442273,17.4260347514016,-0.0663380580657998,-5.52439180248515,0.947438814161508,0.983220575615884,0,0,0.99946373215176,0,-0.159673854216432,-0.454412398400889,0.135064689968024,17.4260347514016,-1.09487749939136,-5.35558825498545,0.280112749262117,0.747796548567826,0,0,0.81611904035862,0
"O95861","BPNT1_HUMAN","BPNT1","3'(2'),5'-bisphosphate nucleotidase 1","=""BPNT1""",NA,NA,NA,17.9744562062346,17.1430867866553,17.5843775093237,18.4593849742035,17.1078329144848,17.9109167134452,17.277792937804,NA,18.6903167070497,17.7186352127887,16.9895545955255,17.0249322773617,NA,NA,17.2822065598905,17.6404134346278,17.4260927694497,NA,16.6140382091893,17.9054887202821,17.6769162147308,18.0122978911439,17.4651403907167,17.1190086707293,17.5654460783931,17.5632348617799,17.2927635094301,16.6405975767874,16.6963320777294,16.7279290078858,17.1714940298022,16.3334053137771,NA,16.9020127621231,17.2583758139871,NA,17.8463049544918,NA,17.4644422409446,17.6839934557539,NA,17.5507315875977,-0.123075804084703,-0.496570205840029,0.250418597670623,17.4035280284153,-0.668943658414223,-5.28859384515918,0.507914929297734,0.896077533266722,0,0,0.92000457729269,0,-0.331178681180084,-0.702358439528051,0.0400010771678821,17.4035280284153,-1.81125269003316,-4.37035667314638,0.078681267258315,0.510272591434467,-1,0,0.430859951837567,0
"O95865","DDAH2_HUMAN","DDAH2","N(G),N(G)-dimethylarginine dimethylaminohydrolase 2","=""DDAH2""",NA,17.6735494687408,NA,17.9897208525879,NA,17.8889595097029,18.2276232622997,18.0805721590346,NA,NA,NA,17.7290717591193,17.6722614334445,17.1911279128332,17.6805285455321,17.6454623856736,NA,17.8904447358209,17.8702664792337,NA,18.2479516753083,18.5811144185029,17.7038392154262,17.3062623285521,17.6593504353076,18.115877749538,18.865675101822,NA,18.0769759868968,17.7169452305796,18.7961623476479,18.6645860319163,17.4721179706476,17.0584903569844,18.6986160777179,18.2360794912394,NA,17.4301092405011,17.9146616077364,17.2766070466151,18.5314735494315,NA,17.2743457891519,18.352814637984,17.5445621660648,0.188503551002423,-0.212634935350231,0.589642037355078,17.9136531458704,0.953951203375388,-5.05950994609901,0.346643166276296,0.831497302682968,0,0,0.818966701964383,0,-0.0212844075058598,-0.384209220573001,0.341640405561281,17.9136531458704,-0.119054512004463,-5.87608043129001,0.905912095507027,0.977865538778253,0,0,0.997899033913875,0
"O95870","ABHGA_HUMAN","ABHD16A","Phosphatidylserine lipase ABHD16A","=""ABHD16A""",NA,NA,NA,NA,NA,NA,15.6956928439403,15.5334743466162,NA,NA,NA,NA,NA,NA,NA,NA,NA,NA,15.0667108949775,15.3798575963402,NA,15.6081267887492,15.8215922983586,15.3255004084957,14.9078207452046,15.0327104846141,14.847677167349,NA,NA,NA,15.2799487270806,NA,NA,NA,14.6545814895785,NA,NA,NA,NA,NA,15.7258875880594,15.0002982184739,14.8831623310916,NA,NA,-0.308519201626163,-0.909730102721831,0.292691699469504,15.2508694619286,-1.08763098355813,-4.67414731565856,0.292830738655919,0.799489091675277,0,0,0.684606469215934,0,-0.121951927886036,-0.545856020994009,0.301952165221938,15.2508694619286,-0.609743639800447,-5.39815135332626,0.550571947276149,0.856094249166275,0,0,0.929804786011498,0
"O95881","TXD12_HUMAN","TXNDC12","Thioredoxin domain-containing protein 12","=""TXNDC12""",NA,17.9839551389251,18.5024096414677,NA,18.6854732042289,17.9186897988052,17.3395165482106,18.4600670148275,17.3804443825075,18.5820910408167,17.4225665212249,18.0770776102709,16.6514100213188,17.7514979198469,17.6825015744241,17.9406069012583,17.6569926348284,18.0157864032453,17.9899677385405,17.2932839222078,18.8842747008157,18.095200990588,17.470260972458,17.3215782475529,18.1077096149474,17.7990834353182,18.8940558876303,NA,18.0603148121492,18.1569215044352,18.0195271906128,NA,17.6330167525903,18.6086026796839,18.0253518039389,18.6420421446363,18.0650133466009,18.3592036241156,18.2818196944202,17.8553933555392,17.5174270366569,17.6249761912388,18.4748321159773,18.6439327646328,18.4686076492766,0.0753720789552865,-0.283757527735579,0.434501685646152,18.008377671531,0.423531266340693,-5.46624275645383,0.674066729851006,0.942492860389654,0,0,0.970708831510939,0,0.188942617532675,-0.161717769840777,0.539603004906127,18.008377671531,1.08735013224763,-5.37902092927878,0.283076961190004,0.747796548567826,0,0,0.787846130396985,0
"O95989","NUDT3_HUMAN","NUDT3","Diphosphoinositol polyphosphate phosphohydrolase 1","=""NUDT3""",NA,19.3573917598359,19.0560670906259,20.5529433840585,19.844330354301,20.596303063337,19.6001182181828,19.5400879986972,19.5109483467148,19.2447743388061,19.7670963461819,20.9042520669867,19.9745294932315,19.5476989558679,19.2222957615291,19.4187324124011,NA,20.0544917776365,20.1795921986,18.8644101798428,19.9793332920378,19.5586099305674,19.1719390009538,19.6764592447847,19.5500332605416,19.6036752206686,19.8975618338472,18.7423745600472,19.4665377065745,19.7406774248207,19.6926271316566,19.6276469860915,19.5725877249105,19.2501174692184,20.122563536486,20.2461576277307,19.0988672444132,19.7457616352109,18.9354758452122,19.2514516846975,19.5509244043169,19.7705969190534,19.951980231263,19.4716640732055,19.6948490697299,-0.201247635353688,-0.516987277170984,0.114492006463607,19.6420124838343,-1.28453078622931,-4.85344356212064,0.205672024180646,0.742769824469531,0,0,0.727408108021969,0,0.0386283509130436,-0.270287852992376,0.347544554818463,19.6420124838343,0.252004515027354,-5.91900543793436,0.802209913795137,0.945800004020743,0,0,0.991523026033615,0
"O96000","NDUBA_HUMAN","NDUFB10","NADH dehydrogenase [ubiquinone] 1 beta subcomplex subunit 10","=""NDUFB10""",23.7299526768237,25.08481866051,23.802295877317,22.6748462573365,23.7562818165661,23.3450047054869,24.6297908119245,24.3916887387474,24.7364356793592,24.8190721845035,24.8422879876909,23.5664370820247,23.8201674771644,24.0614920955339,23.669218207376,24.8403532613585,24.8829696284783,24.358070532081,23.8913803699686,24.6298703727239,24.2848383543238,24.1327298760276,24.7866001679502,24.6227951138577,24.2577008263718,24.6679502680073,24.214326518448,24.4533155275074,24.5747631221083,24.3003676819765,24.6847576093853,23.4626861179887,24.5231512128661,24.2872777330544,22.2804273444677,25.085026126156,24.4621364672288,24.6066716214121,24.5947457074612,24.6379019046663,24.9179675807389,24.2336777052289,24.3495393057054,24.5983401032282,24.3090088114433,0.407307698324832,0.0266233255686338,0.78799207108103,24.2858030495685,2.15361654639439,-3.65334043257378,0.0365405401114838,0.51629413593959,1,0,0.259780876620115,0,-0.124314418010492,-0.502780067475159,0.254151231454175,24.2858030495685,-0.661158891936061,-5.75699613499658,0.511805572935161,0.834663611429138,0,0,0.920105355810106,0
"O96007","MOC2B_HUMAN","MOCS2","Molybdopterin synthase catalytic subunit","=""MOCS2""",NA,NA,NA,NA,16.590517018536,NA,NA,NA,17.3634608521632,NA,16.5182603568269,16.9232526939492,NA,NA,NA,15.0053758653725,NA,17.6025339443919,NA,NA,16.7989844773549,NA,15.707030878559,17.1193246555995,16.7300604631233,NA,NA,17.0055838712157,16.603244141827,16.7996046546441,NA,16.4940067335156,17.3066776101835,NA,NA,NA,16.5649029392897,NA,16.5371960952233,NA,NA,NA,16.8719830865268,NA,NA,-0.259085301258835,-0.921941509973197,0.403770907455526,16.6967777965723,-0.81796430616836,-4.95221259646838,0.423495894408687,0.872297158372813,0,0,0.800427707507983,0,0.0863699588105717,-0.521992065390339,0.694731983011483,16.6967777965723,0.297106068541226,-5.54403212434946,0.769602424618194,0.941462862728133,0,0,0.977635213385719,0
"O96008","TOM40_HUMAN","TOMM40","Mitochondrial import receptor subunit TOM40 homolog","=""TOMM40""",NA,18.5678953744181,17.470663942218,14.4015074672004,17.3799788022147,16.6305148011898,18.3060158719265,18.1767127746763,17.964096854975,18.279931127258,18.2296392064764,17.0046425806125,NA,17.3465036017343,17.0936827989523,18.6587265107209,18.1663286160035,18.1741256999212,17.5162659881591,18.3815483201208,18.3259170738429,17.7186483769425,18.2357107814883,17.7414901485757,17.4450324577809,18.442992466078,18.3165356820694,18.2579816365713,18.3860382904398,17.5966926960942,18.6671369823675,NA,18.1838128091975,17.9110698667583,NA,18.8053192680955,18.3231661880989,18.1886661761537,19.034438830857,17.4895332847379,18.5271452709091,17.9491211050646,17.3288357378513,18.6162933604254,NA,0.653619076719966,0.166198859486267,1.14103929395367,17.9310089707294,2.70807487265095,-2.64269954115501,0.00982273016942872,0.416167334657996,1,0,0.0487174640707334,1,0.17088849729252,-0.324016230945761,0.665793225530801,17.9310089707294,0.697317741834842,-5.68249829284247,0.489535547125237,0.834663611429138,0,0,0.885090529412805,0
"P00156","CYB_HUMAN","MT-CYB","Cytochrome b","=""MT-CYB""",NA,17.4331334506984,NA,NA,17.5925678534252,NA,17.0119763106267,17.977377263634,NA,17.8509633716027,17.6465538957472,16.0414532364211,NA,17.0038937185672,18.3939473111218,18.2247962721336,NA,NA,17.3857785223441,17.2769320955428,17.2615914156116,17.2659451107281,17.156545605366,16.7708807203057,16.768484127688,17.0331926587912,NA,NA,17.1343337324099,18.1721558946509,17.7318007209529,16.8677186277278,17.5605974727486,17.0509371807094,NA,17.562120097477,16.8441832391075,18.2116612523288,17.3954524295642,17.0438123584941,17.5428891339959,NA,15.4043198681911,NA,17.1178072125772,-0.18048866702253,-0.67601972492212,0.31504239087706,17.3042438175403,-0.741002268657517,-5.1929009481319,0.463926184739701,0.894740452448476,0,0,0.870558186688873,0,-0.0941064965924134,-0.552421556867493,0.364208563682666,17.3042438175403,-0.417730279838801,-5.76283943708209,0.678846595063042,0.914300764132198,0,0,0.96420331168409,0
"P00167","CYB5_HUMAN","CYB5A","Cytochrome b5","=""CYB5A""",NA,16.6487406728763,NA,17.0886976973121,NA,16.3716538869141,16.6458359270131,NA,NA,NA,15.8107010583444,17.0059874178453,17.3491815182592,17.5115864116511,16.0106453022812,NA,NA,16.2025524048305,17.401538244046,NA,16.5549094414853,NA,16.4634406402152,16.255876725346,17.010323956684,16.3821029579958,16.5115576130406,NA,17.1958477156049,16.6635212230481,16.5571970117145,NA,16.8667131990217,17.0862282295911,16.5294109691931,NA,NA,15.8667406967836,NA,16.7256105315303,16.3695517452979,NA,15.9440961572361,NA,17.67780001955,-0.0319757388713882,-0.464659877606911,0.400708399864135,16.6681446205254,-0.151134999809309,-5.39157285360923,0.880914183879703,0.962924583781994,0,0,0.995953841943151,0,-0.024611514194838,-0.45461567338702,0.405392644997344,16.6681446205254,-0.117052613284441,-5.75285479359494,0.907624136067936,0.978004865464408,0,0,0.99761737360313,0
"P00325","ADH1B_HUMAN","ADH1B","All-trans-retinol dehydrogenase [NAD(+)] ADH1B","=""ADH1B""",19.8043594606225,22.0191333764618,21.4806506047966,20.4420569410018,22.1680232722858,22.3048124633511,22.3490639438698,22.4503472638087,20.7178318589592,20.2096567952855,20.9844561632174,21.5583307332035,22.7331900273047,22.5990485298532,21.3436364020906,20.4682313129127,21.9201261453743,21.8967430723176,20.9914926031286,20.744039136527,23.3603116289305,22.3683920718732,20.8129870441634,21.2010391973206,20.4215314540296,20.345687133279,21.4807756837325,21.9793749764013,22.1147496127314,21.2144035178704,20.5157668519294,22.4031358698974,21.2663839890442,20.078742242953,20.7410546856046,21.9120655625083,20.9061562218534,21.5459559256287,22.2774105624726,21.1220194950177,20.9842697532259,20.304204482623,21.7123620800762,21.9569608029769,21.1013786922836,-0.119061698060822,-0.628741566834165,0.390618170712522,21.4069411032178,-0.470203006679286,-5.49033096131533,0.64042976299406,0.937631034793381,0,0,0.948327116539298,0,-0.166134491499783,-0.672843819118823,0.340574836119258,21.4069411032178,-0.659951039870664,-5.75775102921176,0.512573367856158,0.834663611429138,0,0,0.894912278677556,0
"P00338","LDHA_HUMAN","LDHA","L-lactate dehydrogenase A chain","=""LDHA""",29.2550639176687,29.3228077720285,29.5669495133394,29.9660653650234,28.7159938023569,29.0166012183756,29.3410933788871,28.8665778208441,28.9312005610602,28.8817704840984,28.7670555254215,29.4093950092688,27.5310514812252,29.2767019302251,29.1073125713268,28.6257997036787,29.015261456248,30.0003066165315,29.544072763917,29.6853897611887,28.9478776800054,28.6121476537434,28.804632954597,29.4195255226253,29.2768829803212,28.3247302834766,29.3742645680202,28.8033947190797,29.0848255509194,28.807590235024,28.6894310490524,28.6177785659356,29.5067038996233,29.7733403612574,28.9524584333059,28.4445744249999,29.5036392211801,29.118270969922,28.8781254293494,29.338582764571,28.0091446755619,29.0018218064778,27.9045164023583,28.8073090498227,29.2030200949372,0.0271086419086402,-0.290675876999899,0.34489316081718,29.0229124433084,0.171706143571447,-5.57450433977204,0.86442104667814,0.95848719206779,0,0,0.996058187531865,0,-0.171865686734733,-0.487798078358179,0.144066704888712,29.0229124433084,-1.09497910687302,-5.39970083560924,0.279221029327755,0.747796548567826,0,0,0.803114549492583,0
"P00352","AL1A1_HUMAN","ALDH1A1","Retinal dehydrogenase 1","=""ALDH1A1""",22.1745888582786,23.0148592942446,23.2635749694723,22.7936279500294,23.2073118689551,22.363917610395,23.549121653985,22.850722771827,23.7287692337154,23.7667155570934,22.9445694813303,23.2997150349613,22.2119587618365,22.8496911853298,24.3500087929944,22.1312410945682,22.98982112022,22.798498874119,23.0601583202196,23.9035586963471,22.6828811016013,23.2251516699684,22.6239681726728,23.1577761252058,23.784348148236,23.0765898475789,23.243553928097,22.4835226718603,22.5128897163424,24.2689822375882,22.4952580215635,22.7149321245699,22.9288239545801,23.0285933528248,22.8206646828328,22.0516481276322,23.7620599341978,22.5174096671921,23.4823394725127,23.7919572725677,23.4655638806225,23.3519006555339,22.2693695242915,22.2565912850058,24.4882011227224,-0.0321300569968557,-0.395628000227667,0.331367886233955,23.0608312850605,-0.177918188486738,-5.57354800130088,0.859567734757935,0.95848719206779,0,0,0.995149699120538,0,-0.0345085763983484,-0.395887963127271,0.326870810330574,23.0608312850605,-0.19220933531342,-5.94718564040162,0.84842351145107,0.959935715069946,0,0,0.994343698337675,0
"P00367","DHE3_HUMAN","GLUD1","Glutamate dehydrogenase 1, mitochondrial","=""GLUD1""",20.9046247750252,20.6035016109681,20.9009471244483,21.4390176706924,21.0437320047376,20.7859673675284,20.90600410932,20.6572208563711,20.359800296014,20.6745240562602,21.0768839949025,21.0991013143381,21.0112116728294,19.8988602904031,21.6104350014879,21.1298818189803,20.9079659860904,21.1318545535721,21.4779741020211,21.0033233962098,21.141008224144,21.4939758295618,21.0666417581353,20.7322399202754,21.1278122438354,21.1424567068576,21.4077447488904,21.2623334421952,20.6706004194401,21.6050385994695,21.3198419703003,20.9802152717338,21.0454439004958,21.227909166694,20.5551890240248,20.6301881617703,21.0426180547038,20.7648666062924,21.0009434326368,21.0109711477179,21.4429025308713,20.8360824870049,20.959890092664,20.4240399712323,21.5468919449911,0.28487886570769,0.0691352364653366,0.500622494950042,21.0013483924031,2.65786587533198,-2.72084940282998,0.0107757912980241,0.424491504989523,1,0,0.275097315091561,0,-0.167523865769663,-0.382010087433833,0.0469623558945065,21.0013483924031,-1.57212870449496,-4.8163558131984,0.122768384294295,0.598693123409454,0,0,0.703720586295444,0
"P00387","NB5R3_HUMAN","CYB5R3","NADH-cytochrome b5 reductase 3","=""CYB5R3""",23.1682941147632,24.2928002744373,23.9791364629516,24.3864414938969,24.3024453536433,24.2544157754722,24.3375174080801,24.4997214701989,24.2875373797068,23.9722509505029,23.9115727274355,24.1839734819306,23.585261709385,24.1537138415311,23.2781899267619,24.460491818562,23.8060851256963,24.1690123506847,24.7697086998999,24.0068761012911,24.3809841599033,24.2504975474583,23.9813078998385,23.9453731534663,23.8705040229808,23.68381377532,24.7409242961343,23.3532152613602,24.347089559402,24.0642169558988,24.8197636635169,24.4355568512492,23.9560267055873,24.7535321702998,24.1020412958272,24.3988621450595,24.1532321327925,24.0882973883012,24.1563018337619,23.9981372477048,24.0087474329933,24.4943759576921,24.4458444437521,24.4958232833647,24.1706530804179,0.086454452601501,-0.158416617531127,0.331325522734129,24.1533459717981,0.71065807652718,-5.36632117094464,0.48088077153031,0.896077533266722,0,0,0.93866520285332,0,0.176472993628291,-0.0669709069496953,0.419916894206278,24.1533459717981,1.45911716002884,-4.9717620216084,0.15132220046066,0.640959577373712,0,0,0.71659696624556,0
"P00390","GSHR_HUMAN","GSR","Glutathione reductase, mitochondrial","=""GSR""",21.0355980091264,21.2480697821318,21.4775796767483,21.3063728960775,21.576082760528,21.9591884546262,21.0071803722237,21.1682996734413,21.6990470045236,20.9583409936839,21.234958427423,22.0723185833196,21.179188377558,20.8960489813166,21.1521701522508,21.2145112210402,21.4917841043902,21.5983490052502,21.6572977171617,21.6384261544533,21.1048440465353,21.5495058833311,21.2669211207129,21.3843641130095,21.1384875228037,20.9926306326074,21.9626555126427,21.0256645674843,21.0889377370587,21.5044267616719,21.3867178608351,21.7830338379393,21.4216937771544,21.9411820465119,21.5159395489376,21.4615918572894,21.7410047936199,21.0875072914939,21.678782852662,20.9864535712902,21.4975580302517,21.9835787266107,21.5129400869933,20.7159353648247,22.1165111143269,0.0348540726724487,-0.188769375940101,0.258477521284998,21.409326244575,0.313723464000524,-5.54417344557655,0.755148095926954,0.948679518362231,0,0,0.990259284701403,0,0.147441644039215,-0.0748784714462688,0.3697617595247,21.409326244575,1.33491070374452,-5.13040382726491,0.188469235867178,0.671249120440705,0,0,0.781880286318251,0
"P00395","COX1_HUMAN","MT-CO1","Cytochrome c oxidase subunit 1","=""MT-CO1""",21.7430913811728,21.420178846502,NA,21.1085404841531,20.1993191556297,19.7748151741285,20.5119498039409,21.1480435734242,19.8593000359253,22.7538840984306,21.7307550138197,19.7802940010671,20.7001082657497,20.5703795004245,21.1614782856705,22.0590949561476,19.0038279676834,19.8882728489255,20.3487594198557,20.9618114637903,19.7824285276372,20.1205398729748,18.7385549824033,20.8547760939069,20.6223470320325,21.2762706889656,19.7172683134932,NA,20.5073299411077,21.2416530328538,21.248985394036,18.621807074873,20.2047413883996,NA,20.365762114502,20.9767654971046,21.5614555206407,21.346881879195,19.469717645652,20.831750029584,21.0539734416813,20.4682603969844,19.6827003932528,20.7151471196256,20.1837166644899,-0.541852590194104,-1.11349577116286,0.0297905907746558,20.5789699362342,-1.9115417010318,-4.03518968821248,0.0626079057809579,0.602561367313179,-1,0,0.222818067145273,0,0.128524189862532,-0.439767185376414,0.696815565101478,20.5789699362342,0.456080454006185,-5.83553704302965,0.650625131443531,0.905271592896649,0,0,0.946255674180823,0
"P00403","COX2_HUMAN","MT-CO2","Cytochrome c oxidase subunit 2","=""MT-CO2""",26.6170639981891,27.2595646229114,26.4161295422905,25.468085562807,26.3018540369198,25.9888810817677,26.7866094782326,27.1082984431558,26.8752067403222,27.313797618093,27.1148207786925,25.8243401069682,26.5226160294612,25.9215156789746,27.14347457604,27.3309454901568,27.2429284069103,26.5288396865589,26.4166192468788,26.765394210125,26.4854080961784,27.0806208676389,26.8408823884584,26.4907325620493,26.6218936889963,27.5471491233542,26.3397827022857,25.6254836672828,26.646242375227,27.0889432252668,27.1910527278695,26.9821881101095,26.8866539658358,26.5243716240433,24.8407615953456,27.2558820470609,26.9391066271672,26.9916464546027,27.0429344498468,26.6895360237882,27.5569574912762,26.552706397783,26.4411742331898,26.8222130929921,26.8309657828912,0.156499324343297,-0.199792825185158,0.512791473871753,26.6947172145777,0.884131824863212,-5.24632091689976,0.381218863076998,0.857403279233676,0,0,0.859912127118996,0,0.0330856590956081,-0.321129931090457,0.387301249281674,26.6947172145777,0.188010856782149,-5.94794782459504,0.851694343624218,0.960892501602455,0,0,0.994702918880838,0
"P00441","SODC_HUMAN","SOD1","Superoxide dismutase [Cu-Zn]","=""SOD1""",25.5386284281719,26.8797630695777,27.5159726197794,25.9403600391354,27.1972929376662,27.2330688153583,27.3942217558131,26.8528030121976,27.370598084995,26.4234098250505,26.3343582320589,26.8293834897666,26.0774092695749,26.8848328661682,25.8549940260512,26.8450487896396,25.759758062169,27.070492753743,27.047223371648,26.712409282296,26.9890654845408,26.8574557096196,26.5689789906578,26.5117487632614,26.63300733532,26.5247199040748,26.5685512092524,26.518816516753,26.7239709999077,26.6740544274942,26.708345573371,26.8197244652992,26.925460531998,26.5429620632646,26.535824774503,26.9299358487863,26.8083619513935,26.3234157502113,26.7149129546327,26.4659867295541,26.6792826660337,27.4252885328873,27.1775882613996,26.9827986932347,26.6654327935704,-0.0147421661331428,-0.312550697019498,0.283066364753212,26.7119493258196,-0.0996402886104403,-5.58311716336174,0.921062505177941,0.974517025567732,0,0,0.998788524756481,0,0.113334665984134,-0.182738162648119,0.409407494616386,26.7119493258196,0.77050422782371,-5.68307160876596,0.444936783365721,0.825125459460645,0,0,0.912304898017973,0
"P00492","HPRT_HUMAN","HPRT1","Hypoxanthine-guanine phosphoribosyltransferase","=""HPRT1""",18.2307700430572,18.8682918536355,20.0494000876741,19.6607623788252,18.7212502902418,19.2071330344659,18.4083490374013,19.0427708069533,18.1541202036912,18.1567528139159,18.0450261681015,19.3282823044231,18.591485073885,20.1174386176636,19.3432127937562,18.4278943101396,NA,18.7450183142172,19.4110558038611,19.3402026011824,19.2763245164389,18.9754658986301,17.3908937424504,18.2714315890805,19.0441154328922,18.3587956172509,19.8043942630455,18.7691715699018,18.7742555627777,18.9033215111084,19.8258702234052,20.0008871458066,19.0643603494468,20.0100071940749,20.5408699343847,18.6545779204979,18.4820591249104,19.636610930634,18.6169531753356,18.8774577951573,19.5895281130084,20.6621847092442,19.6093279733606,18.9041964616584,20.3356700915089,-0.100141204586599,-0.541856309260905,0.341573900087707,19.0960897132523,-0.456605780809774,-5.48192849021548,0.65014882813184,0.937693137615552,0,0,0.957800093177651,0,0.695348400727013,0.256213304548335,1.13448349690569,19.0960897132523,3.18915154637882,-1.60615470695216,0.00259707693073881,0.150502513137304,1,0,0.0159281798468947,1
"P00505","AATM_HUMAN","GOT2","Aspartate aminotransferase, mitochondrial","=""GOT2""",26.6249627909005,26.7571755789969,26.8631448158997,26.4223833296997,26.9587219647721,26.9235109782245,26.6272146249155,26.2851380155428,26.5240408297042,26.9482816517489,27.1771369156208,27.1391748236434,26.967645644859,26.6640634217534,27.5727935870354,27.2241469033322,27.3301545415599,26.9900202159965,26.9858836014192,27.1855489338343,26.7285098509142,26.8981646262691,26.599926917157,26.8797587516295,27.2787474634405,26.9850019865656,26.7353182718959,27.0973346788625,26.9767959357338,27.6740034483416,26.6795356194221,26.4297031411059,26.9522988804685,26.8841528818537,26.0631061932802,26.7728098294327,27.2334039255626,26.7216245429518,26.8436550575771,26.9945610426549,27.1755103952299,26.7049617086565,27.2909331381181,26.8006972560642,27.7109838684536,0.202746822685519,-0.0186510897423862,0.424144735113424,26.9173920573578,1.8432801460148,-4.15012894889679,0.0717307493810989,0.612150491830663,1,0,0.5861353291372,0,-0.154091909741311,-0.374199460021057,0.0660156405384353,26.9173920573578,-1.40914507561544,-5.03713599114261,0.165510894099056,0.655071957582339,0,0,0.757927206253398,0
"P00558","PGK1_HUMAN","PGK1","Phosphoglycerate kinase 1","=""PGK1""",29.0752599893648,28.9439376986616,29.5083658332092,30.0703484079822,29.1887024036524,29.2617964223812,29.0125429700431,29.2002687422833,29.1798791681533,29.523007670555,29.4072894730369,29.3783409952554,29.3436211293518,29.1616290072417,29.357486670298,29.0477890124207,29.2228420602475,29.6835017381626,29.6320942441988,29.3965639079671,28.9798580255902,29.1183543115429,29.212107015832,29.5627498523318,29.6324778099777,29.3107693812799,29.2454636191145,29.6262724850008,29.1592579603964,29.380261912679,29.078444590724,28.9710209388033,29.4148361883315,29.7415964147421,29.2422379699318,29.008059700222,29.3515185807926,29.3541585567306,29.3488645206718,29.6115778193405,29.2225774369387,29.0646825299413,29.1589735227864,29.0883393426504,29.4898328641263,0.0377245657022449,-0.129785787140042,0.205234918544531,29.3104346865543,0.453308022626338,-5.49717038482668,0.652456273091297,0.938586565843018,0,0,0.984020242566947,0,-0.0709094906672334,-0.23744355147333,0.095624570138863,29.3104346865543,-0.857061731096897,-5.61677136833741,0.395850036660298,0.802565618275863,0,0,0.936399355655718,0
"P00568","KAD1_HUMAN","AK1","Adenylate kinase isoenzyme 1","=""AK1""",28.7182449116961,28.6025683782852,29.1021724671073,29.0225262197407,28.6368818759767,29.0179147641365,28.6461329584357,28.6923841447158,28.5919232550781,28.3551786470581,28.721584666507,29.175027171345,28.3062095638591,28.5656006281155,28.3968326165433,28.5177077796744,28.6037273568481,29.3223417229585,28.8943960154798,28.9176938210123,28.421290543402,28.3336768428634,28.1486864091087,28.5806266398552,28.5451034020694,28.6401388754779,28.8310261209661,28.0685567088676,28.4269401225626,28.3152306865998,28.5334397637868,28.8294887978041,29.1226573431685,28.7215811998964,29.2601390843264,28.4733691485189,28.7756650341515,28.7836939725207,28.3323187356988,28.4635149843117,28.3643432019014,28.5149637910878,28.0901071237089,28.4032163751569,28.3756517632469,-0.132310954919792,-0.332589343032638,0.0679674331930544,28.6258327919029,-1.32975773847435,-4.82488125993808,0.190148847157394,0.735164347255353,0,0,0.802816331404697,0,0.0318004847693274,-0.167310631040537,0.230911600579191,28.6258327919029,0.321476361474376,-5.91550623095467,0.749304364271699,0.932548715587236,0,0,0.990864050267229,0
"P00846","ATP6_HUMAN","MT-ATP6","ATP synthase subunit a","=""MT-ATP6""",22.8911858939544,25.7539045516186,25.2291499896769,22.9768720784437,26.1294026323399,26.0980312425691,26.148633447952,25.5389298086889,25.4441984431858,26.4265931541424,25.8200972005575,24.9615855516189,23.9584529778922,25.4092561074909,25.682901767778,26.3474358162656,25.8232574487009,25.8428090509139,25.5056644207885,25.6690484754146,25.6531356864348,26.1861004324699,24.8801695501351,25.2946279410413,26.0774225016443,25.9918167192292,26.2009873343273,21.6277753012856,25.8214309408854,26.1101001154138,25.8610657602031,25.9138180279576,25.5788786450352,25.5486438146169,22.7197936723396,26.0043798901749,26.1930302361578,25.3399377413654,26.0549078050606,26.0072924955111,25.5882781477079,25.585927586791,25.7294283401108,26.1984736521377,26.0276217132201,0.302878513427931,-0.377600677226589,0.983357704082451,25.4633878691389,0.895910086668504,-5.23725983049905,0.374961215319936,0.848360935855129,0,0,0.742967160949622,0,0.0879797195626324,-0.588533468971084,0.764492908096349,25.4633878691389,0.261768338069528,-5.93211421727503,0.794667621690566,0.942866632673364,0,0,0.979982566623683,0
"P00966","ASSY_HUMAN","ASS1","Argininosuccinate synthase","=""ASS1""",18.5069610743039,NA,NA,NA,17.387656576574,18.2286606059166,NA,17.0488876921592,17.8219289953033,18.0528732466173,NA,NA,NA,18.1357978055109,NA,18.3022375918873,NA,15.7866533592966,16.9490741532465,NA,18.2471751012604,16.9608394994268,18.7778395277168,NA,18.4918047741976,17.8213799613546,18.7008005772446,NA,17.3665294251624,NA,17.4841752489061,NA,16.6040427245838,NA,17.9618916207924,18.1786954180505,NA,17.8843585453357,NA,18.198156009491,NA,NA,17.7423564270769,NA,NA,-0.0619673331738007,-0.696419217291038,0.572484550943437,17.7766989983923,-0.201139780930501,-5.32818432648322,0.842214165084052,0.958290008794964,0,0,0.989415327134984,0,-0.031383981283053,-0.66197107290873,0.599203110342624,17.7766989983923,-0.102493616553262,-5.69009322072117,0.919181248890678,0.979656818909501,0,0,0.99735870500874,0
"P01116","RASK_HUMAN","KRAS","GTPase KRas","=""KRAS""",17.319641134799,17.6039927908218,NA,NA,18.0369131988473,17.7893276077184,NA,17.8211656176407,17.1611920099891,NA,17.1944037820455,18.613624873143,17.3095266044497,17.7745758341767,17.4012066797726,17.4011412847827,17.3864097621993,17.4676091109814,18.2279612667136,17.4866271343073,17.0597319612552,16.7311922708106,17.8875067958377,17.6585927384012,17.793074370908,16.3598313629266,17.8483421220932,18.2991776846252,18.2173360207777,NA,17.5543563286595,NA,17.1370555821638,NA,17.9672920021803,NA,NA,17.7580426822973,17.3845114749585,16.9783802210567,17.4605997031136,17.2746240735821,17.3048090716178,17.5657172597978,18.3056351812544,-0.0592796141362975,-0.41271748654753,0.294158258274935,17.5705868777974,-0.339826112338275,-5.45610438635759,0.735906974735151,0.947417763940137,0,0,0.981986040381616,0,-0.0587695940875079,-0.410032702850547,0.292493514675531,17.5705868777974,-0.338988225660403,-5.82144276374476,0.736532931443048,0.928991337066132,0,0,0.982188709973961,0
"P01889","HLAB_HUMAN","HLA-B","HLA class I histocompatibility antigen, B alpha chain","=""HLA-B""",NA,14.9824254768871,NA,16.2671237222313,NA,14.7637539732339,14.4563925346195,14.9030446618048,14.2954101072154,NA,NA,14.9892211543536,15.2604559732757,NA,15.7042339471608,NA,NA,14.792094455385,15.4920277878577,14.7804743792161,NA,15.3996980385796,14.7645553095697,13.861544158657,14.8709492172164,NA,15.7419483696272,14.753803494224,NA,14.320708752642,NA,NA,14.8031925747281,15.0141600723553,16.1264746222336,NA,NA,NA,NA,NA,NA,16.3928024428235,15.6237603139676,NA,NA,-0.218043355569627,-0.716124544086,0.280037832946747,15.0983439808277,-0.901522510508013,-5.06754079119155,0.375900292698445,0.849471936777416,0,0,0.807881043496876,0,0.653854196779037,0.0636512560317453,1.24405713752633,15.0983439808277,2.28146286639516,-3.49920865167147,0.0312885795511558,0.361917289076479,1,0,0.103801044052845,0
"P01903","DRA_HUMAN","HLA-DRA","HLA class II histocompatibility antigen, DR alpha chain","=""HLA-DRA""",NA,NA,NA,NA,NA,17.3804558854613,NA,NA,NA,NA,NA,16.973038960984,NA,NA,16.3933524959277,NA,NA,NA,16.927290447293,NA,16.792872079409,16.6909341383991,NA,NA,17.3370423156517,16.9148381262678,19.3392180027431,17.7489547210609,16.9122748011523,NA,NA,16.8220722142163,NA,17.2885420146642,16.9408672981124,NA,NA,NA,NA,NA,NA,17.6925717021491,17.5334253087358,NA,18.3143964350249,0.553320270278643,-0.32986437243914,1.43650491299643,17.2942439380737,1.31602530715903,-4.55991253433423,0.204643133233246,0.740464466813426,0,0,0.415681571730352,0,0.0696296642680423,-0.628211126994107,0.767470455530192,17.2942439380737,0.209593166224307,-5.59359881226563,0.836333828525349,0.957194551784399,0,0,0.987632384548707,0
"P02144","MYG_HUMAN","MB","Myoglobin","=""MB""",33.0793222509114,32.4654824718505,32.4259771509252,33.2093215571606,32.7045141393258,32.8792115391853,33.2825434729183,32.6911431744253,32.6050728077375,32.3853801049243,32.9292892907768,33.0519269796147,32.8379688895317,32.4707983715091,32.3451091062502,32.9428970933573,31.9000213204945,32.3441590980181,32.8908231702652,32.8754415292878,32.2534401103108,32.9279698583739,32.926522847688,32.7167481542958,33.0691381471363,32.6048814218946,32.9048890250684,33.3532234135694,32.701285942257,32.9968574236989,32.789176853424,33.042278380596,32.1236736589831,32.6107245475472,34.0029826007837,32.6077674037127,32.6450236683441,32.5387010632719,32.4360687643481,32.4386236980212,32.453405458036,32.483898649671,32.9107744565738,32.6464347880631,32.8324104085297,0.00858772276549047,-0.244609045406713,0.261784490937694,32.740740094726,0.0682701202397785,-5.58543786590576,0.945866245013452,0.983220575615884,0,0,0.999522172128882,0,-0.0564236103873483,-0.308144684764146,0.19529746398945,32.740740094726,-0.451182353399419,-5.86778573103453,0.653976125260479,0.905507449629859,0,0,0.976322585706268,0
"P02511","CRYAB_HUMAN","CRYAB","Alpha-crystallin B chain","=""CRYAB""",28.3549363998426,28.0440418222042,27.6943595743149,28.9528653071438,28.4087784450708,28.4768914986424,28.3461016155929,28.1197792834061,28.4482581553044,27.9938897659746,28.0074567815666,28.8130269475806,28.47914721094,28.0468428271909,28.274615298246,28.2480643406386,28.3481486045395,27.6117445769786,28.3321937972406,28.4505324802706,27.7275232610564,28.356686444942,28.3391629167052,28.338535394528,28.2493813484319,28.1972707948926,28.908612289034,27.3225804617639,28.1847229487354,28.0880530842837,28.3786797676276,28.6790127576251,27.9008158866664,28.5533402972071,29.4778580666197,27.9732185704734,28.4003726113806,27.7426844233829,28.2093186433052,27.8976152210131,28.1104340289943,28.4126452348031,28.240682497364,28.1420573357662,28.2968122075687,-0.119582840029334,-0.368342206069247,0.129176526010578,28.2573278050413,-0.967609741615776,-5.17962245656888,0.338294903177275,0.826506778828922,0,0,0.878439414195996,0,0.114155653717106,-0.13315388081167,0.361465188245881,28.2573278050413,0.929110515331829,-5.55639205773459,0.357677641603331,0.78897033269944,0,0,0.889259602998993,0
"P02545","LMNA_HUMAN","LMNA","Prelamin-A/C","=""LMNA""",21.7499347122848,21.900518376313,20.9668211907222,20.9297980966009,20.8325789080931,19.1951168297451,22.15604499963,20.7864819287064,20.5146469056197,21.0927875623033,21.5644541338373,22.0719165403597,20.1351631169157,21.2501856777197,19.87346095477,21.3757775350813,20.9394636682729,20.7169307437095,20.4052959437996,20.8009216553971,21.4295602772604,19.996286986791,22.8371260250732,20.7221542222596,19.8244921863562,20.8635479077025,19.7162531794486,21.1926715683628,19.9542465826772,21.3877333265335,21.8930816621621,21.7982764801616,21.1238649431244,19.6568561592478,21.0240800315295,20.9795961647431,21.6449501676572,21.207518437872,21.3342144613083,21.9787855801548,21.7299982831902,19.9928583728476,19.5606015714144,21.3528517293742,20.2052339980659,-0.1735342373306,-0.717404051854351,0.370335577193152,20.9481142174489,-0.642245434653037,-5.40664914854797,0.523899082602163,0.896077533266722,0,0,0.893881302147833,0,0.221353748941851,-0.31934625691256,0.762053754796263,20.9481142174489,0.82402676368067,-5.64288175827709,0.414172818845199,0.813290868361498,0,0,0.822738291722233,0
"P02585","TNNC2_HUMAN","TNNC2","Troponin C, skeletal muscle","=""TNNC2""",27.9516059609703,27.959853200756,26.9273009093526,26.75307754402,25.7799277901401,26.0814741803476,28.2682426863725,26.9065181974692,27.3243618841526,26.9485106751749,27.7099843633169,26.4316485950402,26.5196804337327,27.2551348741585,25.7448499686333,25.9592855662614,26.7752990097486,26.5801217603333,25.6621954427216,26.4030682561959,27.6879950597777,25.6691439515179,27.7101417015595,26.6826419757204,26.3121039418542,27.0499206433181,26.4414402439134,26.5186782236535,26.4468917161164,26.2480848891774,26.7021878446616,27.0848049972243,27.2194617554885,26.066929515916,26.6002558079463,26.7247669630734,25.9080685699118,27.5757417596188,27.1379995671884,27.3168810966675,27.7840745541936,26.6684235948636,25.7258287298779,26.654106690381,25.7689002974418,-0.392908839097007,-0.823892617668522,0.038074939474508,26.7477247864436,-1.8350237290163,-4.16247111372578,0.0729673054608279,0.612150491830663,-1,0,0.357530473159556,0,0.186094624172355,-0.242377273649063,0.614566521993774,26.7477247864436,0.874223133272079,-5.6028157713817,0.386534208186026,0.801609022432753,0,0,0.837872417649778,0
"P02786","TFR1_HUMAN","TFRC","Transferrin receptor protein 1","=""TFRC""",NA,NA,15.0835547416235,16.5111190211502,16.0057921123324,NA,14.6493087000977,16.1073737917438,14.9191507701458,NA,NA,15.3415925690769,15.5344207596639,NA,NA,17.0292272604365,NA,15.0765562582536,16.7642048957559,15.5439050812942,NA,15.8313696381336,16.013958893263,14.1177737637259,14.476556656472,NA,NA,14.6819154356891,15.3010119827364,NA,16.1391453650022,NA,NA,16.721635255085,NA,15.0427556885906,16.1452192839891,15.4400541237318,15.9570098952505,15.1333859226926,NA,15.5824412622492,16.9374552466072,16.5575666952093,NA,-0.0771290331273669,-0.705131680835013,0.550873614580279,15.6659093239286,-0.251172361495434,-5.34958839370807,0.80344961756597,0.948679518362231,0,0,0.983262672598184,0,0.504243992336404,-0.0851632671348532,1.09365125180766,15.6659093239286,1.74960772862738,-4.42331467464833,0.0907479506443592,0.536289290879593,1,0,0.29819165167834,0
"P02792","FRIL_HUMAN","FTL","Ferritin light chain","=""FTL""",20.1840771611051,23.9408158629624,22.2283205997606,19.6069335359375,21.9312833087469,22.5071728882563,21.963682665541,19.6543578073194,21.9060881815615,21.489687324985,22.9443061906104,21.4450490872384,20.0298363630614,21.1088954345304,22.4122901692973,20.1468549387914,21.9174541930114,23.0835385964103,20.8346111198555,21.8387619969742,21.6414740347444,21.2585651110623,18.8908488532215,22.6862889856474,20.9562987608908,22.910743246122,24.4124501810247,21.475691864637,21.1917737120752,22.2950899396983,22.9917993268072,25.7666733695464,22.1286514367865,22.0092787097883,23.6362520907562,21.4590621646056,21.7516285200087,20.4882160094161,22.6494213077701,21.0100991036185,23.1133261371373,23.2763832001977,20.306957063217,21.3512658596863,21.4215191260162,0.160864249703,-0.637880039216903,0.959608538622902,21.8278616786764,0.405380245805999,-5.51522323461179,0.687075664204883,0.944052408976364,0,0,0.941412286110462,0,0.52133919274614,-0.272749815619497,1.31542820111178,21.8278616786764,1.32148427751403,-5.14677745904032,0.192869367227932,0.677542943761827,0,0,0.424013537610361,0
"P02794","FRIH_HUMAN","FTH1","Ferritin heavy chain","=""FTH1""",23.4764859314421,25.556646674472,25.3842982178683,23.5893138590121,25.2747047298965,24.919864040381,25.0024096092763,23.1306281176679,24.8875424755533,24.6210208094736,24.7785485235552,24.4493809388402,22.4465706055144,24.120914155981,24.7671431996379,24.2194049957586,24.9090591921594,25.4922767356774,24.1993320306664,23.7727563203342,25.0872729356422,24.8435107746539,23.0504763888634,24.9711368126955,24.225750219147,24.7291663077816,24.7792375209279,23.2730747531463,24.1879271892847,25.1082070461737,24.7879852642294,26.7353433386511,25.0246404161202,24.3853838512394,26.1313194148534,24.9688238038433,23.5573776288064,22.8166241868282,24.5909517773452,23.947632327148,24.9549808093758,24.7895380473141,22.6698391020264,24.0362546141102,23.9175044532839,0.0427299224465862,-0.49645135913441,0.581911204027583,24.4570724477035,0.159517416705021,-5.57628216164887,0.873958983327924,0.962782567997101,0,0,0.99425988425089,0,0.0310406541508641,-0.504998144697941,0.567079452999669,24.4570724477035,0.116558902515101,-5.95834106413347,0.90771655975425,0.978004865464408,0,0,0.996999059243089,0
"P03886","NU1M_HUMAN","MT-ND1","NADH-ubiquinone oxidoreductase chain 1","=""MT-ND1""",22.3357401179382,21.9768050859898,19.5107324344089,20.6888449876784,20.6380868667785,21.3181003985504,21.5598761409114,21.9776490366007,21.6836935492726,22.1235781603351,22.0581126634228,21.8458139295246,21.917655521643,21.1693306160001,22.2231325055651,21.6710526302018,22.038072447276,21.4699100613834,21.240802284981,21.5811416590391,20.7496073878466,21.2459185167291,22.409861889609,21.8216036251235,21.7331710424043,22.4065832866523,20.9965957839494,19.7697900892345,21.660439745379,21.5493150728287,21.2542997040107,21.7454410219563,21.5272661040871,21.4786171645691,18.8168481588529,21.5204241358261,21.6280710506763,21.6756788766942,21.656764119338,21.7221054829208,22.3282804610552,21.4548499218185,21.5592140227877,21.498493852237,21.6680346479338,-0.0446873121225302,-0.515457786490639,0.426083162245578,21.4867868058227,-0.191067062228233,-5.57141183382919,0.849313136977993,0.95848719206779,0,0,0.992727911144375,0,-0.0539651198582618,-0.521991826708719,0.414061586992196,21.4867868058227,-0.23208833886131,-5.93910855116723,0.817497934034045,0.949659265684374,0,0,0.989184567750853,0
"P03891","NU2M_HUMAN","MT-ND2","NADH-ubiquinone oxidoreductase chain 2","=""MT-ND2""",23.5837449789775,23.5663087459783,22.8499369412716,22.38724063798,22.4740482998534,22.3044033219672,23.0688816791007,23.2959673801417,22.5665752963378,23.6994196427483,23.1829697500234,21.9778099614273,22.8141576863397,22.8218061325646,22.9846641333746,23.7033025310595,20.5210687837282,22.8637853841506,23.0409506602043,23.0613668780187,23.4858915928651,22.8686618972455,21.7827835794834,22.530026156588,22.9620215338768,23.3950447162314,22.5726833281406,21.4711468070901,23.0166915206994,23.0623800076101,23.2131104202534,21.9753331141332,23.1849740430025,22.164471736102,21.365058306628,23.7244208720978,23.1839408920959,23.6556247927289,22.6861772554415,23.2253560715931,23.1960111025438,22.9359871205947,22.6497528072782,22.9984087929311,22.9290993852504,-0.219161929294227,-0.662544395984424,0.22422053739597,22.8222992595056,-0.994941187406857,-5.15653641872899,0.324965362498469,0.826372714395847,0,0,0.781651689721774,0,0.183328089045542,-0.257470234253689,0.624126412344773,22.8222992595056,0.837143457714632,-5.63263339691702,0.406836410064712,0.80898183426914,0,0,0.847999665170655,0
"P03897","NU3M_HUMAN","MT-ND3","NADH-ubiquinone oxidoreductase chain 3","=""MT-ND3""",19.6189880975646,20.7501772729973,20.3060050535324,18.4454307030182,19.4194934870836,19.9109382671651,20.4006004431976,20.7127671425394,19.8221739708951,21.3247603056739,20.6245785294445,20.3221802546527,18.8100184963404,20.0775887505852,20.8368218088041,20.5421481036419,21.456736604015,19.9295552788695,20.1744085531562,20.5455140598568,20.62724114615,20.4125157512674,20.8238261384557,20.1319846774673,20.2426848967237,21.2733551579131,19.4482679616616,16.3920358073217,20.7175138882687,20.4453222108207,20.1366839520552,19.9569632158895,20.5209987249243,19.6413092860351,17.5894900845771,21.1116146404597,20.630828166432,20.7373582115644,21.0516050492854,20.3799042853028,21.197650179329,20.0040044046838,20.1416892399466,20.3085807190243,20.2896418687142,0.116391702283984,-0.485115611590661,0.717899016158629,20.1831989966068,0.389486059084309,-5.52076876274665,0.698712433262325,0.947110987403691,0,0,0.95913035075089,0,0.0356807861756074,-0.562320793335271,0.633682365686486,20.1831989966068,0.120099968560936,-5.95794073990753,0.904926523658434,0.977865538778253,0,0,0.996441780464278,0
"P03905","NU4M_HUMAN","MT-ND4","NADH-ubiquinone oxidoreductase chain 4","=""MT-ND4""",21.766261982038,22.7107256238331,21.1609324698167,21.2190287731506,21.7345916921671,21.3055177734755,22.0516956400836,22.1964386345867,21.5436005056522,23.1145628907668,22.3014466834241,20.6512427971938,20.7364001607493,21.1020991829194,21.7957720825864,22.754207230369,21.7259810200178,21.782153518869,21.114187734309,21.7752034716622,22.0304033882865,21.8226462896313,21.348887477501,21.5173764601796,21.5570940589987,22.3542154423614,21.5143997579779,NA,21.8322358618836,21.7676812775925,22.2712370747029,21.6364762402521,22.1738097256251,20.4571331975813,21.2462862259802,22.8642747583144,22.0381194967984,22.3419422709289,21.9252789422145,21.9802830941325,22.2240306079942,21.2094278228697,21.0633938981168,22.255979758744,21.6850974900127,0.0680837968209396,-0.318759357562249,0.454926951204128,21.764994556508,0.354470171886649,-5.5181275698261,0.724640821945619,0.947417763940137,0,0,0.978310306538593,0,0.0657211954622134,-0.318862451346471,0.450304842270898,21.764994556508,0.344179885754617,-5.89287289682761,0.732312771509235,0.926749384625096,0,0,0.979732916223477,0
"P03915","NU5M_HUMAN","MT-ND5","NADH-ubiquinone oxidoreductase chain 5","=""MT-ND5""",21.9109295155514,22.2492322722065,20.1603411387525,21.2024000614671,20.9834266520178,21.1058133435119,21.9044439405575,21.893256256555,21.364261335047,22.486886869218,21.897804966607,20.0021646818194,22.1329438430914,21.0862751549037,21.2942490887994,22.3805634049389,21.4873952104202,21.5330660214309,21.2769497927658,21.8005931324738,21.1024913809381,21.2951693591756,21.6188011149566,21.4253614049276,21.2696529754934,22.1090339468104,20.165104197731,22.1973155018222,22.0498054088274,21.6575013647642,21.625968654572,21.0552226585813,21.7156045175917,20.289674900503,20.1558490497664,22.1473338904389,22.1667858683674,21.8577251007462,21.3850889044756,21.7323285534499,21.8675354474284,19.8959443971398,21.3472330386126,21.7846153700971,21.2705414409261,0.112955581330429,-0.302966902912874,0.528878065573731,21.4520152251173,0.546645914396804,-5.45629680618865,0.587261692607244,0.914912217899208,0,0,0.941647260322818,0,-0.204756828318626,-0.618255212784517,0.208741556147265,21.4520152251173,-0.996725080583356,-5.49547762337419,0.324107794844808,0.770746018696202,0,0,0.79398140070582,0
"P03928","ATP8_HUMAN","MT-ATP8","ATP synthase protein 8","=""MT-ATP8""",20.2363459930329,NA,NA,18.6116002018905,19.6222225914732,20.019666645135,20.4294197704923,18.9150453982389,20.2596170476775,20.0120595853631,20.3834908161763,20.7531335796696,20.9380646493241,18.5349219722742,20.3223004591192,20.1195202550453,NA,NA,19.9398662154609,20.5708147460078,19.5359671186316,19.5080405927792,20.5359933460801,19.079374441066,19.7798676558998,19.6325764100283,19.09860754269,20.5245552277411,20.1368822415352,20.4004729492625,19.4521321378734,NA,NA,NA,18.9568100685845,19.8909109124693,20.838913224494,19.4167083908882,19.7372539303636,20.4074865030958,20.3083225972903,19.2808542743275,19.9721530146533,20.155138288737,19.6220718259666,-0.0136174614441806,-0.476295094367337,0.449060171478975,19.8931363847589,-0.0595295482022358,-5.52504099479172,0.95283401246308,0.983781746134092,0,0,0.999342294667865,0,-0.0925261068171288,-0.561520911974506,0.376468698340248,19.8931363847589,-0.399035187327862,-5.80522637095298,0.692041667431855,0.915228679438145,0,0,0.966513799113673,0
"P04075","ALDOA_HUMAN","ALDOA","Fructose-bisphosphate aldolase A","=""ALDOA""",31.3190938197181,31.5442781782062,31.5288543308653,30.7271448743042,31.4705560347161,31.6171159318709,31.4506593507666,31.3086835696098,31.5834840701934,31.3595043467647,31.5082615145368,31.6551326676926,31.6093358901768,31.5284386917451,31.5670440401624,31.2852119555574,31.3382533870638,31.6997685858398,31.0619504711558,31.5616074885593,31.6679977595332,31.6129030748814,31.2396776591027,31.7494142290547,31.4651743374414,31.2610287614083,31.5821903262221,31.016173498406,31.8074255867827,31.2960755524371,31.1639687122142,31.2664895978968,31.3182032490669,31.163602943231,31.0881169410561,31.5958786284,31.5054393046193,31.4469283861705,31.5614059523904,31.5009670300246,31.3989143083582,31.4076688317679,31.730292615904,31.6608519634984,31.21736834171,-0.0117912823148885,-0.175296913398781,0.151714348769004,31.4321897064685,-0.145157384187215,-5.57820900205478,0.885220226546422,0.962924583781994,0,0,0.998563453579723,0,-0.0412503911424764,-0.203803070705518,0.121302288420565,31.4321897064685,-0.510792777697315,-5.84053016850162,0.611936821242651,0.880375407265006,0,0,0.97994468842141,0
"P04080","CYTB_HUMAN","CSTB","Cystatin-B","=""CSTB""",23.8144026103378,24.2431348374897,23.7683572389076,24.954217528092,24.1836341176214,25.2170484624621,24.7066672068484,24.3338551612743,23.5631091556178,24.1172621998276,24.0333600485597,25.1277493457686,24.5780309852833,24.5664827254127,24.3522375439037,23.5131876480466,24.4442783168345,24.4338111602888,24.6673290283284,23.9117612678395,24.1871409615321,23.8825993180568,24.7683062852398,23.5645988983583,24.1129086308652,23.8478094327663,24.2596940099008,24.1623745264696,24.3346938588858,24.44672213338,23.8756472496982,24.648633326526,24.1947074208612,24.6822211930284,24.7005159316461,24.2333406297134,24.1212578993016,24.2392222415569,23.4981811850953,23.891623302419,23.7969044698831,24.3625619788997,24.0443220725367,24.2045531737862,24.5434778019617,-0.193246469457026,-0.453622535231903,0.0671295963178498,24.2474207671358,-1.49389927872741,-4.63030687114326,0.142024264015205,0.708378884160682,0,0,0.685799327496629,0,0.0333302933413933,-0.225528235904443,0.29218882258723,24.2474207671358,0.259171633830246,-5.93275961137948,0.796658126595564,0.943354234521813,0,0,0.992451669156026,0
"P04179","SODM_HUMAN","SOD2","Superoxide dismutase [Mn], mitochondrial","=""SOD2""",25.2728783162411,24.6559746579544,25.0274245525342,25.6153648014139,25.9202200741075,25.7147162540527,25.0655461788365,25.0846593010865,24.8694776356295,25.1030773674796,24.8830206195889,25.319840293861,25.6136942384352,24.4038176363096,25.4615483708997,25.4053747381786,25.5646808349401,24.9860692529112,25.9704703017869,24.9499991789092,25.4554210648776,25.6051604491093,24.7316308576833,25.0362082183384,25.6674718101662,25.0666537775857,25.0983677047522,23.5223785347853,24.6167716494645,25.8484732795915,25.3214778365721,25.3736363532953,25.4947479740655,25.7646555855771,25.3438763763062,25.3773034893957,24.9797320480045,25.0760942542283,24.7339148430555,24.957398543314,25.0584196944057,25.1017157386021,25.4937990128697,24.6333081364889,25.6238799236449,-0.0362204447440178,-0.342932345909001,0.270491456420965,25.1971189280297,-0.237702615599267,-5.56261055556894,0.813166406008268,0.948679518362231,0,0,0.992536893722193,0,0.0539218771163767,-0.251002430736126,0.35884618496888,25.1971189280297,0.355945712126707,-5.90437778768474,0.723507065553707,0.924715963328736,0,0,0.982699852069384,0
"P04216","THY1_HUMAN","THY1","Thy-1 membrane glycoprotein","=""THY1""",NA,19.2336227057318,NA,NA,NA,NA,19.5352392693959,19.0115927551605,NA,NA,18.0128062390289,17.1698747046016,NA,NA,NA,18.8126828004309,NA,19.3013317123739,NA,18.9762673900905,18.8381747042289,19.6127535165002,16.8579973534101,NA,18.5019014597595,17.6749903690549,22.7027061978575,NA,19.6411582535116,17.9172418042022,20.2262773145902,18.7228199166245,18.0211902160211,NA,NA,18.2193973919411,NA,16.9932180051982,NA,18.6562481968216,NA,17.5198827057433,NA,19.3271050438346,19.2299547904825,0.353544500312939,-0.867359065927103,1.57444806655298,18.7486573926638,0.595186584897673,-5.13820515881417,0.556856081686657,0.905137078267613,0,0,0.81303421862376,0,-0.469554925822845,-1.47912383110478,0.540013979459093,18.7486573926638,-0.95596247601064,-5.35462276124375,0.34788224993142,0.785634081095124,0,0,0.609084101632424,0
"P04406","G3P_HUMAN","GAPDH","Glyceraldehyde-3-phosphate dehydrogenase","=""GAPDH""",30.9816195670311,31.33866871267,31.0813386009928,31.5546549077754,31.1840887417256,31.1331981560583,31.1935206112104,31.1399827276622,31.2079116672551,31.0555288981623,31.3034261704599,31.4574709214709,31.4244332146698,31.101333596626,30.9932474085488,31.3313173696023,30.6531480704525,31.5487918137395,30.9308894864795,31.6477235394147,30.7452983361268,31.1080585657283,30.8240087050698,31.483428484378,31.2779045228277,31.1875173481964,31.4430067405533,31.3074078062838,31.3145507447716,31.0806680064362,31.0858979105934,30.6349706194614,31.2115648334204,31.1860793686827,31.1213530595017,30.9882165264044,31.5890193661211,31.2622817072423,31.399108254511,31.3647717786936,31.0534057157992,31.0576018941675,31.3413598957719,31.2475797318537,31.243580631095,-0.0214051405192599,-0.197766004491865,0.154955723453345,31.1960207719044,-0.244301804833665,-5.56121089752973,0.808082544576784,0.948679518362231,0,0,0.995449142453488,0,-0.00646188311606366,-0.181794872070376,0.168871105838248,31.1960207719044,-0.0741833209944443,-5.96220262026304,0.941185892898231,0.985970232890556,0,0,0.999608392169146,0
"P04439","HLAA_HUMAN","HLA-A","HLA class I histocompatibility antigen, A alpha chain","=""HLA-A""",18.7056997888347,18.3976126082774,17.7591103094569,19.2069670637711,19.2052063346915,17.9135825965316,16.9781508154385,18.0514521074856,17.1222897589728,17.123315979931,17.1744487819101,18.4424079817487,18.808527397916,18.5467021332817,18.4646880093455,18.6732649173978,18.00242434293,17.6852509970015,18.8707063049317,17.3952232664596,18.2370706859247,19.2537558582067,17.7914285917656,17.4232368184614,18.4274827224454,18.106896027298,19.4593065379552,17.8280887613894,18.811347922265,18.4673490360277,19.2724410901312,18.9899060888254,17.9064079994993,18.7644276213852,19.6518268113801,17.56770890722,17.3490355517425,17.1950594853765,16.9872911299778,18.2716608765075,17.9235635206716,19.3902893634971,18.8760639852201,18.8692945959416,18.6050333907569,0.154841529648323,-0.314549428239637,0.624232487536283,18.2656223305819,0.663993065233157,-5.39426178966448,0.510006411493688,0.896077533266722,0,0,0.900991230927578,0,0.0791451751782475,-0.387510055357523,0.545800405714018,18.2656223305819,0.341380819512781,-5.90921749782064,0.734370080780114,0.928733362159918,0,0,0.975860674851608,0
"P04632","CPNS1_HUMAN","CAPNS1","Calpain small subunit 1","=""CAPNS1""",22.8856269626721,22.2838137302276,22.3868523481297,23.6302928747959,22.4978764599086,22.7912782385427,21.970113619607,22.2392718999512,21.8440769983486,21.8717479161308,22.0466587440386,23.0845935667824,22.8047960896357,22.592356386026,22.614731896246,22.0939825983793,22.6249667120951,21.9200098320283,22.725689515393,22.39755171522,22.370952283697,22.4219375728341,22.3736837546072,22.3380057308742,22.6034944760709,21.7775975781783,22.6368437520825,21.8620417823813,22.5380954128003,22.3816459321774,22.2222269238505,22.5387469800994,22.27376319567,22.7657085588631,23.5087327924594,22.2249894769532,22.2855681438068,22.5139899178252,21.8420659611424,22.163455033175,21.9270206128608,22.5192723906284,22.1385349740542,21.9339081579009,22.8793770803758,-0.171867076680407,-0.445478954063402,0.101744800702589,22.4077321462117,-1.264353613115,-4.89664829613532,0.212466444698843,0.752472233109963,0,0,0.766272710408513,0,0.0447241033897612,-0.227293095859235,0.316741302638758,22.4077321462117,0.330945201146986,-5.9125614495598,0.742187391372184,0.93045109399261,0,0,0.986753863768966,0
"P04792","HSPB1_HUMAN","HSPB1","Heat shock protein beta-1","=""HSPB1""",28.0362542117254,29.014713086172,29.25397429688,29.0254575534166,29.8276079434766,29.2262378491465,29.2408044661616,29.3995104147795,28.8633530033734,28.9602057866015,28.932466933274,29.1794278655705,27.9345530597258,29.22551414831,28.9141167892306,29.3414777510487,29.2855036929922,29.1617293526656,29.0218958931756,29.1239024814142,28.7630899469162,29.7122167706752,29.4968470441311,28.9781894375848,28.7180021694353,29.2299598396815,29.5225767231752,29.0837553932846,29.3713941632691,29.2164025587568,29.535203377274,29.0521580794897,29.157115379599,29.204895638238,29.2000909476936,29.1867543307933,29.2110951426415,28.713213077114,29.0510377051927,28.5237087202706,29.3247482649617,28.9027151998489,28.6951036908268,29.2873758676802,28.9708311882252,0.195579992018708,-0.0498954436628781,0.441055427700293,29.0906041607978,1.60371501182303,-4.48885443274916,0.115615826950885,0.679806474125127,0,0,0.655760010493198,0,-0.134059773890442,-0.378104517624517,0.109984969843632,29.0906041607978,-1.10570642784202,-5.38872761163672,0.27459804059688,0.747796548567826,0,0,0.840914623485675,0
"P04843","RPN1_HUMAN","RPN1","Dolichyl-diphosphooligosaccharide--protein glycosyltransferase subunit 1","=""RPN1""",21.8681539557979,21.5825107292126,21.8515067664426,21.7620698089534,21.1710680166782,21.041088584863,21.3478874221041,21.7144349326623,21.7490245705197,21.6639713624211,21.7635974273588,20.2619275783822,22.0721279956864,21.7168018616526,21.0550516968572,21.5228069304301,21.3416614279063,21.3934526762937,21.2376049559786,21.5401936678855,21.470211692571,21.6384379517065,20.7224905386154,21.7681263935423,21.4485962535232,21.51344954225,21.9386921160323,21.8229195000228,21.509980595057,20.9844796235455,21.5821855423938,21.8143769027111,21.4819533423602,21.7962981261748,22.3387624893268,21.678164081417,21.4027365877465,21.7772988055414,21.376031088045,21.7070872483126,21.3838168705704,21.6162539294305,21.4200940993673,21.9582173307562,20.7183017260804,-0.0530568920520125,-0.318923876754738,0.212810092650713,21.5227978832264,-0.401687397362822,-5.51653130257144,0.689772651478151,0.945624054281237,0,0,0.980487903674837,0,0.14656495365826,-0.117752492073012,0.410882399389532,21.5227978832264,1.11613086005689,-5.37796740680877,0.270157563085749,0.747796548567826,0,0,0.825458019255124,0
"P04844","RPN2_HUMAN","RPN2","Dolichyl-diphosphooligosaccharide--protein glycosyltransferase subunit 2","=""RPN2""",20.8823176092269,20.4310433548754,20.102466544264,20.9162634202676,19.8682658081773,19.554786864316,20.2672729195219,20.2168930227443,20.1623671229518,20.5391705384835,20.2537386489329,19.3947693277622,20.614435921469,20.8253850045174,20.4365564258968,20.3658089411449,20.1339719489886,20.1695814706741,20.0933675193083,20.4574719635719,20.241887911461,20.2295450177889,19.3873859924694,20.662579511759,20.4839547622226,20.5012080422959,21.0208428936089,19.9943784452331,20.2555430254713,19.5890206255377,20.3472085301358,20.3615438680568,20.1201228452404,20.0830158768796,21.2168997129795,20.2569275793593,20.1305593499152,20.715932863279,19.9956633742765,20.47560494257,19.9537683995797,20.1661967751484,20.1927974982547,20.3807237950414,19.509685823507,-0.0575107834368254,-0.346609769085374,0.231588202211724,20.2657540408703,-0.40041793891847,-5.51697822295755,0.690700714439116,0.945624054281237,0,0,0.978943070470783,0,0.0213402108458816,-0.266073833946355,0.308754255638118,20.2657540408703,0.14945193054044,-5.95416162000943,0.881849791164409,0.974297643470521,0,0,0.997320416208175,0
"P04899","GNAI2_HUMAN","GNAI2","Guanine nucleotide-binding protein G(i) subunit alpha-2","=""GNAI2""",20.4432239829418,21.2474218483983,20.8622857359158,20.5952911734437,21.2344963949666,21.6577650636369,21.1653484495126,21.6550309579767,20.6691314573684,21.2498360567875,20.847107986808,21.4216950204455,20.6068144154536,21.167156582963,21.1620803166067,21.3128712301272,21.5165186969529,20.9510771997799,21.1708097330375,20.9879556601041,22.0990033374457,21.4934841194824,20.9982218268643,20.850000931891,21.2422871527749,20.9049171239963,22.6789320686676,20.3967998000673,21.3019118077424,21.1081349605675,21.3312008300573,22.2396684263412,20.6971056965211,22.3786894363092,21.0333553326393,21.1426518368612,21.517793373266,21.2372173868373,21.0709816292371,21.3002431197496,20.7934620940158,22.2396391935233,21.8880627302008,22.2220652368873,22.0204447369496,0.200990090936376,-0.128308238821701,0.530288420694453,21.2913376033805,1.22855874806589,-4.93451043952639,0.225480294019884,0.753445779529677,0,0,0.741278215160073,0,0.273310360659657,-0.054068736457461,0.600689457776775,21.2913376033805,1.68041271333431,-4.65779678643098,0.0996505919228425,0.549969073780264,1,0,0.532444291934531,0
"P04921","GLPC_HUMAN","GYPC","Glycophorin-C","=""GYPC""",NA,NA,21.2686567547207,16.9313809230544,18.2841020881394,17.6431549494402,17.9626897729624,18.5140512789159,17.873445647774,18.7244993588678,18.3538163459286,17.6340674681343,NA,19.8408682232295,NA,17.6980980563848,NA,16.9866621621156,NA,19.2264206251355,18.9695147793491,18.6798461446647,NA,NA,18.7653518905726,17.4311226645015,18.8041574840679,NA,18.3134500977476,18.016414610425,17.748415778169,NA,18.631614511291,17.9067296058091,17.445451627574,18.4313483303216,NA,19.3585865629108,18.9851260219905,18.2548374077875,19.6408875420962,19.0141722274271,18.2311499803625,19.1913759684293,20.9524660565794,-0.22527467557169,-1.00578372411993,0.555234372976546,18.5209980278494,-0.585916038746594,-5.29833087822018,0.561687160012697,0.905137078267613,0,0,0.878147468902064,0,0.515411229087189,-0.233104330532528,1.2639267887069,18.5209980278494,1.39782884892592,-4.94306145735896,0.170951339352877,0.655071957582339,0,0,0.402359144739117,0
"P05023","AT1A1_HUMAN","ATP1A1","Sodium/potassium-transporting ATPase subunit alpha-1","=""ATP1A1""",22.1786606341926,23.385959266721,22.9790284592768,21.9811680536689,22.7439789183838,22.8188601905732,22.8852620718983,22.5512290875944,23.2406304709888,23.2922728737442,22.9021913000003,23.1794097329597,22.313437610094,23.0825232249461,23.0864003350786,23.1106437368072,23.2340564668936,23.2151148247707,23.2801515685477,22.7695031119008,22.9367897954423,22.8510621697415,22.8475392203172,23.148176187328,23.015588546508,22.9235831380649,23.1004131318161,22.397209765426,23.0475218448883,23.213733184123,22.9796343720448,23.6828532958966,23.0209193368057,23.0136839237663,22.0864999871587,22.5129297789327,22.9752312208603,22.6735283550185,23.2316104658942,23.1831614797128,22.9931275713652,23.2338914310494,23.098245560327,22.8474993862366,22.9948724066366,0.166820402464854,-0.0655312837827239,0.399172088712432,22.93866194432,1.44515405534354,-4.69022248124321,0.155186956435464,0.720861261794311,0,0,0.732855145468815,0,-0.0375598747246606,-0.268557357503439,0.193437608054118,22.93866194432,-0.327286203001886,-5.91370947072443,0.744934909798867,0.932151400981828,0,0,0.989001113094055,0
"P05026","AT1B1_HUMAN","ATP1B1","Sodium/potassium-transporting ATPase subunit beta-1","=""ATP1B1""",22.3201175977631,22.8643546362825,21.5650753534555,22.9195608326912,22.0848488886835,22.407167285691,22.5103151239559,21.477254020561,22.6841337268911,22.6457589364499,22.3217455221704,22.4400710812942,22.5507295838004,22.1908292986405,22.4577050122412,22.5675706728466,23.1582795562055,22.5493215755985,22.5741289775206,22.1453588878739,21.7948820717819,21.9930506285686,21.8765576315267,22.5162804544894,22.1949814284764,22.2461830934757,22.6227166708995,23.4906012653863,22.4788641222477,22.9261863792366,22.2697186866503,22.7111056226312,22.3590542256101,22.5150706992395,22.0508817092167,21.9864681148643,22.5661934041161,21.7467596572483,22.7794423653974,22.5781737568131,22.211718092435,22.6245097329637,22.7137372189727,22.8990913206739,22.1368326480178,0.118404171296017,-0.142339250053234,0.379147592645269,22.4160752793679,0.914038423650067,-5.22308855320644,0.365458782913489,0.844246153499508,0,0,0.887642817885975,0,-0.0657470774189228,-0.324970821199398,0.193476666361552,22.4160752793679,-0.510519674656856,-5.8406626542325,0.612126586403974,0.880375407265006,0,0,0.968245382792725,0
"P05091","ALDH2_HUMAN","ALDH2","Aldehyde dehydrogenase, mitochondrial","=""ALDH2""",23.0927133342931,21.8749004000642,22.3531173592829,21.8048742100494,22.9656235003863,21.0343653185974,22.5248260338408,22.3534677667111,22.1804141483098,22.1514131744596,21.7531381121952,22.4335426066906,23.2977203255656,22.9777113660338,22.3002174919156,22.8695670185463,22.4378737513396,21.5104506267787,22.4361621558209,22.0664718759167,20.6979632856824,23.1789636747701,22.4837177731141,21.5025778680279,22.6042189591364,21.7548006991352,22.5949671946994,23.1616421346464,22.9727927361178,22.2295760580085,23.3500349922413,23.6618578531452,22.2084116655489,22.236799870465,24.8965113184183,20.6176969888616,22.2524839075485,22.1694032441236,21.70413320023,22.3889853775553,22.3669610625579,23.0907157341215,23.0443008232037,22.98918768791,22.2330127660677,-0.0429163233550476,-0.507961064378385,0.422128417668289,22.4180063878252,-0.185754173957377,-5.57229326521595,0.853453509613516,0.95848719206779,0,0,0.993222371223156,0,0.313916712017228,-0.148417632487748,0.776251056522204,22.4180063878252,1.36668708569364,-5.09104622388636,0.178360590780998,0.664734854050203,0,0,0.582063294488808,0
"P05141","ADT2_HUMAN","SLC25A5","ADP/ATP translocase 2","=""SLC25A5""",27.4635642911681,26.6457113335041,25.3873536657094,27.0023708051142,26.7314562158715,26.4681374526993,26.4613236551593,26.6882552229366,25.5136328248359,27.0265756983981,26.2012777093066,25.345595053051,26.4732152020433,26.2663762334595,27.2034639497643,27.5636969288466,24.8272816961201,25.8864671727992,26.8233074662271,26.1971066164502,26.2518364071763,27.2123116931956,26.3524743099656,25.99694171793,26.8765735802905,26.5443637021812,25.8965899648544,24.0230958347198,26.2696245716934,26.8102771527048,27.3413347230319,25.7447962436595,26.4360101413633,26.5429639641993,26.9313687247297,26.9901895990952,26.177140833232,26.7822992865095,25.654541990582,26.4311358777977,26.4271336551506,25.8309785631631,26.4638927466562,25.9782833467458,26.1874535007715,-0.231178975105728,-0.665548833262365,0.20319088305091,26.3628840294414,-1.07127128247601,-5.08883072555497,0.289631136606922,0.799489091675277,0,0,0.750913541375532,0,0.159171625435512,-0.27266661705628,0.591009867927304,26.3628840294414,0.741917066667502,-5.70346212317118,0.461905729497926,0.831474716578483,0,0,0.88431381829863,0
"P05164","PERM_HUMAN","MPO","Myeloperoxidase","=""MPO""",NA,NA,20.8554756700705,NA,NA,NA,NA,NA,NA,NA,NA,NA,NA,NA,NA,NA,NA,NA,NA,NA,NA,NA,NA,NA,NA,NA,NA,NA,NA,NA,21.3166475555641,23.7140091179889,NA,25.3872919537771,NA,NA,NA,21.5022672826185,NA,21.756979418554,21.5967431908671,24.5321818236914,24.7333842434178,21.7283364696121,23.9287364816695,NA,NA,NA,22.8229139279846,NA,NA,NA,NA,NA,NA,NA,0,NA,NA,NA,22.8229139279846,NA,NA,NA,NA,NA,NA,NA,0
"P05165","PCCA_HUMAN","PCCA","Propionyl-CoA carboxylase alpha chain, mitochondrial","=""PCCA""",NA,18.9431407959267,19.0607108184,18.7886152519443,19.6329720325895,19.6318066055935,19.5865321731488,19.0358607819046,19.3294430026071,18.6127964831569,19.1154701566324,19.2493220631057,19.0543678068094,NA,20.0897151779885,20.0120325476676,18.4786172273581,18.8661205639177,19.7031572107434,19.5097242524491,19.6758960719366,19.648835622633,19.1353264896984,18.8860182659703,19.4711563597491,19.3792541734292,18.7214364220072,21.2116417895483,19.5209372594055,19.9733395248544,18.9950357107946,NA,19.4107466082564,18.3054089716209,18.3711428089824,19.8656354980854,19.4837428999367,18.7614219566587,18.7616032074074,19.1154665962962,NA,18.365615583839,19.6516618261153,19.2389824038029,19.7183090282672,0.227650677071352,-0.14029276513008,0.595594119272785,19.2772931714936,1.24857338062385,-4.88978614199023,0.21872958955476,0.752472233109963,0,0,0.707504984837144,0,-0.417611550952998,-0.783403087462968,-0.0518200144430281,19.2772931714936,-2.30390751860012,-3.55977114637898,0.0262393375075729,0.344080314270748,-1,0,0.218643441247221,0
"P05166","PCCB_HUMAN","PCCB","Propionyl-CoA carboxylase beta chain, mitochondrial","=""PCCB""",18.3218853754709,18.5564979860887,18.5387044795686,18.6513919714779,18.0922517096599,18.6489695096563,18.5551930336545,18.546883642815,18.0635516906605,18.5416549952046,18.7159067993876,18.5656783076902,18.1584785916967,17.7475847783098,19.4471550061162,18.879603252016,17.5912932053675,18.2282563503845,18.6417837330146,18.6693191495382,18.856682109921,19.0079091698664,18.873598576026,18.6967396833612,18.9582682677593,18.7732968702334,17.9732184777762,18.7014630190636,18.7674048108008,19.2752180672764,18.5194431419984,18.1983488344293,18.293006245602,18.0549660139947,18.5366825183164,18.6247177647738,18.3174751620623,18.4994243959633,18.0882647626191,19.0154323017448,18.8116958465092,17.967321342238,18.6452066669877,18.4292894375278,18.9085205679452,0.181628468200504,-0.0680033124122091,0.431260248813217,18.5323475027239,1.46451847817001,-4.66663418659585,0.149847673130903,0.720861261794311,0,0,0.708393508632101,0,-0.198950649312874,-0.447127513765142,0.0492262151393943,18.5323475027239,-1.61359625624283,-4.75673906652944,0.113449029268915,0.586851679534715,0,0,0.64856275119136,0
"P05198","IF2A_HUMAN","EIF2S1","Eukaryotic translation initiation factor 2 subunit 1","=""EIF2S1""",20.7168780126782,20.9309611557624,20.460610460247,21.3323484345763,20.6593812607549,20.5715415195041,20.7887217708769,20.8344865765121,20.7596037820156,20.1103653473258,20.5893913307756,21.2318650443181,21.2285835470037,20.9214768757382,20.3045636790748,20.4343655093361,20.8788909198466,20.8615996106485,21.2453767576447,20.6001083064292,20.4091520612457,20.5480859182952,21.2398239566487,20.9721246038596,20.6001760908824,20.2778654825643,20.3711712312089,21.103832844481,20.9224953222636,20.7222391055299,20.7338794192007,21.0784488671261,20.8764920475809,20.7487401002113,20.9981880667186,20.4896155815227,20.9618215703026,20.5561922401559,20.5138547977243,20.5221718355082,20.4980807034678,21.2027765545018,20.9150688034427,20.1171664101892,20.5493448014988,-0.0170635774222099,-0.2347615753211,0.20063442047668,20.7419984070489,-0.15777073990465,-5.5765262233932,0.8753273806789,0.962924583781994,0,0,0.997730439232412,0,-0.028364394782173,-0.244793594555832,0.188064804991486,20.7419984070489,-0.26379616500891,-5.93160575397527,0.793114148850572,0.942866632673364,0,0,0.993447035133793,0
"P05386","RLA1_HUMAN","RPLP1","60S acidic ribosomal protein P1","=""RPLP1""",22.5121967678112,21.4857131112136,20.5776610993142,21.7691781911341,20.3170530588511,19.8311606176054,20.854974119093,21.3944184603858,21.0702713642221,21.1613248335895,21.7000393652248,19.4422490925668,22.1703732972444,21.1175614451941,21.357754004914,20.460501746077,21.3710092041727,20.277358900529,20.0470816427468,21.7713004934997,20.2080821133898,21.0619121886777,19.8826855524138,21.805375588551,20.3012881638287,21.8278405904316,21.4540032258233,22.0692787109445,20.419137530045,20.4432019994098,21.1914309719476,22.4683965051579,20.9025342067082,22.1252470734256,22.3299865793876,21.1967149375952,21.2628512915507,21.851793271211,21.4744410024002,20.8736982076691,21.3581813487591,21.3608650135102,20.9642997352046,21.1328290881714,20.9848312877545,-0.22748508900025,-0.70056625998155,0.24559608198105,21.1475574888746,-0.967894633653871,-5.17938498046874,0.338154116242294,0.826506778828922,0,0,0.78141296147322,0,0.538536191327502,0.0682122551789369,1.00886012747607,21.1475574888746,2.30477546813967,-3.57128262388585,0.0257391511128787,0.344080314270748,1,0,0.139330907100362,0
"P05387","RLA2_HUMAN","RPLP2","60S acidic ribosomal protein P2","=""RPLP2""",22.5908148895927,23.0466382270494,22.7646064080215,22.1867841101175,22.2669491693477,21.4376186222027,23.1941065996149,23.0870846974116,22.9003137972403,22.8591762921554,22.6998535435977,21.823698064574,22.4298726914525,21.8966481707496,22.1443415358446,22.5244763861405,22.8400874346474,22.7698530075749,22.29790575332,22.3312487857148,22.2966108543846,22.6488371756712,23.2562887991552,23.0700116405789,21.6594693447371,23.0322358641164,22.6069867647477,22.6397863102434,22.3203498427467,22.298374290815,23.2946735096358,24.4849773167365,22.8586789565074,23.182538961553,23.3463288542996,22.9172898520517,22.5807458019666,22.8739549646073,23.4682117865181,22.1196678726975,23.1459864244814,23.5438552864702,23.0537801663405,22.5369606535787,21.7222757395263,0.0970776692890531,-0.243304514089375,0.437459852667481,22.690021227123,0.574067989773367,-5.44285871127468,0.568715939414827,0.907706134387879,0,0,0.946685699419743,0,0.435826926158448,0.0974285748790797,0.774225277437817,22.690021227123,2.59236786756422,-2.98100335484777,0.0127319996698064,0.285217012558542,1,0,0.149301069437323,0
"P05388","RLA0_HUMAN","RPLP0","60S acidic ribosomal protein P0","=""RPLP0""",20.698534178461,21.7876607602554,21.1948028685435,20.7484661828235,20.711307072035,19.8005565721999,21.7415421226172,21.6599204838916,21.6062212632053,21.3740708624297,21.1108723537695,20.1190155320245,21.0217604210971,20.5242128005326,20.6193189954295,21.3642448206466,21.3629693120518,21.5549704701203,21.076571891681,20.9284095645308,20.7399440023377,21.3752622424567,21.1756075028562,21.4350347779512,20.1587142244428,21.3423555098804,20.6899480568815,21.0223111592924,21.0142475004534,21.1048188734461,21.8386265047362,22.310426374234,21.5828605785186,21.39362278935,21.2619764865506,21.7028568847196,20.9570283876553,21.2029672784527,22.0957708752834,20.431002553496,21.9055694985189,22.1472057910757,21.8011997854313,20.9776908264291,20.3687422631735,0.120605102391547,-0.225687362765136,0.466897567548231,21.1786937612438,0.701024908907718,-5.37224073511913,0.486815610901179,0.896077533266722,0,0,0.916842133481091,0,0.375475797906407,0.0312016114422856,0.719749984370529,21.1786937612438,2.19527179758216,-3.78192055916275,0.0332232933042152,0.374370545660385,1,0,0.27850789486227,0
"P05413","FABPH_HUMAN","FABP3","Fatty acid-binding protein, heart","=""FABP3""",27.6591511133112,27.2803394385273,26.5153020388193,27.2019928382946,27.3716379406745,27.8834451332804,26.8434626861693,27.2171067702538,26.6812197648389,26.4462942656373,26.8278586561327,27.9363426176655,27.970171292442,27.4656402820001,27.0730090120639,27.1058787347084,27.4172633202133,26.646152523817,26.8041746339434,26.4477105368445,26.7763773437398,27.0851289934064,27.738424758687,26.9694747442691,27.3060703837123,26.8122231004663,26.9831830652154,27.7236760073614,27.6052709950508,27.353436241725,26.9897271921251,26.7846294472841,26.8247970580623,26.6353409493635,27.5431574005753,26.9383294295681,26.7259422909746,27.1952874669924,26.2829493142075,26.8962999959113,26.747779211706,27.1081257075114,27.2893135762479,27.0969893837895,27.3810284651348,-0.108571028836817,-0.381511210638822,0.164369152965188,27.1019359138383,-0.800676877333933,-5.30720814006468,0.427431242202124,0.872297158372813,0,0,0.911848672917009,0,-0.155649899580407,-0.42699931805747,0.115699518896656,27.1019359138383,-1.15459789020906,-5.33743811642618,0.254212866801218,0.731778161338255,0,0,0.808014315158031,0
"P05455","LA_HUMAN","SSB","Lupus La protein","=""SSB""",NA,16.3424322043005,16.7412033855238,18.6975956103733,16.8378429812815,16.5171293321365,16.5967361991141,NA,16.3974481942525,NA,NA,NA,17.846567922123,17.8358106513837,NA,NA,NA,16.5764142833703,16.3231352590504,NA,16.5233779821709,16.323088299758,NA,18.1624081655809,NA,NA,19.4817322903315,16.055525796241,16.6446919395545,16.4444576306689,16.3505386826457,17.4052145477302,16.708939929504,17.9800102160051,18.6981297697865,16.8926501740921,16.5224663575178,NA,NA,NA,16.3834634399853,17.0226593570825,16.2496300694634,NA,NA,-0.148298698670182,-0.930621707264633,0.63402430992427,17.0200464525367,-0.387673998094018,-5.31960280855154,0.701084257567324,0.947417763940137,0,0,0.948697865927345,0,0.0892732917373351,-0.669167582976246,0.847714166450916,17.0200464525367,0.240721707101585,-5.7319112170895,0.81146216028918,0.947477443017977,0,0,0.981522094141816,0
"P05556","ITB1_HUMAN","ITGB1","Integrin beta-1","=""ITGB1""",19.1810421770869,20.7326872279434,20.9979357306411,20.7741150774696,21.3161128921579,20.9842777498066,20.7706141566481,21.2655976189103,20.5999684503021,20.9311979292087,20.8531216431329,20.518029643506,21.2898548304768,21.0943336729671,20.929969595267,20.8593775367453,20.8067336788189,20.5440652690144,20.5275013311533,20.6936748953127,21.3900435551587,21.2331890490397,20.889746633328,20.4645565293191,20.6265074176906,20.5041519922557,21.6186429033206,20.9422302055439,21.0605164036656,20.9747873724852,20.9837064731418,21.1088156923222,20.924129126109,20.5428541155432,20.6141773220195,20.9674781495647,20.8727459777644,20.4106334002133,20.8603277707058,20.7430691552661,20.3700532822201,20.8631096249151,20.9287888976691,20.956184272669,21.1938705813585,0.0548500566016443,-0.210774018277384,0.320474131480672,20.8381006002191,0.415642985074827,-5.51152566262791,0.679602171709758,0.942492860389654,0,0,0.979037132798087,0,-0.0530520620913073,-0.317128013737804,0.211023889555189,20.8381006002191,-0.40437493263286,-5.88684120692095,0.687809466078987,0.915228679438145,0,0,0.980341415268378,0
"P05976","MYL1_HUMAN","MYL1","Myosin light chain 1/3, skeletal muscle isoform","=""MYL1""",29.9875447089781,30.495705305014,29.4769121273688,28.7591547595531,27.5878974668551,27.6329941685991,31.4154373808434,29.5652767389608,29.9539474251163,29.5104963156155,29.8385743161699,28.0464999393254,29.2286183385423,29.6706791940732,27.918737064339,28.8376397277701,28.7973869777776,29.0691100945116,27.8939340640871,28.9883299690342,29.8747613207119,28.5300616160203,29.4607176682765,29.6378938418447,28.2861245002302,30.5560902651837,28.0867094665195,29.3601715411065,28.6935993134455,28.4988014718051,29.4945179507411,29.6768715685482,29.4736881602337,28.4896550157398,28.8630583286705,30.2357326666964,28.9949268158103,30.0827843362639,30.1289848962177,29.2405696065799,31.2530150636852,29.9291075917116,28.2923800220819,29.3280656360988,27.46148962834,-0.264654955325522,-0.84224846300969,0.312938552358646,29.213436763891,-0.922292202581184,-5.21654618070003,0.361184243460125,0.84082823932612,0,0,0.763749140117381,0,0.424901029939662,-0.149326118996292,0.999128178875615,29.213436763891,1.48941208049656,-4.93112575572711,0.143197703344756,0.631993832589005,0,0,0.437881260349893,0
"P06132","DCUP_HUMAN","UROD","Uroporphyrinogen decarboxylase","=""UROD""",NA,NA,NA,17.9616795736901,NA,NA,NA,18.0770588842584,NA,NA,NA,18.8924690179309,NA,18.1309668559674,18.1024289897285,NA,NA,17.2046882138499,17.527572224612,18.177497732313,18.1803102104837,17.6434208808718,NA,NA,18.3150185179177,NA,18.4961408371988,NA,17.6522176470853,17.7127045944109,17.240521444026,18.412255727431,NA,18.5722790779249,17.965223026558,NA,NA,NA,NA,16.9517237937485,17.7398044814525,19.2404955633776,17.9807260703265,NA,19.4408198722552,-0.295745697828355,-0.912504886611835,0.321013490955124,18.0703488364095,-0.989582365648442,-4.8882610045661,0.332234240050174,0.826372714395847,0,0,0.721887026366303,0,0.304024477652522,-0.214293240645943,0.822342195950987,18.0703488364095,1.21049119910827,-5.07203291930279,0.237857466041912,0.718496199174375,0,0,0.646226907617684,0
"P06576","ATPB_HUMAN","ATP5F1B","ATP synthase subunit beta, mitochondrial","=""ATP5F1B""",28.1917292190414,27.9969410251939,28.0685352982793,27.8636479345428,28.310673180517,28.1198010828962,28.2062908805314,27.7845362414944,27.9384952950557,28.0438517701789,28.2522910899801,28.2654107743884,28.5259734402504,27.7583009696446,28.5112902906417,28.3838519305408,28.2407074137533,28.2347904720356,28.1395040610756,28.1317082802674,28.1587789304065,28.5236563124085,28.173631921024,28.3263373545436,28.4589053744395,28.4211894333137,28.1624465973405,28.645067117633,28.0139554447038,28.5916638020532,28.1898797382395,28.1982094058975,28.3898146063108,28.0762105854934,28.3391023298647,28.2579441747819,28.187736853009,27.9157742957496,28.0023338484268,28.273212634923,28.3753513422008,28.1913188579798,28.4332144928483,27.9884907392696,28.3280472846608,0.18355449486641,0.0390908181684945,0.328018171564326,28.213124536174,2.55750899666593,-2.91780288251814,0.013900716476616,0.462381727011647,1,0,0.456190386106312,0,-0.097303550392251,-0.240925256819758,0.0463181560352557,28.213124536174,-1.36370180237283,-5.09477990737882,0.179292166577402,0.665692419259105,0,0,0.845997083457149,0
"P06703","S10A6_HUMAN","S100A6","Protein S100-A6","=""S100A6""",21.0681146375605,22.9567379770074,22.6819830080564,25.5592559159459,21.2897650559939,22.6813977895374,22.666891194168,22.1624262865134,19.8344922365387,20.4638916357647,21.8126697576096,22.7090938667243,20.8804716233444,21.8189402396908,22.5735247611073,21.0418236549195,23.0333021173185,22.315934249172,25.2564699394537,22.1563993914569,22.5730833338583,21.6270012285558,22.4424660338529,21.1359784419503,22.7404760582809,20.6264192565224,23.9579037006048,17.6851065173732,21.7875170774897,23.0290227926181,23.1384247642982,22.2044639750855,22.65650035408,25.2513775454661,23.9524301902769,20.593822713005,22.0020520270428,22.6542459582944,20.1894216616401,21.7886693193599,21.8430694273276,23.9499053639643,21.9644069903209,21.3545258817571,24.8744480382255,0.0351520719174836,-0.860277656767849,0.930581800602816,22.2441405330919,0.0790187634078892,-5.58474032707888,0.937360147286805,0.983220575615884,0,0,0.997728676386877,0,0.467257361114491,-0.422953580204867,1.35746830243385,22.2441405330919,1.05651102670667,-5.4382173011102,0.296247116198143,0.754001885643784,0,0,0.566404250366382,0
"P06730","IF4E_HUMAN","EIF4E","Eukaryotic translation initiation factor 4E","=""EIF4E""",18.7130424394867,18.6395876677794,18.5729452358758,19.104751625987,18.9198964628489,19.2663598635886,18.654394579964,18.6543762273596,19.0887919015778,18.5211636381331,19.0841731031254,19.063649545475,18.2623660126955,18.98812833813,18.9551346063496,18.151843308273,18.2231537876205,19.0983577398163,18.4855202495045,19.0395367267499,18.9262230618183,17.8021283244496,19.2167870392347,18.9246220051203,19.0454852759771,19.0250218619046,18.3414436825943,19.0182824112585,18.9491121274133,19.2406753306843,18.4028993054669,19.0344844733362,19.0210129772527,18.8324342416148,18.6552680994333,18.3437225187685,19.160893865002,18.7304256787007,18.3115621391694,18.8292063861906,18.8062064388711,18.993797985068,18.881292142209,19.1053800767702,19.4486149374921,-0.0621420255847198,-0.313098151676203,0.188814100506763,18.8118701210254,-0.498423388822639,-5.47835502482374,0.620558481424733,0.934833173270874,0,0,0.970785091574816,0,0.0712672221950932,-0.178226269120813,0.320760713511,18.8118701210254,0.574965016490791,-5.80746163620024,0.568114186342085,0.862573310642818,0,0,0.960504291856292,0
"P06732","KCRM_HUMAN","CKM","Creatine kinase M-type","=""CKM""",31.910932612618,32.2839527866,31.6337598158296,31.4924779600608,32.2486385600007,32.0367391970813,32.0321483254167,31.5651380955853,32.1000712977766,31.7936994609726,31.7432869422211,31.8766725812368,31.8582650636707,32.1874433851595,31.9032069247966,32.4996886991103,32.3750692837016,32.1656647533666,31.8983231191137,32.346731714974,32.0086419245589,32.2250138613897,31.6232505818028,31.6984021098779,31.9215431441306,31.9896406270323,32.2981455895078,32.283313553776,32.0426900877059,31.7520755253559,32.1185711093545,31.9914712638855,31.4835706884758,32.2047325598722,32.0788419753832,32.250168362173,31.8315654995788,31.9977760043716,31.6908489612751,31.7265343867211,31.9383752331731,31.958602943902,32.0935211691316,32.1902210182548,32.238568892974,0.165721325007098,-0.0119793324588631,0.343421982473059,31.9908443922879,1.8771551631217,-4.09900331518785,0.0668413778600356,0.612150491830663,1,0,0.638682425371882,0,-0.0889883004584959,-0.265653274256158,0.0876766733391664,31.9908443922879,-1.01389567176954,-5.47935763204358,0.315931304785866,0.763936761930615,0,0,0.902546531136776,0
"P06733","ENOA_HUMAN","ENO1","Alpha-enolase","=""ENO1""",29.9562843790032,30.4155550550288,30.5335999511697,31.242307267179,30.1995320152491,30.6574767314864,30.2927178259323,30.5288888287193,30.4328453167274,30.7065913534239,30.4266019046725,30.6326434241952,30.6739242416943,30.5031060350601,30.7601407989481,30.0725301860036,30.7901621503456,30.4269779580669,30.6076119738568,30.4538424459161,30.4112839599561,30.2743646725502,29.935811549969,30.3480648928964,30.3404412836606,30.5310289278067,30.9598235317509,30.6984396052329,30.5629773777917,30.549872937774,30.2886068370257,30.5323888120991,30.4838871173184,30.7165602658063,30.7701268687368,30.4120116278129,30.3460692663765,30.6263325978614,30.5290411679003,30.5885652491729,30.5809757436344,30.639316418214,30.6639954911485,30.6573534625113,30.7308645184105,-0.0652129758451174,-0.236808247474692,0.106382295784457,30.522034311691,-0.764961384011171,-5.33148050515684,0.448197965110033,0.881517989469525,0,0,0.949011147197345,0,0.106857466030124,-0.0637377056396732,0.277452637699922,30.522034311691,1.26080797155363,-5.21886329315889,0.21372997876214,0.702678976970156,0,0,0.847990758511024,0
"P06737","PYGL_HUMAN","PYGL","Glycogen phosphorylase, liver form","=""PYGL""",24.6984414442062,25.0804021109621,23.6452662084181,24.1490650636995,25.8426339011183,25.8710561758741,24.7297570458886,25.7504172781046,23.4685144980095,24.8804579069451,24.4015720254859,24.2741704702296,22.581793186031,25.8663886737197,26.0155465447418,26.1706675230547,21.3493249975414,25.308684978773,26.4115271041647,24.8615825218305,26.1008856904136,25.8266315954449,26.5894313991172,25.4026623590822,26.3667758395606,24.4689088041575,23.755672370149,21.8757936866504,25.0288403460896,25.617260603616,25.9588818283253,23.1321884862975,25.6993721374409,26.5283484367922,23.9342243099597,25.926219981744,23.7447756447882,26.4213941985721,23.7457081448447,25.1145630186087,24.1668961812664,24.1614175727587,25.0387499256626,22.2479941900324,24.9281178601759,0.259996190802919,-0.565884309075285,1.08587669068112,24.8253107615633,0.633666259592224,-5.41142465948271,0.529434212417028,0.899103645978957,0,0,0.847602390042526,0,-0.292386526825076,-1.1134535895563,0.528680535906143,24.8253107615633,-0.716786035428602,-5.72076659111887,0.47712671274104,0.834663611429138,0,0,0.805446749224132,0
"P06744","G6PI_HUMAN","GPI","Glucose-6-phosphate isomerase","=""GPI""",26.9954009054623,27.0292098309556,26.8829053603827,27.6557091354144,27.0528209885603,27.1311444499937,26.7618786944742,26.7642369662449,26.791601365719,26.5374763880375,26.843490088357,27.1972282541083,27.3698229858098,26.8333848419131,27.0868078429277,26.7722354294816,26.6164989195646,27.1890046265842,27.3598639647336,26.9814978455696,26.8079931805544,26.9163315508936,26.9578691804938,26.7562977155901,27.0599835899206,26.5623840640027,26.782466242226,27.1966753846913,26.9796617985257,27.1264270495653,26.7985726856233,26.5535973268033,27.0485667372372,27.3640756962267,27.0810034704322,26.4964818811838,27.2133527789771,26.8301925229123,26.627501171767,26.7986026892411,26.5644017257123,26.8930163858847,27.0897730974619,26.7507702898416,27.073611866907,-0.0642070887513704,-0.239315862834473,0.110901685331732,26.9373739770437,-0.73805016408904,-5.34905855904455,0.464229401283376,0.894740452448476,0,0,0.95192311614302,0,-0.0587780144123897,-0.232866210968769,0.11531018214399,26.9373739770437,-0.679604732833743,-5.74529971166914,0.500157539831373,0.834663611429138,0,0,0.960094753211535,0
"P06748","NPM_HUMAN","NPM1","Nucleophosmin","=""NPM1""",21.2520794742948,21.1944314002189,21.0851855729497,21.0876642634787,20.130674817272,19.6454386012184,21.1421650593318,20.7434068837164,20.3489369824811,20.849411938078,21.0898688351984,19.8707633402179,21.1483461330498,20.5981001783893,20.773960952574,20.8427797631442,21.3834044018258,20.1579731427726,20.3519802268884,20.3620466915748,20.5607050086598,20.5948557984722,19.6766934258846,20.3669916179567,19.807933894481,21.1897262796726,21.1393880066854,20.4286967049732,20.0996950621621,20.406476535185,21.3417086901525,21.9671425829897,20.7152025102988,21.6169699706444,21.6262731147465,20.8613918358686,20.4218814963096,20.9771055376714,21.0143589094396,20.8755451122198,21.441813115444,21.5011706409935,20.9829792046412,21.5292585179389,20.1790882881895,-0.227590429348975,-0.55644068923185,0.101259830533899,20.7862593448968,-1.39304971468068,-4.75228352788882,0.170294792888132,0.726731884094588,0,0,0.668388223622411,0,0.645502864480651,0.318569225775961,0.972436503185341,20.7862593448968,3.97419685800652,0.456728966368872,0.000246796100854382,0.0585215254150954,1,1,0.00469076887390104,1
"P06753","TPM3_HUMAN","TPM3","Tropomyosin alpha-3 chain","=""TPM3""",27.4947401035522,26.2807276968731,23.999710045995,23.061341873984,24.5024659065284,24.6260789973693,26.8701180965482,25.226987765629,26.0858521774597,24.9107215345174,25.422357503674,25.1342447880936,24.7672170557335,25.5782865601336,22.7085225490189,25.0099625534051,24.3354869951346,23.5558927396841,23.8190367859661,25.0029218446203,26.8360912217167,24.8248052484744,27.4581296138945,24.5721862107663,24.6482398281339,25.3748244713594,24.6115024631341,24.49368762995,24.6387815611351,24.3825466364441,26.0858432157065,25.4511516849358,24.6819233270693,24.8629862430959,24.6119772786941,25.4871547212054,24.3260547170579,25.9390223579285,25.3132530045801,26.2979724425042,26.1949474261276,26.4793575147186,24.2849484523677,25.1802266746839,24.3136156980467,-0.173192932174199,-0.83045088379514,0.484065019446742,25.1054200715033,-0.530401966886755,-5.46395147502075,0.598382333897459,0.92370936905128,0,0,0.914901412475537,0,0.39642259699357,-0.257004691668322,1.04984988565546,25.1054200715033,1.22115824074634,-5.26426805749582,0.228242748143333,0.711997773342545,0,0,0.556742105655772,0
"P07099","HYEP_HUMAN","EPHX1","Epoxide hydrolase 1","=""EPHX1""",22.4541553763011,23.2282676222175,23.8247848680378,22.8503885837718,23.4231738673719,24.4157450457075,23.9636970173468,23.6582972393553,23.07350323982,23.7614221853136,23.6569788641143,23.6165027652205,23.0111678804857,22.5988587017507,23.896109489594,23.2887268193412,23.6769502652744,23.5929789621606,23.777366303325,24.0637101916127,24.3577436761738,23.7664506043133,23.6397469195439,23.6353593260416,23.8274119045064,23.9337149868153,23.9200779067526,21.8729826355722,22.4521432024968,23.8958811874013,23.1168359459972,24.2435223590233,23.9411862156225,23.6091562656405,23.7667911315472,24.0180845669716,24.1504850487818,23.5511747472357,23.2941498285275,23.5421053092722,23.8632677769158,24.0004712916386,23.2887039902632,21.938343272182,23.2701045067692,0.149897009451443,-0.205889093517877,0.505683112420764,23.5273039976473,0.848036993913898,-5.27336955446467,0.400804726331319,0.867495161100663,0,0,0.871928391521176,0,-0.00712417566287371,-0.360836668655126,0.346588317329379,23.5273039976473,-0.0405410535097354,-5.96404678941398,0.967837074225168,0.991453602020915,0,0,0.999767127004898,0
"P07108","ACBP_HUMAN","DBI","Acyl-CoA-binding protein","=""DBI""",23.5945306687067,25.0847261038762,25.3974043334175,23.3880571649669,25.51350784485,25.1541485911031,25.0953680104531,24.8352909103269,25.2713027400425,24.7845635494916,24.8514991690491,25.3961095932176,22.9376781835771,25.4806989410292,25.0160237176383,25.0568346380047,23.9896860888957,25.1170784600963,25.0101750123928,25.2592203374624,25.0713883901024,25.2314280926132,24.715174549436,24.8489810149804,25.1066948862334,24.6563772644352,24.6072838840601,22.1392102795354,24.9873172773103,24.6977827326207,24.7532981924552,24.7661075527029,24.9347275433246,25.0185937921619,23.2319916509712,24.2769418683335,25.4404844733699,24.4578465471057,24.9561784222753,24.8642983298544,24.66485521654,24.6453088979017,24.0933111276928,24.7959464826613,24.6329295398084,-0.0974292058114621,-0.55104627661432,0.356187864991395,24.7072969348241,-0.43232523134087,-5.50531966903423,0.667523273401305,0.942492860389654,0,0,0.961386240029364,0,-0.0641208847346881,-0.51509416232602,0.386852392856644,24.7072969348241,-0.286193329725329,-5.92572973707232,0.776013895276523,0.941841560677904,0,0,0.983871396476535,0
"P07195","LDHB_HUMAN","LDHB","L-lactate dehydrogenase B chain","=""LDHB""",26.0272545835396,24.5277404668811,24.9239394848746,25.048130712831,25.9784682304575,25.7674526871609,25.1289233197201,25.5335337856106,24.9393525856707,25.2642822387243,24.2083078543154,25.4219145496844,25.4454492197141,25.9163803334077,25.7312653412382,25.8942045694216,25.1290209379756,24.0965594892862,24.808518301728,25.7015371169638,25.1487303338768,25.9099095728594,25.4221103412437,24.5354585383342,25.8554602499419,25.1628797642308,25.4941699021259,25.7164862209107,25.7609770884403,26.0034920724396,25.7289600486138,25.6659510661354,24.5750353600188,24.9385051995277,26.7710530227854,25.3721961927061,25.5622838764277,25.1863820488266,24.6096631077736,25.6163619231106,25.1219581899509,25.2104172226511,25.2913019963432,25.8021336443532,26.4492135935486,0.0424994761938677,-0.300382557592107,0.385381509979843,25.386740586364,0.249487997758717,-5.56008411434024,0.804093076074164,0.948679518362231,0,0,0.990776206166696,0,0.0841267995329744,-0.256756832403456,0.425010431469405,25.386740586364,0.496751318774711,-5.84725110069238,0.621728120148348,0.885234347493014,0,0,0.960807250100288,0
"P07203","GPX1_HUMAN","GPX1","Glutathione peroxidase 1","=""GPX1""",20.4014020011873,20.8478471503163,20.3903449689365,20.4969045854687,21.6483775856584,21.4188649764557,21.1569645862763,21.1430630522627,20.87491584262,21.1334900755928,21.0035903569808,21.9272525854104,21.4023234542589,21.403017895563,21.1651536595504,20.8720233006648,20.2021050796695,20.9125156784401,21.0678918066571,21.1814078699897,21.236084929284,21.634415398993,21.4484140756489,20.4845806355947,21.142058276402,20.7945613291688,21.3262936581385,20.8817536274069,21.1596497809897,21.3598624568696,20.5531203247133,20.9649109374957,20.6639614004778,21.2507010701424,20.1279821663289,21.055048691144,20.7649970459072,21.3334239720624,20.6576626571087,21.0235598238844,21.4427475889535,21.4986211484023,21.4563547957518,21.3859213636719,21.5421771278,-0.0497789386075382,-0.322627994638049,0.223070117422972,21.0630737954289,-0.36722647731654,-5.52816508999899,0.71513269350249,0.947417763940137,0,0,0.98344827102273,0,0.00117148066180306,-0.270087343147447,0.272430304471053,21.0630737954289,0.00869284747454259,-5.96479605583192,0.993101756434748,0.999903966701438,0,0,0.999991890872191,0
"P07205","PGK2_HUMAN","PGK2","Phosphoglycerate kinase 2","=""PGK2""",20.3728145965803,NA,21.1770182803626,19.8699746580392,19.5873152076375,21.7630842067252,19.3173762490875,21.0626860267388,19.7928855826248,NA,20.2238680143931,20.7328461789577,20.3385373953083,20.6588691619785,19.7769749092868,18.7561141071766,19.3894261554374,20.411366848242,20.0266026082129,20.2350410280053,20.7363020505279,19.3560896059817,20.9423970999456,20.7999433731714,21.3388937719642,18.922291533216,NA,20.34289593237,20.0185661428017,19.2996684917247,21.2146966209043,NA,19.6632528499736,19.8158710113716,NA,NA,21.4191915777196,18.7783167366214,20.3719135001781,20.0694516898552,NA,18.9684790597015,18.300107140191,19.9178909950284,19.5321399097562,-0.360033360983927,-0.93547337369913,0.215406651731276,20.0868726396789,-1.26548681623139,-4.86173992123767,0.213197485497923,0.752472233109963,0,0,0.573243522036578,0,-0.223844673608607,-0.82135415337792,0.373664806160707,20.0868726396789,-0.757734222136916,-5.60738523619991,0.453159736946536,0.828490986321581,0,0,0.83763282495291,0
"P07237","PDIA1_HUMAN","P4HB","Protein disulfide-isomerase","=""P4HB""",23.8675243387357,23.6835839198488,23.9846476837174,23.8886240806513,23.9470955206535,24.0628279354237,23.5990191114707,23.6937125944109,23.7737705549282,23.9299825785924,23.5288409169144,23.9752889986231,23.2972212583771,23.8237148843824,23.5017084735506,23.7334093721935,23.7402798872912,23.6860573943884,23.8352216543449,23.4935020520197,24.1189547795848,23.6430518440222,23.7199151815718,23.5603830825674,23.6641403281838,23.4983711774167,24.5406877150515,23.0130665265331,23.8098131869181,23.6480056199907,24.0954118937684,24.6099246538834,23.6116497690304,23.9912539806907,24.4108895384759,23.7897224504882,23.4147612963656,23.6627701569033,23.7417545252046,23.6067417712833,23.7020739833923,24.1671285216581,23.7678775543005,23.7629751785287,23.6330496120115,-0.053478198466653,-0.256904346629578,0.149947949696272,23.7828979452965,-0.529152439562126,-5.46453086266785,0.599241837517444,0.92370936905128,0,0,0.972985935098135,0,0.150875005593825,-0.0513655243369467,0.353115535524597,23.7828979452965,1.50161955246473,-4.91453826985398,0.140023213397899,0.626842806368387,0,0,0.743332165930278,0
"P07305","H10_HUMAN","H1-0","Histone H1.0","=""H1-0""",19.7976934279705,22.2697867389196,21.5240748070866,18.2778333488817,21.2619981950814,NA,23.1593197689544,21.660275284643,21.9324296219833,21.024372552952,21.9228621194464,20.3722595063374,18.9369475175178,22.5809603264483,NA,21.7933753155109,19.8585849170558,21.2498235592791,20.5023218407155,20.3302756510307,21.6402182604714,20.5555103676587,22.356388968659,21.461010636791,18.5595933719755,22.3497751681569,NA,21.219155209358,20.8588410126117,20.8636487105842,21.9754549238778,22.4090873394574,21.1995991370905,20.038855653464,20.0381338121035,22.3623389596055,20.7853518205804,22.0732163889918,21.9543809252588,21.6954192915872,22.5092584679871,21.1246625403514,20.9002335761677,22.060328271991,18.026931864174,-0.111427406659956,-0.924647843994148,0.701793030674236,21.1302997423516,-0.276319407310815,-5.51095639771827,0.783625297726025,0.948679518362231,0,0,0.973197039130782,0,0.313967830797914,-0.46750035203353,1.09543601362936,21.1302997423516,0.810217281331169,-5.63833478602375,0.422272516002419,0.814231438285388,0,0,0.762865875658607,0
"P07355","ANXA2_HUMAN","ANXA2","Annexin A2","=""ANXA2""",24.6285609293572,24.8444365479554,24.7630052383738,25.4648517708378,24.5594968995466,24.7530886272727,25.0512741397919,24.9425553805659,23.9490190853862,24.2536041434226,23.9487528059714,24.2281310752809,24.845701935204,24.4298498384726,24.7929481873482,24.2671970088247,24.131161920515,24.6480402446346,24.5178452700222,24.1184166606088,25.4259306727012,24.9813254006043,23.5145439056135,24.1962767705883,24.4544294116737,24.1545775926656,26.7390683683552,25.2087436031601,24.6108038334396,24.5258856875128,25.2548284185012,25.1329567072885,24.4584933192289,24.8762652805411,26.0971554958667,24.2433220467961,24.2227548734287,24.2827458160631,23.8980474826236,24.5351195098004,23.8349678091816,25.0869413411176,24.5002826495424,24.629011325641,24.8911452607546,0.00897641925516268,-0.390566162265163,0.408519000775489,24.6420791176018,0.0452221147077754,-5.58659043452734,0.9641258430596,0.985435363040972,0,0,0.999672114199584,0,0.0299860656970559,-0.367227882196522,0.427200013590633,24.6420791176018,0.151951785662668,-5.95380176206983,0.879888873913589,0.973832668502963,0,0,0.996170345159104,0
"P07384","CAN1_HUMAN","CAPN1","Calpain-1 catalytic subunit","=""CAPN1""",21.8349149212336,22.1518740481794,21.9581711953345,22.1306073628311,22.3786487498047,22.5886877162971,22.1773292615757,22.2035350372126,21.9672830421207,21.837391648369,21.7656477830695,22.3583375970576,21.9534080654481,22.3498802070962,21.9916919243635,22.0331335924206,21.8749726137484,22.1579408725278,22.3221528059799,22.2276496206757,22.1301797279271,22.3014594953317,22.3204426150706,21.9244648704622,22.1508789129115,21.9121902282819,22.1438384820501,21.9785293166467,22.0124952129686,22.1505146537132,21.9451506570879,21.6178970040486,22.0337453789573,22.4269119339646,22.0423223795407,22.1342530811478,22.1635214961489,22.1375779265006,21.8464947875429,22.0103404271246,21.9453899664314,22.2933726888129,22.080069762944,21.7938450854151,22.699640820665,-0.00254168787969178,-0.16655308728007,0.161469711520687,22.0990841106009,-0.0311931327678347,-5.58706281643543,0.97525034817633,0.989868661746425,0,0,0.99993630460166,0,-0.0313539749588934,-0.194409475094767,0.13170152517698,22.0990841106009,-0.387050795348625,-5.89336930593234,0.700501951516635,0.916449794501418,0,0,0.988901347373064,0
"P07437","TBB5_HUMAN","TUBB","Tubulin beta chain","=""TUBB""",25.6020436474724,26.3007488643178,25.9491102861972,26.8510656015017,26.3907771617701,26.0043745606148,26.3675654225475,26.245270256738,26.2191708745552,25.9660520073462,26.0480768503353,26.2423587736885,26.1052066468972,25.9616170596763,26.0318257530737,26.0802435045859,25.9166299120764,26.385797147161,26.414432088063,26.2458931818014,26.0578168681329,26.4020859836439,25.9141007557507,26.1663210501643,26.2927254645207,25.866215801792,27.5999441521514,26.4258033214487,26.1114037745802,26.2660939131942,26.8071479243819,27.0662097621782,26.1977127586681,26.3448105597125,28.1402332049908,25.8684098707789,26.1332027748184,25.9329718406948,26.063245492791,26.1538146134156,25.9616737204105,26.7033727337432,26.2255314390281,25.9840228978497,26.5950309316395,0.128411100742863,-0.171307903170753,0.428130104656478,26.2801813602422,0.862380838279743,-5.26275067284761,0.392947758570786,0.866140483702139,0,0,0.886968276765864,0,0.135458907068973,-0.162513259878147,0.433431074016092,26.2801813602422,0.91504547534072,-5.56854745419985,0.364935501493288,0.791831108546088,0,0,0.872365080951556,0
"P07451","CAH3_HUMAN","CA3","Carbonic anhydrase 3","=""CA3""",30.5180571495093,29.9112775643848,29.8878291395134,31.2806653265064,29.6706957698071,30.88217368972,30.6408416052142,29.9441951157221,30.1990863287173,29.040116831893,29.7169007221916,31.1163602660303,30.5882202658048,29.6885289206694,30.120990393294,30.0873616044011,29.6699434135114,30.1142633392272,30.8517489908116,30.1156012048942,30.3119390774481,29.6701707284255,30.8019143244317,30.1305440914249,29.9936550413631,29.777595600607,30.7442028544243,30.3955411440777,29.881990799319,30.0365951249169,30.4555174708132,30.9825352290326,29.9639966362699,30.6528363652378,32.0698097943078,30.1992976268606,29.9169935098456,29.8675774566498,29.6912407533751,29.5961839557993,29.7316922874332,30.8863737405976,30.0715979031498,29.5801466046709,30.1353710643081,-0.0270791624443554,-0.393834360336449,0.339676035447739,30.2131150405914,-0.148617434420374,-5.57776132094891,0.88250454743021,0.962924583781994,0,0,0.996621060780495,0,0.0812068706045252,-0.283410786694657,0.445824527903708,30.2131150405914,0.44829705760091,-5.86902011488013,0.656041482286539,0.905507449629859,0,0,0.96634802605852,0
"P07585","PGS2_HUMAN","DCN","Decorin","=""DCN""",22.0325632101626,22.7953669505411,22.9418098205262,22.7624717367005,22.8427504460794,23.296126744161,23.526858719376,23.5075224827329,22.8709089056191,23.0518066850833,22.7054704929394,22.802128313748,23.987212908692,22.5732600117391,22.9458197572888,22.343861378172,22.8983365682985,22.9054662005701,22.5574055392152,22.1484204723167,23.7583540033441,23.4876619143635,23.1581432582344,23.2669143939485,22.9247352019723,21.9456847914253,24.1581980487254,22.9953685929481,23.2650559625209,22.8446891036081,23.5066634461974,23.4699794123783,22.0587413613045,21.8672553539242,23.0698768102272,22.7576457721636,22.6649372611249,21.978196505138,23.0899964857424,22.9156472963812,22.4388390732369,22.1312116564848,22.8503099477933,22.4790067800967,22.5431371937668,0.00257181954789942,-0.353596168963909,0.358739808059708,22.869373710467,0.0145343769462384,-5.58739848991179,0.988466454050117,0.995819552007982,0,0,0.999970165864217,0,-0.322456738246856,-0.676548891057588,0.0316354145638755,22.869373710467,-1.8330147695276,-4.41874931304872,0.0732708959042636,0.498910158863055,-1,0,0.430516215977136,0
"P07602","SAP_HUMAN","PSAP","Prosaposin","=""PSAP""",22.2155655573799,22.1255194563814,21.9668094124309,22.3860043964725,22.4859713475493,22.9709215757866,21.7232385823643,22.1201514291158,21.9395325018379,22.2508787772059,21.9493373566018,22.5668199598583,22.6607562334496,22.3471121127678,22.3169185211229,21.8795946140824,22.5542776831641,22.1244861683433,22.7815684366615,21.6975904994349,22.5378281322196,22.1455752570371,23.0017939267327,21.7880296601083,22.0102975284838,21.9251852097725,22.6246128462602,20.5499452017554,22.530927800927,22.5645746372455,21.9961722312451,22.432941759415,22.3884957216279,22.8578741323267,23.4260371968741,22.5727784025343,21.8067708840676,21.7078035303752,22.2748425134397,21.80263747138,22.2995766562524,22.3867269202436,22.3725437221837,21.5246224539308,22.469342449864,-0.0887443209307541,-0.416866600176268,0.23937795831476,22.2457997970736,-0.54439692173843,-5.45737017610504,0.588795452210979,0.916548585707731,0,0,0.954081887203245,0,0.106858562902115,-0.219351338017592,0.433068463821822,22.2457997970736,0.659360612842061,-5.7581195473261,0.512948909951354,0.834663611429138,0,0,0.931148474672987,0
"P07737","PROF1_HUMAN","PFN1","Profilin-1","=""PFN1""",24.166292088249,25.0328389629721,25.3453563769013,25.0551967939497,25.1393516461989,25.4030425128574,25.0063487051255,25.2729894927825,25.0060748312142,25.027995129921,24.4517511593879,25.3025502991973,24.9674384519124,24.6397499119679,24.8050865259636,24.9133100279946,25.3351009535345,25.2533142200976,25.4335137869901,25.0085731017778,25.060971500637,25.1535008344704,24.5532917471651,24.6572365808081,24.9834346402929,24.5976626890408,25.6660495037618,24.5460723600776,24.7632513085733,25.1292873184136,25.3263181776251,25.833785817094,24.9351631172669,25.8016498596528,25.442908717986,24.7626830826746,25.3114617047529,24.8161226269418,25.0915493928113,25.0444056619202,25.0217793153192,26.190839391756,25.7524084540932,25.1212536676303,25.384014596717,0.0277522426281998,-0.21730659088089,0.272811076137289,25.1002883788106,0.227949441124883,-5.56460917101955,0.820694875440267,0.949382235408631,0,0,0.99453105835222,0,0.318784867373747,0.075154297750999,0.562415436996495,25.1002883788106,2.63376320889304,-2.89183194321951,0.0114611219785566,0.282187558578439,1,0,0.240608507692179,0
"P07741","APT_HUMAN","APRT","Adenine phosphoribosyltransferase","=""APRT""",20.7846644639356,21.2300919592843,21.8156507347865,22.0416644798432,21.7860357720777,22.1301821397221,20.6385890618633,21.2592602793997,20.8595228571207,21.7295146448439,21.5928831460159,21.7561416584938,21.3274409552542,22.0733402431875,22.7593347286977,21.391454718567,21.7686582850523,21.2688222438637,21.4094615658802,22.4119104812094,21.29895876832,21.281379362612,20.6177234615162,21.8835525783295,21.6924386875431,21.2771893316945,22.0897362180723,22.2097209398149,21.094237964355,21.8604058571448,21.6744736992551,21.9579805305022,21.0413299431573,21.971871956962,22.409924612164,21.4585148644699,21.7394265437654,21.7819963997625,21.6356914805814,21.5031118280378,20.775291859573,21.5493979981902,21.576629586419,21.4161989386773,22.866040383012,-0.024816899214958,-0.363336588271321,0.313702789841405,21.6155077380673,-0.14756195269196,-5.57789900180898,0.883332810539279,0.962924583781994,0,0,0.996926117314125,0,0.120148677370292,-0.216398034667568,0.456695389408151,21.6155077380673,0.718595432256518,-5.71954013678524,0.476021431389448,0.834663611429138,0,0,0.914675930916522,0
"P07814","SYEP_HUMAN","EPRS1","Bifunctional glutamate/proline--tRNA ligase","=""EPRS1""",19.8580998275979,19.4962190352815,19.6207472584987,19.6104732867587,19.039784541139,19.3540306354181,19.4529196324464,19.4292559401114,19.498917626971,19.0645964215276,19.517226464088,19.4654803425713,18.9429058838343,19.2881870920856,19.286111384455,19.5632194110874,19.304840777071,19.5373807814658,19.5600832547211,19.8316610129454,19.2563691728537,19.2275820263077,19.6863858909957,19.5159237260303,19.6771049292095,19.7494954354845,19.3274794832032,20.1512154127102,19.4344507946538,19.3183785228366,19.3924439127877,19.0779679581213,19.5861528583083,19.3626162058536,19.6966835954211,19.4246793511767,19.3926213949871,19.3503222238103,19.3211171522926,19.7336374357401,19.1713044524971,19.0692080435958,19.3799100998999,19.2372600185176,19.2153815213101,0.151547979575685,-0.0270095309791766,0.330105490130547,19.4328407161929,1.70837354810027,-4.34587101369422,0.0943016851120574,0.657193415298184,1,0,0.69918241203273,0,-0.182017627150426,-0.359534460083883,-0.00450079421696895,19.4328407161929,-2.06388130577833,-4.02379632570015,0.04469115221319,0.407479806552565,-1,0,0.567958403386078,0
"P07900","HS90A_HUMAN","HSP90AA1","Heat shock protein HSP 90-alpha","=""HSP90AA1""",24.8969410536829,25.362432403378,25.6938767234792,25.5619268804087,25.3139079524173,25.6370440812814,25.4511441948872,25.675729160514,25.5873784461148,25.4217744089597,25.2806221132612,25.8335706338625,25.0331081295421,25.9054568439544,25.2699198233494,25.3135782712863,25.9671917711931,25.5188393338689,25.7748032007313,25.4204823303263,25.4710772409999,25.4635785037929,25.6607241973549,25.5351855705477,25.5190089667025,25.4912205376952,26.2635627038371,24.9438200757046,26.014437492444,25.4713719505287,25.596316919996,26.5820540439536,25.5610654231895,25.9779279890603,26.4940684770381,25.3226204155393,25.5804620195448,25.3937386229174,25.5250820960644,25.3655277386904,25.5503968573425,25.955069782312,25.6490349622593,25.9566686502641,25.6060719691685,0.129857562256806,-0.091933304796164,0.351648429309776,25.597107132521,1.17851305303503,-4.9857524810946,0.2446472691412,0.772946205803254,0,0,0.832908594286899,0,0.152481588021789,-0.068016626645645,0.372979802689224,25.597107132521,1.391948408586,-5.05915276767038,0.170625998189276,0.655071957582339,0,0,0.763661741159089,0
"P07910","HNRPC_HUMAN","HNRNPC","Heterogeneous nuclear ribonucleoproteins C1/C2","=""HNRNPC""",NA,NA,17.4962466568943,NA,NA,NA,17.6354082838773,17.4545153475052,17.0099390681748,17.7514032395131,16.8841172676931,17.3688332049133,NA,17.8157209439885,NA,17.4750895405535,NA,NA,NA,16.7427383822288,17.3931745619846,NA,17.4772534195909,NA,NA,16.8007090105462,17.6808555062049,NA,16.9956674781103,17.2558145249131,18.9923689620808,20.3432058598436,16.8339811508186,19.5179071795055,16.1915925852911,17.0793611451587,16.7588768762456,17.3243017425807,17.278759794948,18.6349671030173,17.584661926145,19.9691747625397,19.1749123156188,18.9053678573121,18.9710462185238,-0.199029126985472,-1.01663873127995,0.618580477309008,17.7676765134297,-0.495821857678071,-5.24014298904706,0.623404106493524,0.934833173270874,0,0,0.910234273846536,0,0.982233319580985,0.264564175037212,1.69990246412476,17.7676765134297,2.7876959378909,-2.56821782025916,0.00885315686060174,0.272445073110452,1,0,0.00962878323894435,1
"P07919","QCR6_HUMAN","UQCRH","Cytochrome b-c1 complex subunit 6, mitochondrial","=""UQCRH""",24.9883541655641,25.7466482195239,25.3664144117447,24.6997988647368,25.1597268599678,24.4832299596789,25.5914665387625,25.0234298472108,25.3818278081299,24.7203118113069,25.4902814224797,24.0670880899008,23.7704185707466,24.7183496900401,25.1925442747792,25.4471690924551,NA,25.539396453297,25.2288494725343,25.1655077249945,25.1178678560321,25.37208786946,24.9244869396426,25.4129979821472,25.1387541002064,25.4878708339668,24.8097299967701,26.8199197077766,25.3889059651498,24.4587110517625,25.2119712815337,24.4807471872417,25.0804728968583,24.9696402559815,24.956566579892,25.3874474466342,24.7386025346196,25.1920004251038,24.977665982789,25.3534622941688,25.1978122555652,24.392480724139,24.8991442834698,24.5988461744211,24.5328609163399,0.361842378858725,0.0262920677294223,0.697392689988028,25.0609515186256,2.1718640110437,-3.6187955661976,0.0351703780279056,0.505174520764463,1,0,0.297814089596606,0,-0.381002511893911,-0.714592911206156,-0.0474121125816663,25.0609515186256,-2.3003035015055,-3.57182118179796,0.0261170882631063,0.344080314270748,-1,0,0.249370086430652,0
"P07951","TPM2_HUMAN","TPM2","Tropomyosin beta chain","=""TPM2""",27.1045049935546,28.2651600300888,26.8298640236123,24.6155878106743,25.8812211671137,26.2836533163153,28.8510029370338,26.7864569166436,27.7023292369835,26.9778895918353,28.0387236775704,27.1570156449799,25.7815141544477,27.1840599588284,25.0475759882174,26.4653305478644,26.9497581144296,26.3678310965684,25.6060762160226,26.5212184744193,28.3618718734198,26.2764130337413,28.8440979904225,26.5564598943144,26.4113210931596,27.302932560319,26.33635307264,25.1750806303169,26.1665659341044,26.4137764528843,27.3043867681318,27.4806435349698,27.144959200131,26.6142269840317,25.082093917624,26.7645800708234,25.9702217650954,27.8722668991462,27.4474953918022,27.7618637954597,28.1852436482331,27.8170449828786,25.8498513443917,27.0602645591357,25.7156625591222,-0.143215827542083,-0.765915476090527,0.479483821006362,26.8073878189667,-0.462938399829999,-5.49330216249983,0.64558929300286,0.937693137615552,0,0,0.939253315928655,0,0.28771456242335,-0.331355837559255,0.906784962405955,26.8073878189667,0.935475923613663,-5.55083234016712,0.354424008944349,0.786466622673627,0,0,0.741978370876382,0
"P07954","FUMH_HUMAN","FH","Fumarate hydratase, mitochondrial","=""FH""",25.2709261452283,25.0771735194896,25.5138559634827,25.2398049444713,25.5496957555117,25.1989329560997,25.035716348395,24.9770464860645,24.851644023476,25.261052923966,25.2523131603627,25.1802948121658,25.3413018811574,25.1419448351837,25.7692372204922,25.56202215741,25.3090539470088,25.3336159117559,25.373276061801,25.3981517504643,25.3570976138144,25.596398638375,24.9615556978035,25.1005907040138,25.403518188962,25.2829306513815,25.3587934702515,25.1697673423244,25.3276078445385,25.6660954824943,25.2851559968411,25.0048485225931,25.3795595707308,25.1877237174262,25.4369763021928,25.2396348635395,25.4646700396283,25.2036914181761,25.2795408044573,25.2418466443051,25.2468267838968,25.1885921216069,25.5047064256441,25.2816882423518,25.5773607787324,0.0955478347231953,-0.0479743044817038,0.239069973928094,25.2974275260015,1.34002456760168,-4.81331427744779,0.186813567512947,0.734553882159661,0,0,0.8518922191147,0,-0.0451768820184384,-0.187862538467823,0.0975087744309463,25.2974275260015,-0.637304149436819,-5.77165444714274,0.527083365259549,0.840054692381709,0,0,0.971483378333213,0
"P08123","CO1A2_HUMAN","COL1A2","Collagen alpha-2(I) chain","=""COL1A2""",20.9179690302959,NA,NA,16.9322529375805,NA,NA,17.8583563226229,18.0759446448178,NA,NA,17.216854807271,NA,NA,NA,17.3617601150143,17.2249863178564,NA,NA,14.6841568078705,NA,19.4821008383201,18.1474305626611,21.6791533926052,16.7874458073171,NA,NA,14.1300206982649,NA,17.0524500463881,16.6403037373507,18.580354735328,NA,15.6897108836601,NA,16.0308837972074,NA,NA,16.6371931138211,NA,17.7835666943335,NA,NA,NA,NA,NA,-0.734176146258278,-2.39445676837253,0.926104475855972,17.4456447645293,-0.919496172074866,-4.96798913578403,0.36825788567523,0.845371265624585,0,0,0.480263064746504,0,-0.559888573914805,-2.31067581487964,1.19089866705003,17.4456447645293,-0.664965917489739,-5.38694908306382,0.51329546733444,0.834663611429138,0,0,0.688395516303387,0
"P08133","ANXA6_HUMAN","ANXA6","Annexin A6","=""ANXA6""",25.5184025062395,25.7364039416329,25.9924799414469,26.1556424439685,26.1892020757275,26.0365465439337,25.7960947152492,25.8759186845749,25.9427716194236,25.7114941883693,25.6112109219822,26.1661013906845,25.8990474219787,26.1290306743112,26.0098352194551,25.8600569677063,25.478380867121,26.0169927699374,26.1193649950284,25.8916653256724,26.0226023165053,26.12341532224,25.9030585024094,26.0614937030037,25.9063130839554,25.6783133686439,26.4423655779568,25.8095414752473,26.0865299362597,25.9978093378757,25.9927223776836,25.6056417488928,25.8660948840427,26.3302484841816,26.434307559066,25.8684555243908,25.9161097394915,25.812591232484,25.7759116020948,25.7408455114469,25.494175091242,26.0638480394104,25.8973288891982,26.067977392631,26.1127433328331,0.0387046158402633,-0.120958667318282,0.198367898998809,25.9366019388362,0.487942352562264,-5.48288339297572,0.627906378673456,0.934833173270874,0,0,0.982149499232237,0,-0.0279268093648675,-0.18665953516278,0.130805916433045,25.9366019388362,-0.354132394736998,-5.90499128321553,0.724856424601914,0.924715963328736,0,0,0.991053920837419,0
"P08237","PFKAM_HUMAN","PFKM","ATP-dependent 6-phosphofructokinase, muscle type","=""PFKM""",27.5931601018911,27.6780925807286,27.7022847280234,27.9851905790497,27.5862634811358,27.768278171785,27.7219898356626,27.7426269830894,27.7512962854466,27.5786124254601,27.9237369258756,28.4016706980109,27.9288089123031,27.9516927426343,27.6785820499374,27.8172764500217,27.947677092446,28.1787710336503,27.850707934427,28.0109183285364,27.5322863219611,27.4180453834408,27.4389098932231,27.8980058307898,27.9270476804922,27.7240649128966,27.8538212776489,27.8286775221587,27.7639445614545,27.9681787325903,27.7465783804043,27.5844117697753,27.9238245843879,27.67934911219,28.0276866087918,27.4052147797294,27.9558478799134,27.9303488504977,27.8311238218487,27.8666305456627,27.6388488311005,27.7375814224152,27.9082028311645,27.5542124203474,27.8370284972206,0.0123420257226527,-0.14729327756316,0.171977329008465,27.7950557731605,0.15562104076188,-5.57682291493579,0.877012045683215,0.962924583781994,0,0,0.998381610794886,0,-0.0354295080191918,-0.194134417018035,0.123275400979651,27.7950557731605,-0.449350853810894,-5.86857019046213,0.655286836250187,0.905507449629859,0,0,0.985136150851017,0
"P08238","HS90B_HUMAN","HSP90AB1","Heat shock protein HSP 90-beta","=""HSP90AB1""",24.0515455398558,24.2342418762607,24.3347358265154,24.6289253292478,24.1642126834648,24.5416227163083,24.3960286076295,24.5527321083911,24.4748241286918,24.1994332673331,24.2890425978692,24.7445496496895,24.130217829538,24.6161421829418,24.3712995142344,24.1826029124216,24.5892388256467,24.4816512586909,24.4082279105678,24.6142493993217,24.2995871306683,24.2935539611904,24.2411167608813,24.5048262113133,24.3664281716904,24.3403162769047,25.0219291985609,24.446875863284,24.8046763072046,24.3728655978005,24.503829852904,25.3802608931196,24.5025338656469,24.6845537089398,25.389106681125,24.1016514787824,24.715913501741,24.3578942286772,24.5217286740502,24.2853829101494,24.4551621213921,24.9757566420682,24.6342443549537,24.8356916537454,24.4020834103908,0.0838741529165183,-0.109792520927288,0.277540826760325,24.4987443027068,0.871734157071774,-5.25573387272624,0.38787668389828,0.860654333525107,0,0,0.923638506401734,0,0.185176546102589,-0.00736139015490725,0.377714482360086,24.4987443027068,1.93588911045998,-4.24760268481432,0.0590351836235116,0.45710099319919,1,0,0.592159313583904,0
"P08311","CATG_HUMAN","CTSG","Cathepsin G","=""CTSG""",NA,NA,NA,NA,NA,NA,NA,NA,NA,NA,NA,NA,NA,NA,NA,NA,NA,NA,NA,NA,18.7106559281438,NA,NA,NA,NA,NA,19.7207874903331,NA,NA,NA,20.0839822565495,22.7119345221893,17.6279502259056,23.9614194856651,19.3945951651057,NA,NA,19.78028881591,NA,20.1503369945785,20.3232637579029,23.3315834784329,23.5135436131902,21.551528193872,21.8392556351942,NA,NA,NA,20.907223254498,NA,NA,NA,NA,NA,NA,NA,0,2.16525226011791,-0.272283746919142,4.60278826715496,20.907223254498,1.88271108425653,-4.04738636395345,0.0780058454279767,0.509320177932908,1,0,0.00399186461346627,1
"P08473","NEP_HUMAN","MME","Neprilysin","=""MME""",NA,15.8325234499744,15.7418657006576,16.4470840600491,NA,16.1946883068877,NA,NA,NA,NA,NA,16.437609548924,NA,NA,16.3828435163358,NA,NA,17.0941240855057,17.1002117796391,NA,15.1106458059597,15.6568880196472,15.307742963013,15.3692963186905,15.4044724817235,16.5684592722735,NA,NA,16.6029215712957,15.8695308719249,14.7238676601072,16.7362913447034,16.1505090680596,16.1504144305083,16.3770599860086,NA,NA,NA,NA,14.5515615949415,NA,16.6453807793725,15.6372539600415,NA,15.9378151379313,-0.0561459501988537,-0.686509646983968,0.57421774658626,16.001242468567,-0.183070198637156,-5.29626171046947,0.856160826542415,0.95848719206779,0,0,0.991318603034092,0,-0.169058546543605,-0.727124186127012,0.389007093039803,16.001242468567,-0.622647512946586,-5.57763981343888,0.538930938129071,0.848424887660454,0,0,0.900768890550423,0
"P08559","ODPA_HUMAN","PDHA1","Pyruvate dehydrogenase E1 component subunit alpha, somatic form, mitochondrial","=""PDHA1""",24.6321046315795,25.0234875586565,24.9143631777924,23.9420606866147,24.8308605450604,24.7163630966793,24.970483462907,24.7926939169413,24.7302772002799,24.7447745905334,24.9402290464702,24.4611786072476,24.3014585427338,24.4808072063359,25.1780245873077,25.0943317483591,25.2105294941439,25.0668613803229,24.8702924702347,24.7829029271803,24.8322568010303,24.8822621908095,25.0028870586775,24.8771581290043,24.8883712783622,25.2013446870964,24.7028832123942,24.0638271294931,24.9020966154225,25.1834058449289,24.6454186273138,24.871429536325,24.981807574206,24.5175806888,23.597171293546,24.9043754842914,24.8066993001265,24.9117117704625,24.7836846244994,24.9511646607236,25.0185700758588,24.5149863955539,24.9353096510916,25.0654034300816,24.8401667862867,0.196509613404704,-0.0231491960735634,0.416168422882971,24.7903568383059,1.80071916072416,-4.21324950822332,0.0782996095864024,0.631727913939655,1,0,0.60619608327267,0,-0.147728737886187,-0.366107321141215,0.0706498453688421,24.7903568383059,-1.36165082416013,-5.09734071911501,0.179934349032955,0.665692419259105,0,0,0.776173735358169,0
"P08572","CO4A2_HUMAN","COL4A2","Collagen alpha-2(IV) chain","=""COL4A2""",20.1631234969177,18.7564587468532,NA,NA,17.5289671551985,NA,19.7464819015265,18.4609630857505,19.2134037246129,NA,20.1339804750762,18.5759831388985,17.7574893020927,NA,16.5099720530725,NA,18.0752905485899,18.626125671688,NA,18.6109563689617,18.7287940255639,17.9694745265572,22.3189394982557,18.716343743165,NA,17.7858717697283,NA,19.3029821715531,18.1340561314388,18.088206668317,18.1204605496238,17.586960428003,17.7890075158905,NA,NA,17.807935046361,18.5465393586808,18.5473580287219,19.2083767199204,18.7157798017043,18.2678201504229,NA,NA,NA,NA,0.149711791074331,-0.677234427924694,0.976658010073357,18.5931367267716,0.369217311053883,-5.38367715543411,0.71447247992426,0.947417763940137,0,0,0.95091108142919,0,-0.591855309885712,-1.43690295937451,0.253192339603089,18.5931367267716,-1.42835995195907,-4.8572938485646,0.163173684091804,0.652706866863196,0,0,0.341981641209701,0
"P08574","CY1_HUMAN","CYC1","Cytochrome c1, heme protein, mitochondrial","=""CYC1""",26.2975744392817,25.4077229462075,24.8893503758782,25.9604896525473,24.7682874958989,24.9303595769871,25.404965944744,25.280123499515,25.1642891513301,25.3076826628328,25.8947770762856,24.6251167879253,25.7157210021134,24.7770626719603,25.7148313791103,25.4298408667503,24.5598078754277,25.0900575402152,25.2329804265811,25.2714365572698,25.1417066488814,25.1810600413456,25.2256329025078,25.9917469779055,25.7680098633024,26.2248143864786,24.9625631100232,25.3969205761996,24.6313515378218,25.4604080773304,25.0272685749051,25.0793666672701,25.2274699485523,25.2733564802447,25.5750929997247,25.4331186596464,25.0959459241274,25.8292746355241,24.8950060822276,25.9419216700996,25.284395724142,24.9843105385259,24.9229077369628,24.7674097080534,25.4282116666828,-0.0342210167738557,-0.321707459301711,0.253265425753999,25.2993722014966,-0.239599744341473,-5.56221209723259,0.811704058810151,0.948679518362231,0,0,0.992886253133295,0,-0.0535520247567796,-0.339362924731054,0.232258875217495,25.2993722014966,-0.377144621226605,-5.8969746096736,0.707798978298409,0.91965387796718,0,0,0.98166288852528,0
"P08590","MYL3_HUMAN","MYL3","Myosin light chain 3","=""MYL3""",28.0187604214164,27.9642300543995,25.9603061339812,25.0267473290022,25.1433052549316,25.5171605683026,28.9871720339395,27.0733567547809,27.8508015623649,26.5912460813062,26.6252400558535,26.216470903041,26.4724225921976,27.027597592948,24.5911796122494,26.8783387490923,25.8320398418304,25.3316419304825,25.2158054557712,26.5696258968315,27.3786792397123,26.5863716143449,27.9226590533687,26.9876315955666,25.8048462522453,27.8337714464922,25.4670030356729,27.2683035246522,25.871734008124,25.9802581955639,27.576456094996,27.652521587556,26.319469914928,25.9664197001018,26.4937279924854,28.0915244379966,26.3611700363098,27.2084927443707,27.6009976926079,26.625131325467,28.5805347343076,28.0015663195865,26.2808556291277,26.6590205246954,25.1565258203398,-0.106739005693669,-0.751299918842057,0.53782190745472,26.6793138076743,-0.333326618802692,-5.53859845339709,0.740401018637047,0.94848524722489,0,0,0.968427332243489,0,0.509713647675028,-0.131090604015315,1.15051789936537,26.6793138076743,1.60107504099141,-4.77488570201437,0.116200384093475,0.592559485551942,0,0,0.333828597154278,0
"P08670","VIME_HUMAN","VIM","Vimentin","=""VIM""",24.598080159613,23.6415383418558,22.7030954410686,22.8700010403369,22.5906434939476,22.0574928887826,24.7077984527292,23.6983535935327,22.7792012336049,22.4939500379725,23.7519372231595,22.8485297664738,22.7121400203531,23.2386638516664,22.6129387350243,22.0638428212599,22.8144889653551,22.560640299307,22.0508356699038,22.6474816975378,24.583997540725,23.7148866878771,24.2043824982512,22.5042085819409,22.5398599982232,22.4274528672754,25.8826213178938,22.7483444350723,23.2812691000089,23.0235867868027,24.0546197033878,23.9491025571391,23.1431331729278,23.8219450328182,24.0711241992616,22.4181867379112,22.7420400936645,22.8297171193208,22.7842621896301,23.78132754105,23.2743166888939,24.1309172459052,23.2961843449036,23.8823085657476,23.864445680703,0.00442295852020536,-0.549672668378351,0.558518585418762,23.2532420982404,0.0160671539071456,-5.58737782075,0.987250242754167,0.995819552007982,0,0,0.999943247388016,0,0.333048773722027,-0.217817445927068,0.883914993371121,23.2532420982404,1.21694936268865,-5.26900844270071,0.229824899695596,0.712382082879977,0,0,0.612793401695814,0
"P08708","RS17_HUMAN","RPS17","40S ribosomal protein S17","=""RPS17""",20.2438326175656,19.6715214565997,NA,20.032384945223,19.3076431493025,18.6606630490437,19.7017649021651,19.7904654447688,19.262758238657,19.7442078483041,19.3046509218382,17.5773251127017,20.9674622029315,18.8408637955593,18.9067338857733,18.8735082259039,20.4294721999659,19.4542506434032,17.9067663463107,19.5913331614671,19.2264472517858,19.4277771017221,18.4973841408113,19.9056834725219,19.5571524969143,18.2625355944779,19.8911384494009,18.9582446925877,19.8576620964566,19.3089411958412,19.2219491115809,19.7915974912097,19.0236973397187,19.4969812984271,19.3814049032354,19.5050347598642,20.4193049411107,19.7499021603292,19.822912530102,18.5406016278138,19.6167686094463,19.3400406164669,18.7132983424168,20.4469740835987,18.1329764440256,-0.160153470965934,-0.65264215253987,0.332335210608002,19.3719095204398,-0.654954222370695,-5.38595069698558,0.515828329619274,0.896077533266722,0,0,0.899407921589328,0,0.137009812651701,-0.344533799888779,0.618553425192182,19.3719095204398,0.573042576407068,-5.80844274158632,0.569465874012678,0.862573310642818,0,0,0.925756299276816,0
"P08758","ANXA5_HUMAN","ANXA5","Annexin A5","=""ANXA5""",24.4302493646606,24.3297902059802,24.7723200838383,25.2218133482415,24.6334599751693,24.23629575152,24.2270483988675,24.3594753969588,24.0271043242464,24.1665711900751,24.0050304798548,24.1635544350188,24.225753293453,24.4466532286531,24.0483964817,24.0463789111228,24.0540315480309,24.6441278925157,24.8092920620592,24.470116147328,24.3920139366257,24.7853219944944,23.6184307934247,24.0639521367313,24.3485021991421,24.134738870887,25.6628421717008,24.4710696214201,24.5241898358836,23.7431492499735,24.7103168534817,24.6239429273441,24.4120245126426,25.0364855760957,25.8416696701035,23.8375945663487,24.3634078036641,23.962797878789,24.1971392781168,24.376433129931,24.2123166487212,24.3255187915339,24.0033069047451,24.3835255158688,24.0733426379456,0.0263897838634399,-0.265198820054752,0.317978387781632,24.3871443561091,0.182169680516183,-5.5728739306811,0.856249296515229,0.95848719206779,0,0,0.995912846749129,0,0.0394443549328223,-0.25044479801402,0.329333507879664,24.3871443561091,0.273882133786583,-5.92901867138842,0.785400223500128,0.942584418301806,0,0,0.990516998516891,0
"P08865","RSSA_HUMAN","RPSA","40S ribosomal protein SA","=""RPSA""",21.2862666581455,22.0643943453729,21.5608265886974,20.4617057740897,21.5180899515745,20.6603964491285,21.8387344531388,22.0308341855427,21.8359870710679,22.2848848380702,21.8733535333462,20.3776276297709,21.1575869032646,21.5593597597892,20.7180954596253,21.9119551752672,21.9963284171103,21.6971580407673,21.0565869874278,21.6505248673158,21.4191205065312,21.7470588290084,21.9341323079243,21.6005463968056,21.0528924581552,21.7750373629488,21.9166098009695,19.5397951222657,22.1236028571178,21.6133486997768,22.1978124993735,22.4835220237784,21.743751761634,21.8728779367109,21.0292543057011,21.9835174398172,21.8896396495854,21.7620885635592,22.0588824682085,21.4174042581155,22.0873274491832,22.3293684993834,21.949733714428,21.8779361122703,20.6233863052066,0.122864457328024,-0.261198744868944,0.506927659524993,21.5904298759327,0.643923652948656,-5.40570762655631,0.52281992049366,0.896077533266722,0,0,0.923411942294945,0,0.284787010504242,-0.0970377757420918,0.666611796750577,21.5904298759327,1.50129787311328,-4.91497693155889,0.140106141223087,0.626842806368387,0,0,0.571376125364226,0
"P08962","CD63_HUMAN","CD63","CD63 antigen","=""CD63""",NA,NA,17.1027523255531,NA,NA,NA,18.4250272222047,17.4318811668616,NA,NA,18.5671660755029,17.7116943968073,17.7780138352168,NA,16.7798305786843,NA,NA,17.3709211826929,17.7357244552392,NA,NA,17.1043435801735,19.5071339462162,17.282234712495,17.2788101967618,NA,18.6700593247435,17.1235407130423,17.5528752378185,18.0456398598407,18.5011883006932,17.7952690754233,NA,19.1520966865207,18.333537922729,NA,NA,17.3840925277469,17.3119622226702,17.6541637684066,NA,19.0207567634716,18.4734400996578,18.2600700061047,18.2278953525518,0.172853126939909,-0.43662047805395,0.782326731933768,17.9136471977082,0.580013062975669,-5.21169515823184,0.566379128388832,0.906755629796011,0,0,0.906408176524008,0,0.395681223946934,-0.142505552386294,0.933868000280161,17.9136471977082,1.50358455583922,-4.78115268491491,0.14348653493155,0.631993832589005,0,0,0.463837655649293,0
"P09104","ENOG_HUMAN","ENO2","Gamma-enolase","=""ENO2""",26.1223979500316,28.0925156382377,27.7825950967192,28.1696685806482,27.1329034654795,27.3973851587582,28.0115778432405,26.9064473790675,28.7662091762787,27.5864709454737,27.8549138543503,28.0838981037894,26.8974336103242,26.9780927521533,27.3432421589052,26.2861617850905,28.0646857159299,28.7889938921245,26.9809897135425,28.8213082982505,25.8368058128242,26.6157773494491,27.0297711742819,28.0665471499266,27.3090490702342,27.4896324681162,27.8262798835833,29.8708588375721,27.2537970083495,27.229795372263,26.2622928836141,27.1716225467215,27.4898096588047,26.4830340694019,26.3390196457555,26.8036943898073,28.6985294650209,26.7163714274076,28.8118817598543,28.0178969604231,27.6419279843575,26.9843713683323,27.4261295427045,28.95699328118,26.5562391008033,0.0248069832350701,-0.549667693604757,0.599281660074898,27.4879115406485,0.0869188303722289,-5.58416275683834,0.931112960010647,0.980772317877881,0,0,0.998230976150963,0,-0.207375963156625,-0.778502458570797,0.363750532257546,27.4879115406485,-0.730864584606645,-5.71114418817395,0.468565106420889,0.834663611429138,0,0,0.854526627345267,0
"P09110","THIK_HUMAN","ACAA1","3-ketoacyl-CoA thiolase, peroxisomal","=""ACAA1""",17.3382032395106,17.8037473266556,18.2956441681332,19.0569730604015,18.1980728791214,NA,17.9244850554336,18.1211013253986,18.6164649334796,18.5689828598423,19.0054805258859,18.245882089798,20.2820945504758,NA,19.7530056730058,18.3469670986313,18.8775298431586,18.4708400548223,17.8704662938109,18.0114063460805,18.4884097893405,18.5001616084011,18.4740573820881,18.5205781778254,17.9874095653142,19.6355136791534,17.7196800573193,NA,18.2067674722481,19.2361647975003,18.2998490130324,18.098364852726,18.4782754906551,18.996991195538,19.1994915981599,18.283130432161,18.392147945738,18.3749296993802,18.0061170440779,17.6604293657354,18.0892113857235,18.4602054348621,NA,17.761504665286,18.1800592719205,-0.0773875564772588,-0.496607017869976,0.341831904915459,18.435043835313,-0.372525400736726,-5.48350241894148,0.711373184616089,0.947417763940137,0,0,0.973989300725975,0,-0.147517483621257,-0.557021916179346,0.261986948936831,18.435043835313,-0.726960946936948,-5.6833733069659,0.471278691565271,0.834663611429138,0,0,0.89495822515672,0
"P09211","GSTP1_HUMAN","GSTP1","Glutathione S-transferase P","=""GSTP1""",24.6707703127724,24.2009158530276,24.8084619108183,24.6220958560234,24.9803141015085,25.0354855689315,24.4848763825136,24.6262806793395,24.0965384356469,24.6228206704895,24.240799375925,24.6123167536508,24.4044279628697,24.9325177055657,24.727647678682,24.6498175116937,24.1392922450308,24.4964995922566,24.4419972942076,24.4739031403605,24.9068493967842,24.6810337927372,24.044794476916,23.9660664083725,24.5038903326294,24.3097127819965,24.9817355155192,24.7190701716409,24.5584018464999,24.6796488540554,24.7515602001776,24.5753246769806,24.5276245014525,24.5200635875801,25.0011426678697,24.7426332881217,24.6463900497879,24.4858561626235,24.062839937707,24.3003715274345,24.1167997180323,24.6524018119294,24.5065156245862,24.4472635622337,24.7887801968393,-0.105455372071237,-0.29004931696745,0.0791385728249756,24.549878891596,-1.1499052775328,-5.01415079399622,0.256120959368095,0.782013090941701,0,0,0.866198365762068,0,0.0381902768437179,-0.145327808589046,0.221708362276481,24.549878891596,0.41887529507956,-5.88115912730265,0.677255025488534,0.914300764132198,0,0,0.985227172286023,0
"P09417","DHPR_HUMAN","QDPR","Dihydropteridine reductase","=""QDPR""",24.1528285195456,24.4704809231552,24.9146584075814,23.9626997366856,24.4055965932223,24.8375553787983,24.6170231865743,24.4977559592999,24.6254577903205,24.4308561512809,24.4827378419152,25.1812346816693,23.8581230658814,24.9095192137865,24.3431376766013,24.3835504852661,24.8152239608858,24.7359377117361,24.3674248057481,24.6618038992179,24.3629716103361,24.2012409155213,24.5965760195983,24.5285844456801,24.4130542753716,24.4129898608697,24.3482965293338,23.6857598305573,24.4977241953435,24.2404585140788,24.080046992731,24.4611572032448,24.493023884514,24.3245987441599,24.1631884417966,24.0087912123173,24.6488711690186,24.2727989596449,24.6684274521943,24.4104091792963,24.3447816287297,24.6561464485479,24.5129333605579,24.3747232468287,24.3217822450799,-0.0950739622738475,-0.294570250189686,0.104422325641991,24.4373987189894,-0.959262759678784,-5.18655057889603,0.342437035610904,0.829196193509929,0,0,0.903130991816991,0,-0.0339944593921722,-0.232328033279672,0.164339114495327,24.4373987189894,-0.345002872668119,-5.90803272231006,0.731663389102696,0.926545693676778,0,0,0.989435154726544,0
"P09429","HMGB1_HUMAN","HMGB1","High mobility group protein B1","=""HMGB1""",21.0383949939607,20.8858364997195,20.6232286521979,21.9189925269311,21.1936414379365,21.5372456779274,21.0373787935885,21.1096346866589,20.3000870615931,20.8808389901178,20.6723516119266,21.5593753937827,21.8778956586485,21.3252167333443,21.5353864763131,20.6876067121728,21.2614100249596,20.6458125946999,21.7192358780169,20.4362978520563,21.301601866837,21.2364026437919,21.5429491155969,20.5298025014278,21.1467553366727,20.5753066312061,21.2635735906222,19.7489688823337,21.7851521496362,21.4041858869939,21.389883533041,21.483227797049,20.6442041552487,21.7567356539445,21.7853624370924,21.1970846457787,20.6711090795528,20.892337498839,20.6713925566697,20.8837853266207,20.9948864505519,21.5350578540347,21.5008480050755,21.2457491133391,21.2897616254286,-0.145725891621233,-0.456608039556079,0.165156256313614,21.1271553909764,-0.943521383586949,-5.19946003560051,0.350339341705796,0.831991492349562,0,0,0.858262703281436,0,0.177090937682841,-0.131979311703214,0.486161187068897,21.1271553909764,1.15332032284509,-5.33880492111427,0.254731331566525,0.731904733072387,0,0,0.784914892595551,0
"P09467","F16P1_HUMAN","FBP1","Fructose-1,6-bisphosphatase 1","=""FBP1""",22.6418040882198,21.1119086840153,19.8289634831124,21.8314066345931,20.667317530787,23.1514784152188,23.2646450823802,21.2904104117742,22.4791866956121,19.2894191386648,22.1818421826494,23.5162954901484,23.3483944794277,21.8175000326152,22.5641113184295,22.0479038794637,22.4416637958602,21.910615822915,21.6048544379683,22.3133974362593,21.3547752155836,20.9261234473314,23.4555557090564,23.2301751712242,22.3825528526046,21.0413254368738,21.96628766177,22.051587285952,22.3075740530563,23.1862894780549,22.1328876899455,NA,22.0595205893769,23.1490546929355,19.6234544278208,20.5478402177016,23.0794539545904,21.9134513022401,21.4685628887201,22.0034427439044,20.6816908810775,22.7935920930878,23.2553813098235,21.9516080089859,23.0580453426283,0.234069712583675,-0.463832039760354,0.931971464927705,22.0209852612377,0.67549443871789,-5.38747645614732,0.502815138333926,0.896077533266722,0,0,0.851351169658086,0,-0.173126634723101,-0.878586760656022,0.53233349120982,22.0209852612377,-0.494267733952142,-5.83309877838695,0.623519240791275,0.885234347493014,0,0,0.921473916754421,0
"P09488","GSTM1_HUMAN","GSTM1","Glutathione S-transferase Mu 1","=""GSTM1""",NA,23.7287120127903,20.6669191818466,23.1492141612732,21.2698481932458,24.3579604633058,24.0748690553855,19.9376533142883,23.4642634049209,20.7869123561467,20.9375910509182,18.9250098274945,24.2927199961524,25.0501995636782,24.7141559335881,NA,23.2622801463106,20.513635782735,22.9939829071519,21.1457075929539,24.0724982227146,20.5393450235115,18.8208416458782,23.8713988335004,20.1859320604749,NA,20.6202472862601,23.1945706417482,24.5809955995257,24.7386739952173,20.3698922861897,23.469608826132,19.6380439876572,23.1291345843566,22.5123699474148,23.9221559902574,20.3349653291994,20.8281922992741,23.4063493173337,20.9610925510134,20.2340439868211,20.7046730064282,23.3214081583,24.8998249064591,25.1164953998173,-0.311782076405404,-1.45384395203149,0.830279799220686,22.3034378292779,-0.550540358275638,-5.41233486706271,0.584795085676582,0.912902949081589,0,0,0.845971893417393,0,0.0606803995161833,-1.05711955872926,1.17848035776162,22.3034378292779,0.109474253562479,-5.92588789029661,0.913335170132736,0.979656818909501,0,0,0.994514280563215,0
"P09493","TPM1_HUMAN","TPM1","Tropomyosin alpha-1 chain","=""TPM1""",28.0287255377929,28.1909722444633,26.6067358641566,26.2567320376853,25.9009792264236,25.881646022718,28.5350658515786,26.8823038627578,27.037923659674,26.9184472321992,27.873871797024,26.4351165134962,26.5910937630072,27.0313885326997,24.9353760748623,26.0191945538036,26.9599336512297,26.2456105762934,25.4956830801034,25.8980430173462,28.137063860592,25.8140701757986,28.38198384253,26.4947170149665,26.3785517273132,26.9023205191387,25.9473410486478,25.3098037671343,26.0544729335998,26.1242757127372,26.87842469856,26.9648932782919,27.0777889083684,26.4623344773264,26.0071798485522,26.6014557974633,25.8209878269371,27.5807287247406,27.0050151554214,27.442052482761,27.7759328686302,27.410570217753,25.3414787473506,26.4819104862675,25.4130385466318,-0.425969159635979,-0.97284890574071,0.120910586468751,26.6562941281517,-1.56782334793048,-4.53606304719997,0.123770395184913,0.687402872621279,0,0,0.410660310593527,0,0.273381772254744,-0.270310622550104,0.817074167059592,26.6562941281517,1.01210857971069,-5.48104762405934,0.316775724875862,0.763936761930615,0,0,0.730322478295051,0
"P09497","CLCB_HUMAN","CLTB","Clathrin light chain B","=""CLTB""",16.715954190814,15.1768436374642,NA,14.6328058332475,NA,15.7055008454571,16.7231817188091,15.8082078872906,16.2119115806534,NA,15.6491813583863,16.7649582008287,16.6805589083599,NA,17.2280885627325,15.6521205140408,NA,16.0686470138131,16.7857784008151,16.5780344557388,NA,14.9837591690796,16.1646175662221,16.3645186744734,16.262211350081,15.4815252156056,16.4002920870615,15.9648237922297,15.0103831086777,15.2192625817389,15.7800873599227,NA,NA,14.8574500478691,16.5205736106775,NA,17.0336519833444,NA,NA,15.7998596615542,NA,16.4169857585992,15.7988126791277,NA,15.6807712835286,-0.222017799242842,-0.738274307579307,0.294238709093623,16.0037924699451,-0.874908696182968,-5.16829052019298,0.387939281270793,0.860654333525107,0,0,0.810397764470166,0,0.0350535515183683,-0.527464929433229,0.597572032469965,16.0037924699451,0.126775610386488,-5.7699692291572,0.899886371755469,0.977865538778253,0,0,0.996309141842727,0
"P09525","ANXA4_HUMAN","ANXA4","Annexin A4","=""ANXA4""",22.1869779359134,20.9251362159289,21.6830418480959,22.0820873956131,21.6875027817922,21.8729805517325,21.8137494661494,21.9315623241223,20.8165566997094,20.6480619987914,21.4099462654287,21.0740389799556,20.8989342668261,21.5791383009182,21.9357634494359,21.2847844091072,20.775556079225,21.5888796541677,21.8283038421436,21.2907849589016,21.6505429909801,22.0229514792968,21.3824674681608,20.9424658331036,21.4896548700513,21.3613704399687,22.8491674169144,20.5112867840285,21.1776378379915,21.7904278248909,21.581048333746,21.3343298145106,21.4238245947159,22.3924177473816,22.5352037373637,21.4541142055994,21.2638365196145,22.1692827064761,21.0887465710398,21.4134820443538,20.7585111978277,21.4356308305684,21.5327195522139,21.3192944078245,22.2599280640741,-0.0383830709270789,-0.377196071198809,0.300429929344651,21.5212029043701,-0.228029199466639,-5.56459316562148,0.8206332397313,0.949382235408631,0,0,0.992441185800591,0,0.134405895891902,-0.202432417870544,0.471244209654349,21.5212029043701,0.803170308955783,-5.65885424545559,0.426003366722619,0.818304171032817,0,0,0.891642839979559,0
"P09622","DLDH_HUMAN","DLD","Dihydrolipoyl dehydrogenase, mitochondrial","=""DLD""",24.9821044015422,25.1605973263544,25.2098611571008,24.7949990940297,24.571993326805,25.0556441855152,25.0714396097102,24.8144007846782,25.1438272680547,24.7783317699037,24.8110559271403,25.0130602045847,25.2255692543378,24.6805331241449,25.0492964764451,24.9174755934683,24.987959440826,25.0570005983298,25.0110710206977,24.8504654545053,24.9401871362364,24.3438591811803,24.852531453837,24.8184857365849,25.0130110066785,24.7061226060403,24.4959860052572,25.6004706384449,24.999117379441,25.1909200629975,24.582742921885,24.7201721728123,25.0536166071933,24.8702644524864,24.5827151663998,24.8495344312981,25.091434039991,24.6256797657178,24.8132533145519,24.6804831075361,24.8506250209076,24.8519848670401,25.0923137347981,25.1015333356454,25.0830850635544,-0.033435400855069,-0.203281926777054,0.136411125066916,24.9110403383709,-0.396242154238037,-5.51843843076603,0.693756887924684,0.945624054281237,0,0,0.987849314219191,0,-0.0623483541805143,-0.231204972268037,0.106508263907008,24.9110403383709,-0.743220562937166,-5.70254871299917,0.461123955641519,0.831474716578483,0,0,0.952883015331912,0
"P09651","ROA1_HUMAN","HNRNPA1","Heterogeneous nuclear ribonucleoprotein A1","=""HNRNPA1""",19.7461318656153,21.7299225349471,20.7083003679016,21.3118843122403,20.2713656045037,19.6424800397792,21.5940953029157,21.125517624039,21.0344346485144,21.406200522293,21.5544179223578,20.1120757151498,19.6789530696206,20.5951989414136,20.0047313212924,21.1602186999111,NA,20.8622436057378,20.8455200507938,20.0126828400713,20.8942325083615,20.7540326426423,20.261268204091,20.6440892263213,20.5313234966528,21.2419202931136,20.6268203387245,20.1622499357574,20.5674010900457,20.4780836933433,22.0176708070264,21.938459374591,20.9661884613466,20.8628089287429,20.2045318949584,21.4184185525037,20.4277013138952,21.3853021999817,20.6591411727419,21.0145177181684,21.5141553380019,22.4667873240889,21.8390076967503,21.5510363889687,21.3733304558409,-0.0157092003365769,-0.427165969684035,0.395747569010881,20.890837591949,-0.0768954621101155,-5.57058374085463,0.939047275746371,0.983220575615884,0,0,0.999012544821007,0,0.643864495476002,0.234810999073631,1.05291799187837,20.890837591949,3.17018942653294,-1.65244129535742,0.00273926312760224,0.150502513137304,1,0,0.0223966647018339,1
"P09669","COX6C_HUMAN","COX6C","Cytochrome c oxidase subunit 6C","=""COX6C""",25.057944459611,25.0309243542155,22.7629107308865,24.0789412837139,23.1698826494247,23.4606473467459,24.3653055101227,24.5018636276283,24.817846137358,24.7631103095014,24.9013305620279,24.507906205889,25.4230522882049,23.3304273643195,24.4829649030856,24.4249772948774,25.1650624869319,23.9387556027292,23.8269704915657,24.4470510309386,23.3101657657774,24.0771637255579,25.4046783297416,24.7708330674421,24.2827814616958,24.7646919682284,23.8158163755864,25.4926053640248,24.7505229668139,24.5717386615045,24.253786638882,24.2893894928272,24.1242691961385,24.0382752669318,23.0789425944728,24.7157212022099,24.5942330200419,24.5106036538189,24.5386478327507,24.5268844542849,24.9132959356121,24.2698724114425,24.3757667587808,23.9741159288276,24.5296300297206,0.161172121302666,-0.235383927357497,0.557728169962829,24.3651623720643,0.818080712083354,-5.294991687007,0.417525020728157,0.872297158372813,0,0,0.86868954547385,0,-0.154025345111556,-0.548270166401943,0.240219476178831,24.3651623720643,-0.78638822734173,-5.67141786056253,0.435669067175057,0.82110113969254,0,0,0.87987502420885,0
"P09874","PARP1_HUMAN","PARP1","Poly [ADP-ribose] polymerase 1","=""PARP1""",NA,NA,NA,NA,NA,NA,15.308451589729,15.657769661714,15.5369933467211,NA,15.7764640897153,NA,14.3482531842619,NA,NA,15.1774484155599,NA,16.09550029837,15.3275341796362,NA,14.8860199471692,15.4280040202653,16.0097171433812,15.4995862942194,15.2332278455403,15.946878023041,NA,NA,14.8613118156953,15.229385385786,16.1301295601823,NA,16.1105354731843,15.0692043181438,NA,NA,NA,16.0955522300966,NA,15.4422449028479,NA,NA,NA,NA,NA,0.132157980591943,-0.33185782725683,0.596173788440716,15.4842957964409,0.590603388922689,-5.13767225657736,0.560793907649497,0.905137078267613,0,0,0.926408112872121,0,0.321206731367925,-0.139479676923724,0.781893139659573,15.4842957964409,1.44582109012904,-4.7097843346719,0.162297721431638,0.652706866863196,0,0,0.557631160845449,0
"P09936","UCHL1_HUMAN","UCHL1","Ubiquitin carboxyl-terminal hydrolase isozyme L1","=""UCHL1""",22.9230306790985,22.8353803923964,22.4770417129852,23.6634729012659,22.3712319813832,24.5136416314854,23.2215763193623,23.6146016887647,21.0744626436558,22.5052855774891,22.2496473917294,24.3266856165488,21.9668040667816,20.2905066369021,23.5302228714383,22.7633959180407,23.6739693278899,23.112896243994,23.2050539389662,22.3791243997095,23.9181611554763,22.7388828034314,23.3943548555911,20.7114673004244,23.0334266423261,22.4001628453729,24.1251412656087,21.3161032234258,21.566687814052,22.7127813361206,23.2539665954807,24.3938534557986,23.3588065325291,23.1685948197698,24.0453441619972,23.3850106598575,22.787841951603,22.4170484539113,20.9447725385784,22.5919785222759,22.6943546893813,24.015691149949,21.7453199084549,20.8523814199594,23.6985429076904,-0.0272816987601878,-0.634542028119994,0.579978630599619,22.7993046433101,-0.0904289125673122,-5.58388849724424,0.928338651610498,0.978393598362148,0,0,0.997973424997499,0,0.153459913120471,-0.450261151869172,0.757180978110115,22.7993046433101,0.511645817680541,-5.8401158972301,0.611344261163495,0.880375407265006,0,0,0.927264094854169,0
"P09960","LKHA4_HUMAN","LTA4H","Leukotriene A-4 hydrolase","=""LTA4H""",21.933072040732,22.6781857042784,23.2141932467369,22.5468041833585,22.8046679979536,22.9116264069666,22.9540988623624,22.7722985403104,22.8873092849356,23.0239755955998,22.4749450752397,23.2945009305747,22.2051934329403,22.6633521948594,22.6620373191166,22.6917591192893,22.7052992647012,22.835544296328,22.7498592576602,23.0468357981559,22.8111365380055,22.5878133376042,22.4506803397675,22.6936612304161,22.9518505533741,22.5441879156115,22.8571100196464,22.4718863723855,22.3683201091191,22.8322354624556,22.5294970206432,22.8976647383588,22.9126389049135,23.1046438209941,22.2339469057931,22.4889834312863,22.9623994585614,22.6122963933213,22.8349829406022,22.8091556766578,22.7015098381146,23.2061984698935,22.9705895832397,22.4569807448858,23.161246004204,-0.0262817525725829,-0.226905374403689,0.174341869258523,22.7446038747101,-0.263683567531714,-5.55687923092482,0.79320038509005,0.948679518362231,0,0,0.993929559447035,0,0.0856369544633075,-0.113817382956765,0.28509129188338,22.7446038747101,0.86422840977407,-5.6109759465237,0.391942787543456,0.802565618275863,0,0,0.922921639550276,0
"P09972","ALDOC_HUMAN","ALDOC","Fructose-bisphosphate aldolase C","=""ALDOC""",26.1436828003509,27.5141868152628,28.0806262605141,26.0083618230658,27.7454797252252,26.9357856295907,26.9882778529997,27.2985995467933,27.4341259358755,27.5617927017701,27.3506647174706,27.1472013420827,26.6216926935404,27.5244785614041,27.0751634510559,27.5000492653579,28.0371450830299,27.5601914469274,26.7332338930113,27.5407122255996,27.6960343873474,27.2350112520227,26.2224846912634,27.2601177078382,27.0446818985596,27.0278462302758,27.3722367855816,26.4445640971773,27.3707011188027,27.1836960838478,27.0993319443385,NA,27.2024186924136,27.1181872972867,25.4608510464292,27.5830346807474,27.6144101591716,27.3009879357591,28.2747188101905,27.230871128893,27.50507377498,27.0499585094031,27.284379866757,27.6082953265285,27.341464771553,0.047175048980737,-0.322159117199769,0.416509215161243,27.2121093174567,0.257254937857058,-5.5583376638679,0.798153619991914,0.948679518362231,0,0,0.989420547630225,0,0.0602904073011032,-0.31304369955552,0.433624514157726,27.2121093174567,0.325253062778145,-5.89890107834294,0.746495645222946,0.932548715587236,0,0,0.98252760905787,0
"P0CG29","GST2_HUMAN","GSTT2","Glutathione S-transferase theta-2","=""GSTT2""",NA,19.922903116365,NA,20.9714028172353,NA,19.7373574050313,20.0780740320428,NA,18.2638775353833,18.7835372969287,NA,20.4939823272666,NA,NA,NA,18.5381552859424,20.3825794369721,NA,20.2357389215852,20.2387588123102,19.7589502005294,17.3805756699429,NA,18.7206277481189,19.1326874238834,NA,20.1207048647549,NA,NA,17.8972331465902,18.4395019350141,19.9895911995645,NA,20.247362324321,19.7499956180277,19.3573039316639,19.9953729072869,NA,19.5875006963439,19.7810423471017,NA,20.255335727962,NA,NA,NA,-0.409188409998531,-1.15075037987829,0.332373559881226,19.5407751049295,-1.1321045542415,-4.84235534882131,0.267530092547806,0.79379820887424,0,0,0.583025460909205,0,0.443455569629354,-0.24529895266035,1.13221009191906,19.5407751049295,1.32098021573518,-4.96664677762368,0.197578185471161,0.679928456791111,0,0,0.48718233635146,0
"P0CG38","POTEI_HUMAN","POTEI","POTE ankyrin domain family member I","=""POTEI""",24.414246171502,21.8181557362273,21.140220980049,NA,19.9534484737353,20.310307921943,20.9277855751821,20.2973310592532,20.4028274811491,20.948891889228,22.5037112838337,20.1079494349051,21.8729821305394,22.7435828911529,21.2998571800087,19.6944751052609,21.7807308723965,NA,NA,22.1288811163011,20.9011448342643,20.0311378587247,19.6969703428491,21.1691813648683,21.3311187681424,21.9797400446675,21.5726280672835,21.8490184142488,20.2965200864471,19.1653709840448,20.0371948149775,20.8237632748735,20.4031197948564,21.3429336441719,NA,20.3080976055373,20.5358250056427,22.0206424256697,20.151620188976,22.3919359995367,21.0600068244572,20.8360415837298,19.7589915006306,20.7829183935966,NA,-0.446382036718099,-1.18218725294651,0.289423179510309,21.0197826781216,-1.22513327165786,-4.90355874968604,0.227509950474109,0.753445779529677,0,0,0.516388458589636,0,-0.112415594145915,-0.856344909467377,0.631513721175547,21.0197826781216,-0.305164755862756,-5.85726756380917,0.761783025620671,0.938041233542927,0,0,0.969875512580625,0
"P0CW19","LIMS3_HUMAN","LIMS3","LIM and senescent cell antigen-like-containing domain protein 3","=""LIMS3""",NA,NA,NA,NA,16.0152242293228,NA,NA,16.7481324224626,NA,NA,17.1590506249569,NA,NA,16.3840734804136,15.4775733087521,16.5321108288711,NA,17.4931928157086,17.1866600040141,16.79998844183,16.9191601623395,16.7701656396863,17.2795232865482,17.0921993618557,16.6266330889758,17.1889366393281,16.7153476558143,NA,17.8412734136257,16.7421286703362,16.983864770835,17.6817340524997,17.2935401595789,17.3168020557097,16.5038468412712,16.8996660382197,NA,17.0070601247897,17.4067636958818,17.1901682063313,16.9738159342714,16.3304530190383,16.6835544552654,16.6280489941306,15.1748475552707,0.626581930647585,0.137498139449467,1.1156657218457,16.8451731243105,2.60636404648013,-2.95576384074054,0.0136216710237517,0.462381727011647,1,0,0.0677551754209813,0,-0.164753022851919,-0.521412431298077,0.19190638559424,16.8451731243105,-0.939766990705498,-5.49907716732281,0.35415706613594,0.786466622673627,0,0,0.842808027853032,0
"P0DMV8","HS71A_HUMAN","HSPA1A","Heat shock 70 kDa protein 1A","=""HSPA1A""",25.6794175613267,25.5822519807847,25.4301104922971,26.4638542158839,26.0847942912272,26.0400070159659,25.6478256731844,26.2564644485846,25.8367372582203,26.053191949619,25.6027772153087,26.2232771438325,25.4908936578556,25.8095586043892,25.5647359871106,25.9386115697349,25.9687696169222,25.3902240955156,26.2826086710267,25.7887340973114,25.8665470549866,25.9612237092036,26.2084225648871,25.8293827452625,25.6908530311426,25.6625896264817,26.0224597230463,25.7196693099622,26.0562265055323,25.7262567102952,25.6551959258306,25.682842181441,25.5396081323724,26.3939784855681,25.8652826315458,25.7832370799757,25.7429479178908,25.7648282108107,25.9707934253294,25.591793350145,25.6785786514437,25.7848684133822,25.9044697305865,25.9547658705061,25.8140100587874,0.0202763913391308,-0.154287577687268,0.194840360365529,25.8445705909448,0.233801270447295,-5.56342003700204,0.816175755626687,0.948679518362231,0,0,0.995889816666461,0,-0.0656919310463735,-0.239238497805542,0.107854635712795,25.8445705909448,-0.761915505361246,-5.68927660336907,0.449995989630342,0.827855201825394,0,0,0.948895978606208,0
"P0DP23","CALM1_HUMAN","CALM1","Calmodulin-1","=""CALM1""",24.6334471853548,25.2134827781165,25.9013845451387,24.2949465165677,25.0075718310708,25.3926124341262,25.0818776644706,25.1023096680237,25.4404593745817,25.4306292790841,24.8397266470458,25.5731301438246,24.6839044902082,25.1996996675646,24.9612094616438,24.2190051595587,25.5621639225413,25.4721230833787,24.6835908522867,24.9413993223319,25.2708636293069,24.9293217150356,24.9722754456965,25.2489814323083,24.9492192455583,24.8590237352947,25.9465311196913,24.233137351815,24.8908352120354,24.9756046087769,24.9030197750924,26.1486618059108,24.9922354226671,25.3911963181271,24.999079539279,25.0678830630328,25.3363509927486,24.7699115133295,25.4911349651503,25.2064394470181,24.9459990765997,25.6900190865715,25.2215220705499,25.4733168858149,25.1805672090791,-0.107282274067693,-0.368504084952902,0.153939536817517,25.1272845487424,-0.82666460848429,-5.28887272853762,0.412690963268333,0.872297158372813,0,0,0.909417634878794,0,0.244217422356957,-0.0154819227861707,0.503916767500085,25.1272845487424,1.89285173944437,-4.32016369741443,0.0646736557823271,0.473690830189477,1,0,0.512340766637529,0
"P0DPH7","TBA3C_HUMAN","TUBA3C","Tubulin alpha-3C chain","=""TUBA3C""",18.117851478247,18.1502209360416,18.6997203686069,19.3238305043422,19.0392962316205,19.7328069793501,19.1668374824028,19.2025328386001,NA,19.0440484242648,18.6282259059947,19.7305466530255,19.6182413090665,NA,19.4699735670956,19.1160574854174,19.5394735518778,18.5645498490209,19.3958347193003,18.8530229836037,19.2069481438372,18.7033649315612,19.9616244716898,18.5128750817796,19.1730411050621,17.9413376180846,17.8911458163853,NA,18.9734186891066,19.6887068097884,19.3141362778508,NA,19.5323033438225,19.3269155571477,19.0954483637478,18.4429787798992,19.0804151246732,19.080179896907,18.4026941296782,NA,18.5604574399476,18.3421386282652,18.7816337242598,NA,18.4465638662959,-0.0865348067911746,-0.469478478744979,0.29640886516263,18.9705486940428,-0.45669324443125,-5.45322917709214,0.650359443368715,0.937693137615552,0,0,0.963454634047984,0,-0.105838953101376,-0.494342509644305,0.282664603441553,18.9705486940428,-0.550578429810558,-5.75518785453853,0.584981580563369,0.870161621650437,0,0,0.944831955612959,0
"P10155","RO60_HUMAN","RO60","60 kDa SS-A/Ro ribonucleoprotein","=""RO60""",NA,19.1422646719264,NA,22.0999384474196,18.4776028066162,NA,NA,18.681823556836,18.6781727317923,19.3467335762182,20.6812702529058,19.0798570877317,NA,NA,20.0291967086881,NA,NA,NA,19.3941286213679,NA,NA,18.2232089635339,NA,NA,21.4171768247203,20.7796037884105,21.5390250513306,19.406743319073,18.9170342322729,18.9455370825636,NA,19.857717741621,NA,21.6479004163569,23.1764026358032,19.303721437398,NA,NA,19.842797424688,NA,NA,18.4699462154125,18.6218826074289,19.3931229226522,21.4604584907643,0.327661941047641,-0.832861998024423,1.4881858801197,19.8697410621359,0.579272029781645,-5.22198603621379,0.567200515262695,0.906755629796011,0,0,0.830441151208904,0,0.422510830952888,-0.7308277701884,1.57584943209418,19.8697410621359,0.751608497661766,-5.45099007018526,0.458778716643068,0.831474716578483,0,0,0.719488262050508,0
"P10253","LYAG_HUMAN","GAA","Lysosomal alpha-glucosidase","=""GAA""",NA,16.491935243215,16.3478143476998,17.793903491369,17.7094293755926,16.057878153955,17.0845025941188,16.4147016827723,16.979375306245,16.1694302862095,15.6561768669173,15.6354121780834,17.0229520411482,17.7142372895339,18.141710900927,16.8657359332245,NA,17.1094743444422,15.992436323105,15.7720731441416,16.5901118330601,17.0057451006119,17.4308829687367,17.633153291369,17.6056386695186,16.3719327387395,18.1903645656845,17.8550029917702,16.8446329656063,17.7117520429343,17.3992023668209,17.1438551768983,16.7289217572093,17.2487321467623,19.4745876578711,16.6695651115322,16.4222448660738,17.2167563419306,16.6021084977754,17.5158842289936,16.2243822854648,17.0032194721639,17.3136304155517,16.8476801670886,17.8142339155231,0.277775845392522,-0.249180645589768,0.804732336374813,17.0191488622882,1.06233762391711,-5.07336415600903,0.293873202069076,0.799489091675277,0,0,0.711652026269492,0,0.108607394739344,-0.406961058688389,0.624175848167078,17.0191488622882,0.424537348705738,-5.86345937824031,0.673240806892823,0.912800796155836,0,0,0.957939404687082,0
"P10301","RRAS_HUMAN","RRAS","Ras-related protein R-Ras","=""RRAS""",17.9845260012239,17.111240480599,18.3284001229287,18.8351410725464,18.6213625400822,19.2526147202976,18.435405471115,19.176115229708,18.354364602436,17.748273112506,18.3133092771051,18.4948839669122,18.6993215938327,18.4839917804503,18.4892246429273,18.6192651977346,17.4336459707904,17.9233294796176,18.7084663893906,17.9420754275511,19.1034348510047,19.0754672055671,18.9153092003831,18.6967999542771,18.0924035518546,17.9877307901259,18.7427937807729,17.4169882306381,18.8110112741012,18.4301306415814,18.9669137538557,17.5472804751626,18.2366149952586,17.9127151894662,19.1175185246285,18.0508698808134,18.5371862313326,17.9081792437307,18.0419887706153,17.7352044821564,18.6651068350419,18.2636303542962,18.5922323651174,18.9303397443099,17.6902174742104,-0.0385008703158221,-0.382561688752666,0.305559948121022,18.3649561084457,-0.225240321591663,-5.5651495032796,0.822789107476564,0.949618938478124,0,0,0.992518326993773,0,-0.11352357502631,-0.455579121363219,0.228531971310599,18.3649561084457,-0.668036562161945,-5.75267189134061,0.507445487187456,0.834663611429138,0,0,0.925880102036128,0
"P10321","HLAC_HUMAN","HLA-C","HLA class I histocompatibility antigen, C alpha chain","=""HLA-C""",NA,15.2871672773059,NA,NA,NA,15.6090970408938,16.5615746817712,15.3892006999722,14.5867938606994,NA,NA,15.318721995364,NA,NA,16.3035768025301,NA,NA,NA,NA,NA,14.98849577102,NA,15.0258516647343,14.5095331683799,15.1987108491706,NA,16.0459724299658,NA,NA,15.4350023169722,NA,NA,NA,NA,13.2339213564689,NA,NA,NA,NA,14.4547093710975,NA,NA,NA,NA,NA,-0.373251172327684,-0.991560186980397,0.245057842325028,15.1965552857564,-1.27944558719135,-4.65436531178608,0.218937610085194,0.752472233109963,0,0,0.567249087421217,0,-1.34720038913301,-2.25962936493372,-0.434771413332303,15.1965552857564,-3.12938754430162,-2.46394240499953,0.00645300849392336,0.240026610058286,-1,0,0.00112023937387126,-1
"P10412","H14_HUMAN","H1-4","Histone H1.4","=""H1-4""",23.5681055358483,23.3630814829727,22.4884500690715,22.3080703724727,21.6348684913952,20.4755648160654,24.0067788692378,22.6962395575178,22.8797290215715,21.7248226781875,22.9751074136679,22.2453559354657,22.6594249591902,23.0947533942948,20.9333560112789,22.7546023117014,22.7956617012176,21.6466767701361,21.8280052512469,22.1779002625924,21.8644239229986,21.6803402814521,23.7370838555398,22.8958397521037,21.306957254562,23.5960396526372,18.9245026155343,22.6426547667351,22.1839815517525,22.2721192467673,23.2574601947787,24.5526191811415,22.9994233536707,23.8720432445163,22.3618196208389,22.967978348384,22.9988298614603,23.0910584351628,22.6731917033734,22.5895468296598,24.0757163578231,23.9471278910109,23.7721868415765,23.3105026177634,21.4974505547478,-0.289569107390321,-0.902877003885094,0.323738789104452,22.6072767298027,-0.95035197361571,-5.19388337003892,0.346895762880922,0.831497302682968,0,0,0.735962749913192,0,1.04401105592876,0.434277670530883,1.65374444132663,22.6072767298027,3.44648134955287,-0.955286558169444,0.00122300267404894,0.129718647276076,1,0,0.000910420464576297,1
"P10515","ODP2_HUMAN","DLAT","Dihydrolipoyllysine-residue acetyltransferase component of pyruvate dehydrogenase complex, mitochondrial","=""DLAT""",24.3269487099723,24.8588727882788,24.7026530592786,24.3312333249827,24.8700323405797,24.0802900831274,24.8616865386765,24.7514314934587,24.5853991212805,24.7842398227759,25.001543755554,24.2243926624451,24.4672380341263,24.5775512046806,24.7761497434045,24.9316868949969,25.0839592703749,25.0170828781741,24.6477043972259,24.5764504948554,24.7011227543288,24.8785751349767,24.7771059252096,24.8082809253368,24.7758492391689,25.1605857797979,24.2140501918139,24.951264413612,25.1092833008811,25.0363086609616,24.5448097044955,24.2151396922265,24.9229816195316,24.4409462500507,23.8702098560695,24.8386336645598,24.7858585002609,24.6726145058588,24.878310286471,24.7605100535025,25.0482908422338,24.5138131900961,24.8437032847838,24.996994727606,24.9248664191225,0.23303942891593,0.0360500491583843,0.430028808673476,24.7139256786934,2.38120839232364,-3.25050832117303,0.0214474021763987,0.488872265797768,1,0,0.4084552776954,0,-0.160775177656362,-0.356616454270382,0.0350660989576586,24.7139256786934,-1.65243953344803,-4.69964989959132,0.105249506920371,0.573730789160756,0,0,0.696301383406674,0
"P10599","THIO_HUMAN","TXN","Thioredoxin","=""TXN""",24.6931643660707,25.0808014252768,26.1696840944656,24.8691716175192,25.5691858963332,26.2789708247941,25.2845924152019,25.502539732155,25.4701448090155,25.320678885189,24.9130857250412,26.1260043378449,24.4217623137606,25.6662331142182,25.3091703449007,25.4325630899642,25.6703459165014,25.4914027473743,25.4346559481829,25.4034266349421,25.7707628646052,25.167263537598,25.1833782246818,25.3097082657094,25.3351627147362,24.7352164047194,25.9607387521858,23.8567750344913,25.1552829676439,25.2459121393936,25.4420731480738,26.1098600596553,25.5591175078209,25.8757027355958,26.0979789507789,25.47448126818,25.1190966083583,25.5888494886752,25.5292390745223,25.2056003681507,25.1279343418249,25.8429083161495,25.4823906772512,25.3359087401675,26.0436996490599,-0.0965089244675852,-0.394446917785193,0.201429068850022,25.4147250239729,-0.652007208535622,-5.40113883881503,0.517638432435715,0.896077533266722,0,0,0.938428105827451,0,0.312149712768992,0.0159481762447642,0.60835124929322,25.4147250239729,2.12122356208501,-3.91971961185222,0.0393182485288841,0.388472486767152,1,0,0.364168998520224,0
"P10606","COX5B_HUMAN","COX5B","Cytochrome c oxidase subunit 5B, mitochondrial","=""COX5B""",25.0506680869174,26.2357644539179,25.6493471069552,24.0054614236428,25.5220575332557,25.3525599627047,25.8532269173977,25.8044221732285,26.2273892361346,26.26507348796,26.135403681212,25.6899929149395,25.1539389783752,25.0452155267751,26.1323182814322,26.3191749183118,26.8577386846667,25.5652406579411,25.3679132985443,25.9021253101793,25.3722915447077,25.8661270979837,26.2520052212857,26.0121647003603,25.7123635328665,26.412917535557,25.4941775555806,25.3007042472622,25.7114355564837,26.0772468847677,26.0573837940758,26.4006742243509,25.5991858449719,25.5742151872708,23.6053425845628,25.8192552617473,26.0013654880582,25.8818059447754,26.2277402302869,25.5903021929647,26.3091994174191,25.4798750733768,25.8365279843319,25.6195635327739,25.8357576865009,0.273709594009713,-0.0957413528028542,0.64316054082228,25.7374369101959,1.49122798943524,-4.63363643757978,0.14272190598596,0.708378884160682,0,0,0.586916035744623,0,-0.159028819935386,-0.526326514659257,0.208268874788484,25.7374369101959,-0.87150211147535,-5.60504631947448,0.388001991404886,0.801609022432753,0,0,0.860226364857559,0
"P10636","TAU_HUMAN","MAPT","Microtubule-associated protein tau","=""MAPT""",21.3181624608108,21.4582424899463,21.2986646772917,21.9232670249493,21.6834334908908,21.6828760863433,21.001548262334,21.4616917864595,21.1673805329557,21.5897902320914,20.8319917793888,22.0135763821115,21.2992132931261,20.7485159154845,20.9259379559931,20.9711225716299,22.0286357068004,21.4448826318,21.1531799664572,21.2004622283993,21.020341878043,21.5573515808922,21.7724642283698,21.1551864504614,21.1205010894003,20.6089219934759,21.3362874485001,21.4580335688081,21.1926095697315,21.0432967194951,21.4787642314334,22.2457307323633,21.5010549051997,21.0642404944488,23.2487756855035,21.1511334085895,21.5084356415532,21.1698850688806,21.1948503273523,21.004745719014,21.2054278734629,21.9198135562383,21.0051309486082,20.7356191536952,21.120081520401,-0.0978299173063668,-0.404751470578316,0.209091635965583,21.3560279837597,-0.641586340190993,-5.40701825847255,0.52432322934956,0.896077533266722,0,0,0.9387898880067,0,0.166027442298667,-0.139105295756133,0.471160180353466,21.3560279837597,1.09522129981527,-5.39945420703486,0.279116055513629,0.747796548567826,0,0,0.809068086778429,0
"P10644","KAP0_HUMAN","PRKAR1A","cAMP-dependent protein kinase type I-alpha regulatory subunit","=""PRKAR1A""",24.046741929408,23.8866182481749,23.6688317667127,24.4455212315836,23.6746408820318,24.1961787595238,23.1901759251551,23.4767604590642,23.5742612828721,23.6309297785598,23.3892848182736,23.9995360633892,23.8902946785295,24.0765713750295,23.8812936188197,23.4805590897789,24.1454820384563,23.6377033959546,24.1086105739364,23.7369094750673,23.5930821467594,23.6019675132525,23.6580060263837,23.5113655075194,23.6603658966834,23.5557395955719,24.0092022250237,24.2424375333283,23.8968886315654,23.8243330161154,23.8824567266631,24.5386805543452,23.6355746927887,23.7670968554354,24.5939281643978,23.6054285167635,23.7327481302788,23.6216353474443,23.5967339988188,23.6494595976691,23.2705115436396,23.9919426947444,23.481022542907,23.8375902678252,23.8790949270833,-0.0295168633618168,-0.244965053383572,0.185931326659938,23.7949821787406,-0.275764377761582,-5.55401262173596,0.783963031597438,0.948679518362231,0,0,0.992841534624687,0,0.028083459693832,-0.186109044643064,0.242275964030728,23.7949821787406,0.263910792128435,-5.93157689524293,0.793026360831306,0.942866632673364,0,0,0.993508639452217,0
"P10768","ESTD_HUMAN","ESD","S-formylglutathione hydrolase","=""ESD""",25.1738665635493,24.0909893670033,24.0236087603485,25.3075061686033,24.536671818532,24.6466083638744,24.4418770031042,24.2958483205534,24.0893509307837,24.0535641174965,24.2609778551755,24.546300258822,24.9709542096971,24.9079970298769,24.2267956356151,24.1854565117114,23.9005146931836,24.2949722116433,24.4146610268231,24.400606522685,24.0901260419093,24.1550522381816,24.0886447267538,24.290210067544,24.3164380833048,24.0843136632951,24.1183519394626,24.8183001245636,24.4059521954428,24.0921991523647,24.1302203555565,23.6761306143185,24.0161401006084,24.330758976977,25.2510745022661,23.9309929084213,24.4893585659967,24.2798131548855,23.8571015922195,24.1351837143588,23.6365448510617,24.2532318008262,24.1330368853805,24.1934886055944,24.4710593895597,-0.264249615333711,-0.501974159034794,-0.0265250716326268,24.3113967026652,-2.23743872906903,-3.5086068222456,0.0301391948258875,0.488872265797768,-1,0,0.39637944245175,0,-0.058110878722534,-0.294449904604067,0.178228147158999,24.3113967026652,-0.494917501085596,-5.84811518434329,0.623012039419263,0.885234347493014,0,0,0.972877159595335,0
"P10809","CH60_HUMAN","HSPD1","60 kDa heat shock protein, mitochondrial","=""HSPD1""",24.5383688017756,23.9888805644832,24.1145753157756,24.4919124026276,24.2604088946515,24.1074648281257,23.8183282562668,24.008645971724,23.8066188182324,23.8723177537431,24.4131495925951,24.3022868402565,24.52264341442,24.1133539041971,24.6713424677973,24.6035183290723,24.634631957635,24.0741091669238,24.2787520703663,24.4692141550729,24.0740936257502,24.3312270664081,23.9125967689251,24.0805381266198,24.1142042767301,24.4811379035218,24.519041524151,25.0503490909726,24.4590991824083,24.5697262690738,24.1777005333508,24.3151894511067,24.1675329140417,23.7618222573256,24.2992267058973,24.0597470087864,24.611241813323,24.0990115186029,23.93819680881,24.1250477273332,24.3135266449677,24.0250010540789,24.3827607028887,24.6736436694297,24.513530376595,0.166295629944596,-0.023565758683623,0.356157018572815,24.2699048117075,1.76301088473995,-4.26812562534069,0.0845351271618738,0.632228637420987,1,0,0.663087707590179,0,-0.145937355139537,-0.334692184330966,0.0428174740518912,24.2699048117075,-1.55624944465321,-4.83881889674745,0.12649676153108,0.609874420001356,0,0,0.739536891639582,0
"P10916","MLRV_HUMAN","MYL2","Myosin regulatory light chain 2, ventricular/cardiac muscle isoform","=""MYL2""",27.634853066683,26.4457094805433,25.4542111136169,24.4768089380321,24.4919290169,24.7483519552154,27.5892865070843,26.5037869867933,26.9290068493085,25.8364879426478,25.6024600462577,25.2080973939864,26.7908111136024,26.3605020438885,23.92020394108,25.8752617027846,25.4181638151748,24.5974533169313,24.3379471839365,25.3316440966862,26.4333404968027,25.6661412751336,27.0114969830391,26.1731750550385,24.4595974985574,27.1276596208954,24.2577986551942,26.3551853046386,25.3977597145727,24.9444457595032,26.6185591711996,26.7784838513662,25.5750557211295,24.8129184181854,25.8827259633525,27.7380944724371,25.3315616173484,26.3262999300754,26.3210222887902,25.3352362004907,27.6573743259927,26.8251935332286,25.6575005142318,25.7620681652698,23.6087728395548,-0.278767406698506,-0.930617199980388,0.373082386583375,25.8135654197151,-0.860805974860779,-5.26392495062852,0.39380566445234,0.866140483702139,0,0,0.771219143365787,0,0.456253102250944,-0.19179754816499,1.10430375266688,25.8135654197151,1.4171234659814,-5.02683760322673,0.163178577804373,0.652706866863196,0,0,0.437295609288749,0
"P11021","BIP_HUMAN","HSPA5","Endoplasmic reticulum chaperone BiP","=""HSPA5""",21.6505099931406,22.096080911292,22.3581620940524,22.5557942797462,22.3303906868303,22.6382031174655,22.1892747617959,22.4044687528917,22.1469062093679,22.2838715425434,22.2195668067395,22.5072627814604,22.216493489883,22.1794970738891,22.2327323900543,22.2036517332054,22.3567932149897,22.3010848506296,22.3177495767933,21.7486128172847,22.5290727656962,22.359306435778,22.4395548593283,22.0100834840671,22.1634151867286,22.3549334075893,23.0889615189792,21.9759892572195,22.3902897037564,22.3353928040622,22.8424534591143,23.3934399460705,22.3078706024161,22.6272058826178,22.904643846826,22.2433272530798,21.9694409201017,22.0968506670649,22.2392416253696,22.1211843144967,22.5701015748169,22.8862796691814,22.5334501386822,22.6109996970198,22.475257562998,0.0420362130929561,-0.178062325838277,0.262134752024189,22.3645745259359,0.384429967811107,-5.52248670182185,0.702429748424124,0.947417763940137,0,0,0.985262076198396,0,0.216457036249874,-0.00235871360540263,0.435272786105151,22.3645745259359,1.99114982241926,-4.1524319991006,0.052417573881997,0.430239685589521,1,0,0.528228425798244,0
"P11047","LAMC1_HUMAN","LAMC1","Laminin subunit gamma-1","=""LAMC1""",20.913993323491,19.6547563159239,NA,NA,NA,18.9450405446753,19.1121515089893,19.2101858795027,19.6406062207979,19.3296402939122,20.2535856334121,19.1143408912301,19.2528282119695,18.5693165225309,NA,19.0500619229446,19.2800809373933,18.9784889646778,17.2489681399386,NA,19.5897906120517,18.6554781995875,21.7688715923899,18.9627079659262,18.8609146014034,19.0484165721184,18.0106277798094,18.6614574404932,18.8609577210097,18.8649263976759,19.6989751027284,18.6020629244379,19.377568541693,NA,19.1530455143479,19.3927798807349,18.8763881203312,18.9508123875939,NA,19.4928745911167,19.0363818043568,18.1848464614371,NA,18.6846559353466,NA,-0.437247490345356,-0.976450646650855,0.101955665960142,19.1469051516105,-1.64300680799943,-4.3910352843177,0.108844962635403,0.679806474125127,0,0,0.379181256693681,0,0.0128498493769555,-0.52303525368358,0.548734952437492,19.1469051516105,0.048583725675646,-5.87526696405372,0.961512063298785,0.990759578532208,0,0,0.999495794111273,0
"P11055","MYH3_HUMAN","MYH3","Myosin-3","=""MYH3""",26.5946528126766,26.263496373635,25.0751806868087,NA,NA,NA,24.7386884930578,24.7563769218428,25.8385601424648,24.1900149620056,25.2357870648543,23.186776104712,25.5703767358843,25.6526379267226,NA,23.2359374053007,24.3893574981246,25.1721285902515,NA,23.7012547135547,24.6813959601494,NA,25.3578167883843,25.9346952383776,22.9339347412249,24.2105397868037,NA,25.2443387992923,23.2694164125556,NA,23.9751440615882,NA,25.0967777325642,NA,NA,24.8785512694704,24.2612203200333,25.6746485705618,25.7697941243023,23.4717117239627,24.3717392178347,22.7283064004845,23.1179691620922,23.6678523034922,NA,-0.878031059610574,-1.59488120551952,-0.161180913701625,24.6135478498506,-2.48907616354481,-3.08697949632672,0.0178568405288374,0.473767971577395,-1,0,0.0291762961269484,-1,-0.0442925919028241,-0.756695622931857,0.668110439126208,24.6135478498506,-0.126346152480647,-5.8172528868779,0.900201248841287,0.977865538778253,0,0,0.995354038850814,0
"P11142","HSP7C_HUMAN","HSPA8","Heat shock cognate 71 kDa protein","=""HSPA8""",26.1723735837441,26.8777212496769,26.6476480813389,26.8795490631831,26.6234964943905,26.7310650858636,26.825514359867,26.8879550669932,26.7723968859678,26.8954586951004,26.5892590462305,27.1662127293988,26.4443747913524,26.6598119384881,26.4086356537849,26.6296381923876,27.0687430888389,26.529606797646,26.7726056857885,26.8036159017888,26.6165573594508,26.6081422430373,26.9169705030427,26.6873167794495,26.8086141561877,26.4371555718921,27.0822413419308,26.6424626188935,26.8965165457058,26.6550207642558,26.858140967126,27.3138552612503,26.5488546505477,27.043103839091,27.3898289035608,26.533729439247,26.7853013388463,26.6299703608417,26.8331007509929,26.7062695283183,26.6284000959117,26.9584950934123,26.6612177909519,26.8356074508553,26.930737278674,0.0418640499158016,-0.124481273107018,0.208209372938621,26.7642954005623,0.506572319164468,-5.47476856954003,0.614872396380869,0.931559875931908,0,0,0.979845685263956,0,0.100093679955439,-0.0652821411149993,0.265469501025877,26.7642954005623,1.21827533866397,-5.26751666748624,0.22932558751307,0.711997773342545,0,0,0.862949415061777,0
"P11177","ODPB_HUMAN","PDHB","Pyruvate dehydrogenase E1 component subunit beta, mitochondrial","=""PDHB""",24.9238674375719,25.0364099592796,25.2446920583461,24.7766131926115,24.8366109586026,24.4060713309745,25.0790182726617,24.7782172159246,24.7214837986539,24.8716602051005,24.990845588759,24.6812466693452,25.1201530926169,24.5442723181781,25.2542263383509,25.0504975600816,25.1500753926377,25.1999225044414,25.0001157221216,24.7715713388621,24.9495586971581,24.8394693457367,25.2513914503767,24.8687829231886,24.8697305435949,25.091119684986,24.5307834271771,25.787714439171,25.1233560066417,25.2895248033696,24.8065758829562,24.6631066364538,25.0909466632846,24.7121072184622,24.3840856646469,24.9255266547687,24.7702926131801,24.8610807098181,25.0138329209398,24.8834895619808,25.1395782165689,24.7686421158059,25.0604559900521,24.9132845435207,24.9935670553757,0.173001196683256,-0.000302125610756238,0.346304518977268,24.9339016605408,2.00933814444113,-3.89213425480277,0.0503843218069083,0.565258426898806,1,0,0.596342215184752,0,-0.185802759448681,-0.358096026838443,-0.0135094920589182,24.9339016605408,-2.17067429043369,-3.82811567190581,0.0351484104787163,0.37833073328471,-1,0,0.536815768825011,0
"P11182","ODB2_HUMAN","DBT","Lipoamide acyltransferase component of branched-chain alpha-keto acid dehydrogenase complex, mitochondrial","=""DBT""",19.5182425635674,19.8650642754693,19.8133881613794,20.1742033410628,18.4807093028389,18.2421972694409,19.6074689038985,19.5849921565499,19.3403642606799,NA,19.9910956431022,18.0320374651179,19.9871393019545,19.4912427148251,19.6931282678171,18.9907046899595,19.2190002098785,19.1287980152986,19.3880168367078,20.2495877385264,18.5473418994853,18.1898132512615,19.0411359826981,19.0925557040017,19.4780637914979,19.7445693141298,18.8800424049737,20.2105645433825,19.2648744321164,19.6339796105783,19.2694506350683,18.9465827922672,19.0161988820765,18.9030097365937,19.46124644039,19.2937298387671,19.5829423219926,19.1103641700446,18.9979303690433,18.5996392819183,19.2633221660009,18.7009933117858,18.7151776209875,NA,19.1302419519869,-0.133118943555647,-0.496580054408296,0.230342167297001,19.2528174783982,-0.738116231919316,-5.33564581322389,0.464358968992247,0.894740452448476,0,0,0.902925534434296,0,-0.198780789734361,-0.560119402850841,0.16255782338212,19.2528174783982,-1.10867149511165,-5.37122299238441,0.273589699318268,0.747796548567826,0,0,0.772869630382858,0
"P11216","PYGB_HUMAN","PYGB","Glycogen phosphorylase, brain form","=""PYGB""",28.8259393340496,28.9385433539623,28.7380990148743,28.5199477958376,28.9179730225602,28.8535551678316,28.6310487032896,29.0453845285756,28.2820997191471,28.9741563753084,28.7876936259139,28.5465546799638,28.4696159196418,29.2398542184272,29.1060295635766,29.0465005532591,28.9466372042042,28.7741493137835,29.2821185718793,29.0690757970197,29.1423062319988,28.9595176535378,29.314474209526,29.1742463913612,29.4712742234472,28.8674168674448,28.5518507764784,27.5725986441417,29.1601923626112,28.9689925000518,29.0870538740216,27.8703278619274,28.9755574556557,29.3644431570004,28.5748033075782,29.1626253090328,28.7831173025941,29.4745958620262,28.9590471363598,29.0541209488636,28.6969660403264,28.4476292668102,28.7999596959666,28.6676196530938,28.8151321430024,0.160234871315225,-0.0920380968123951,0.412507839442846,28.8646854519547,1.27848939202855,-4.88141951526827,0.207484358020518,0.74423025803658,0,0,0.777243747868488,0,-0.104556819099006,-0.35535947756785,0.146245839369838,28.8646854519547,-0.839133456074764,-5.6310648771458,0.405730403041,0.80898183426914,0,0,0.909994075020896,0
"P11217","PYGM_HUMAN","PYGM","Glycogen phosphorylase, muscle form","=""PYGM""",29.3421759787309,29.4353766118728,29.2636290932575,29.2304857554544,29.1249289521361,29.0893467598681,29.159949861731,29.2963513666556,29.271535541362,29.3574121584284,29.1259358235345,29.2092659694106,29.294736020609,29.3352879916951,28.9757508144534,29.3174410073465,29.5242078358979,29.3475168541291,29.2465531223522,29.3520071512866,29.3577745637526,29.1596894803995,29.4675237234779,29.6261660959374,29.5651518663616,29.0993401686965,28.8679256146878,29.4749535048606,29.6354595753972,29.0800566920451,29.3469902079092,28.6270808938939,29.2446456488621,29.2533808113328,28.6485919309896,29.3302040175022,29.2829046837346,29.3880489223987,29.3084937128951,29.436466789055,28.9807258032855,28.8002003570851,29.1421344350516,29.2477556674221,28.9448495301705,0.106687265530656,-0.0513894462303881,0.2647639772917,29.2359202081648,1.35848704313884,-4.79230931914227,0.180928421418483,0.731429183389005,0,0,0.833269393435803,0,-0.209286256336039,-0.366441657669514,-0.0521308550025643,29.2359202081648,-2.68053947589752,-2.78985070635848,0.0101656381733828,0.282187558578439,-1,0,0.382754822297599,0
"P11233","RALA_HUMAN","RALA","Ras-related protein Ral-A","=""RALA""",19.3453998206575,18.8760981384122,18.8447956994224,18.9456683706751,19.1693474662074,18.6619340240868,19.2196285016625,19.1593553181191,18.6413422313168,18.9047237250501,19.0343629487389,18.5885531231977,18.0900575977225,19.5945767887995,18.6688732269329,19.4273999809114,NA,18.7203135635586,18.7940862297666,18.9334032372716,19.2575032149729,19.1120013189265,19.5223943484319,18.7462468593385,18.8379146572887,19.100514456718,18.7502108454816,18.6290330769693,19.2255871351273,18.8603799671085,18.832261979336,18.208158373091,19.0529326667953,18.6238490969291,18.7442394376273,19.3410355964668,18.9686624910638,19.5985481261192,19.1684367154265,18.7680602207616,18.91478220128,18.5728188403169,18.8430464330067,19.4179066593148,18.0234794095508,0.0714992876789076,-0.170876375524676,0.313874950882491,18.9259073663627,0.594132828105782,-5.41896389641869,0.555395882111682,0.905137078267613,0,0,0.958824829265396,0,-0.11442413554801,-0.355384109626224,0.126535838530204,18.9259073663627,-0.956408830062165,-5.51761097955587,0.343971229596812,0.77958592896673,0,0,0.885048242699873,0
"P11279","LAMP1_HUMAN","LAMP1","Lysosome-associated membrane glycoprotein 1","=""LAMP1""",NA,NA,NA,19.7842077562003,NA,NA,NA,17.756485348142,NA,NA,NA,18.2946083917052,18.3167497621601,NA,17.901902807412,NA,NA,17.8517522377666,NA,NA,NA,17.2280764030231,NA,NA,17.3957077572844,NA,19.3369590384144,NA,18.2025354334683,17.7254140586218,17.6302926706527,18.4762675084499,17.9693154783711,18.8454317734532,21.6380769450183,18.7635497385605,17.6872858611379,18.623488451609,NA,NA,NA,17.8060222792087,17.8416733489052,17.6046192750973,18.2971727632495,-0.335694871260358,-1.35488976782553,0.683500025304816,18.3033736994744,-0.679730263238603,-5.0306402301695,0.503168379376066,0.896077533266722,0,0,0.794084462360982,0,0.357531671434828,-0.487715217148162,1.20277856001782,18.3033736994744,0.87293132591438,-5.33324453375676,0.39133627737379,0.802565618275863,0,0,0.715029170256347,0
"P11310","ACADM_HUMAN","ACADM","Medium-chain specific acyl-CoA dehydrogenase, mitochondrial","=""ACADM""",23.4760270698787,23.4616889643452,23.9742625761834,23.5859041727932,24.1237689612319,24.0198900061261,23.358452048959,23.5643461686524,24.2450713909817,23.5673934987645,23.4552443818536,23.7225981639833,24.5788878751493,23.5574842991391,24.0075336669222,23.8186835530736,23.5747083058775,24.0103915263684,23.9768498363645,23.8694065675234,23.9978870998403,23.9090460373917,23.5961373667853,23.805788741357,23.8566038665234,23.5666830939766,23.0408664927717,24.6732798670984,23.6699241395753,24.3222228367279,23.3549575760414,23.1272136073566,23.8667431972733,23.2597343687901,23.5683670602653,23.9582423750527,24.0686005378718,23.4054887327279,23.8244212503068,23.6345343624567,23.6310039925928,23.3804224664377,24.7336109027225,23.532740915218,24.0706919436039,0.055913693440381,-0.17876791271813,0.290595299598892,23.7734179081097,0.479567715918825,-5.48643332026182,0.633805105341068,0.934833173270874,0,0,0.974824899361553,0,-0.151447069502488,-0.384760892838951,0.0818667538339745,23.7734179081097,-1.30656558161867,-5.16479184217462,0.197849503504846,0.679928456791111,0,0,0.78240567618023,0
"P11532","DMD_HUMAN","DMD","Dystrophin","=""DMD""",22.2381701579382,21.6224802110444,21.9384416136342,21.9900650067459,22.3095042943758,21.7432266651332,22.2859877913725,22.1933121455335,21.8448406952463,21.4754446185933,21.8322314596077,21.5651636354673,22.0512523332123,22.093853397618,22.0250790103782,21.8714515309628,21.6494501045687,21.8055607828707,21.8332312266365,21.4953550641294,22.1352975517505,22.106152767634,22.7647190127895,21.9852495908913,21.4222921654779,21.797262359598,21.2034756673791,22.7397992788473,22.2968897916369,22.1161625597685,21.9319406902259,21.9688163896014,21.9174980082737,21.8662573441864,22.1612187953468,22.1920724611012,21.4999285288,21.8965421042102,21.8572156619837,21.4944122346548,21.6634610089941,21.3694174074105,22.0347516083539,22.0417984588826,21.8660550940272,0.00729182557820707,-0.210837848047262,0.225421499203677,21.9153952952643,0.067287180720636,-5.58549657477107,0.946644442194518,0.983220575615884,0,0,0.999600256628955,0,-0.0973975772592475,-0.31425593684589,0.119460782327395,21.9153952952643,-0.904029902308697,-5.57794285353209,0.370685657411978,0.7945657537972,0,0,0.90786695227709,0
"P11586","C1TC_HUMAN","MTHFD1","C-1-tetrahydrofolate synthase, cytoplasmic","=""MTHFD1""",22.5812885753275,21.9310042624625,22.0214262905224,22.3829862669563,22.0287603010706,22.2278393977023,21.5015632241233,21.843005857674,21.4111185365025,21.9184309645292,21.6009747076182,21.9328828985044,22.1641210757202,22.3465618798542,22.4443691402253,22.1509032247859,22.2572924351978,21.8532306566842,21.8751539158109,22.1492020839192,22.0400566769716,21.9972839936479,21.6086835791738,21.5385350716672,22.3240176724753,21.7092811821586,21.9698049627948,22.1470115812674,21.9650675166653,22.1000312395043,22.2646951499189,22.2546102685746,21.7545630319561,22.0520476592951,22.6334902401505,21.9665946113405,22.3013644560978,22.0115805915826,21.5043517551201,22.1161817143239,21.7016317805248,21.8688935467585,21.8706223675133,21.8177032502665,22.0814305729529,-0.0533394681173078,-0.248814883495551,0.142135947260935,22.0049255592865,-0.549246560580467,-5.4550501677687,0.585490498989036,0.912902949081589,0,0,0.971850880686484,0,0.0342803469101334,-0.160055789085871,0.228616482906138,22.0049255592865,0.355060577267001,-5.90467764251216,0.724165617781596,0.924715963328736,0,0,0.988997501939221,0
"P11766","ADHX_HUMAN","ADH5","Alcohol dehydrogenase class-3","=""ADH5""",23.8766118590086,24.4181879101378,24.3966490692737,25.1528167024083,25.0886497362547,24.7007095662756,24.0837111269548,24.4543991438477,24.2017141674879,23.5812754979976,24.090165639198,24.9282921572125,24.1730184690234,24.6760968924396,24.2984332562412,24.2132434410395,24.5852551740586,24.3086104109191,24.8804501616867,24.016832609517,24.5747571001574,24.8224543344343,24.4231536962138,24.189956284011,24.0219299162916,24.2753368488019,25.1354993034647,24.8811410726946,24.6667969125619,24.4274322715808,24.4487079031722,24.75186953585,24.1564318582389,24.9197327488558,24.5710408565773,24.3592344196584,24.3346662378178,24.1130753319986,24.2163581868737,23.8369478047514,24.1356923367802,24.8458186581852,24.1775377971952,24.7334966106687,24.5263443531565,0.079934614834066,-0.155647983606257,0.315517213274389,24.4371230082439,0.68297135486236,-5.38312216866362,0.498047390605758,0.896077533266722,0,0,0.945804655796093,0,-0.0863929931768617,-0.320602557587826,0.147816571234103,24.4371230082439,-0.742479905564697,-5.70306791195596,0.461568072298991,0.831474716578483,0,0,0.935389137692052,0
"P11940","PABP1_HUMAN","PABPC1","Polyadenylate-binding protein 1","=""PABPC1""",21.2093207484795,20.7518314391843,21.0196167877919,21.8085630765372,20.6963895988291,19.9108488177806,21.0868248284879,20.9213355202149,21.0159114775697,20.9934342737058,21.0291930906485,20.2514173628013,21.2725940512666,21.1350874104618,21.0204288822454,21.5451432260951,20.5642915490545,20.8627221173554,20.4720321493829,21.3279747422182,20.4958375431718,20.6782025520608,20.4115177358219,21.2160225363758,20.6830303999957,21.141316623313,21.5317431955827,21.8306791601257,21.1217091960076,20.8008638173295,21.0590939738908,21.2639095386913,21.0773175737156,21.3536695591372,21.0325272919728,21.100189471613,20.9309046159772,21.6046360275269,21.0067825287279,20.9826885365683,20.9777154386725,21.3630215458348,20.8986691146378,21.1211739928516,20.9233449894004,0.0443806560019624,-0.221116670974828,0.309877982978753,21.0111450690914,0.336468470782189,-5.53767369367412,0.738046433195982,0.947417763940137,0,0,0.98660989641036,0,0.134170510355176,-0.12977943210741,0.398120452817762,21.0111450690914,1.02316649472342,-5.47054492600287,0.311575257016347,0.760119753912049,0,0,0.855167296519115,0
"P12081","HARS1_HUMAN","HARS1","Histidine--tRNA ligase, cytoplasmic","=""HARS1""",NA,17.3080243031837,18.2737600386223,17.0892657009727,18.16734364966,17.8865028049273,17.76742643282,17.9436537361196,18.2656655603078,18.2340356446064,17.902369316189,17.8640672715846,17.9153129169454,17.5539765081426,17.262197623648,17.8066227503991,17.4895931246295,17.9910026377686,17.3968198251766,18.0465039892637,18.2287635708252,17.7453239649178,17.8585969626344,18.0236996336776,17.9533061503928,18.1552495317966,18.2171845780347,17.6869440782885,17.8665230016303,17.5416483446099,17.795240655824,17.2981592663174,17.8026725027146,17.6820414749601,17.4918252698349,17.915907161077,18.0836015626901,17.8807371125199,18.5404043814276,18.0083800589756,17.9729675031019,18.0851813756874,17.6173850951849,NA,17.8332941059524,0.0500014856326665,-0.162704901094578,0.262707872359911,17.8476553762335,0.473745634674902,-5.47491760404706,0.638021472336437,0.936572189071119,0,0,0.977780731852569,0,-0.0125020571432444,-0.223966305961325,0.198962191674836,17.8476553762335,-0.119148167939268,-5.94251763583584,0.905699806795566,0.977865538778253,0,0,0.998762470530786,0
"P12109","CO6A1_HUMAN","COL6A1","Collagen alpha-1(VI) chain","=""COL6A1""",22.4197249231875,20.4266895814933,NA,NA,18.6980981454778,18.0768557408572,21.3749022664513,20.5059269520384,20.8666566745085,19.6866513755082,21.6527557833606,19.7320652228695,NA,19.2784575910627,18.9052126734599,19.8463252705991,NA,19.6211948502937,18.6196807216498,19.9840791547246,21.1339119716809,19.9181473271267,22.5243944193081,20.3404545711281,19.2076909278646,19.1842043305038,20.2797838626407,19.4636903060558,19.3600284997232,19.5627200738228,20.4529684770567,18.6404498713772,19.2815508238019,NA,20.0977304220222,19.0898015429485,19.732796997041,19.3420628400249,20.0113838177627,21.0608092629376,19.2557210682048,NA,NA,NA,NA,-0.157638171016384,-0.896553637131566,0.581277295098798,19.9343216205715,-0.432246110308639,-5.44541426091419,0.668068604869979,0.942492860389654,0,0,0.938393763399055,0,-0.302359559305476,-1.07450156326102,0.469782444650065,19.9343216205715,-0.793397793916364,-5.55767715817795,0.432599274835707,0.82110113969254,0,0,0.776188240872246,0
"P12110","CO6A2_HUMAN","COL6A2","Collagen alpha-2(VI) chain","=""COL6A2""",20.9994645504064,18.678639560576,NA,NA,NA,NA,19.735678908002,18.7548649109413,18.7360359008384,NA,19.702774446376,18.9412285631015,NA,NA,NA,17.8142368987777,NA,17.9502193100708,NA,NA,19.1151664419031,17.8270709869345,21.072544283913,18.6177952665524,17.4177854277545,16.8662186615169,17.7688704605604,18.3168360536578,18.5422248650425,18.0778806785072,18.6761362365421,NA,17.8741646340278,NA,18.2823341577029,NA,18.3085785110214,17.5337628132078,17.9622442741871,19.1727467395855,NA,NA,NA,NA,NA,-1.09080721322981,-1.88113724679745,-0.300477179662165,18.5671347516041,-2.8317191510093,-2.58409220093776,0.00863586570457628,0.416167334657996,-1,0,0.00560928579542287,-1,-0.0484330545432599,-0.833864598634957,0.736998489548437,18.5671347516041,-0.126515630253384,-5.71810952941485,0.900259821423323,0.977865538778253,0,0,0.994923975318129,0
"P12111","CO6A3_HUMAN","COL6A3","Collagen alpha-3(VI) chain","=""COL6A3""",22.3384090117829,20.9003672800645,19.3105784550987,19.8056525838929,19.5180555616165,19.0252451906134,21.2913623057688,20.5149997823579,20.5690097431459,19.7519497524567,21.593438918471,19.9771248580577,19.3884096163685,19.8085315845906,19.4656142681223,20.256042583791,19.3085171115262,19.4997906422337,18.9618379219259,19.6184527555037,21.3202073867547,20.0697830129184,22.8393664377795,20.4646790397048,19.6759927593095,19.6572601425852,20.7576940609443,19.2907887668537,20.2408670921673,19.9679323387537,21.1241164360732,19.875645446503,19.8662526664957,20.4104310024893,20.3777993028762,19.4446387375997,19.9093294436898,20.0862765842096,20.0369997807129,21.3628764220743,19.7172048712673,19.2781695465132,19.3231079523151,20.3124137098838,19.6390486900058,-0.0727210042248991,-0.635789691605945,0.490347683156147,20.132272701286,-0.259961659619256,-5.557736606305,0.796052386655564,0.948679518362231,0,0,0.983549851657435,0,-0.0776600973361816,-0.637447080237531,0.482126885565168,20.132272701286,-0.279245346916132,-5.92760359985109,0.781307137149431,0.942584418301806,0,0,0.981016992286095,0
"P12235","ADT1_HUMAN","SLC25A4","ADP/ATP translocase 1","=""SLC25A4""",27.6760465082452,27.9506567147497,27.9313646549495,27.268113497415,27.520266424167,27.5740118305238,27.9877581459249,28.1253761486533,27.8177699200946,28.3211621446565,28.2182415852651,27.4469815707255,27.6163708529273,27.6348903892374,28.7188467320642,28.6491935983372,28.2950192522136,27.9358620440893,28.1691450508094,27.7637776520667,28.1782631323183,28.1827605743171,28.2589792989897,27.9698498863229,28.2987811750786,28.4742471624723,27.7442639040413,26.8233272777225,27.9887226937806,28.4518924464031,28.2702891468583,27.882109956313,28.2398126153372,27.7808419586,27.7164880303138,28.1206853230596,28.0455124137052,28.0586018931875,27.8983722395417,27.9510167724835,28.444098774439,27.8957848791409,28.1392924144702,28.1168626364672,28.1986581851481,0.225741804447573,-0.00916414770954754,0.460647756604693,27.994452655725,1.93432204273711,-4.01096389597427,0.0592328489212088,0.594208897114349,1,0,0.528343138035524,0,-0.0283771939931512,-0.261914055783895,0.205159667797593,27.994452655725,-0.244582184218627,-5.93626644951575,0.807866730407537,0.947477443017977,0,0,0.993963785360936,0
"P12236","ADT3_HUMAN","SLC25A6","ADP/ATP translocase 3","=""SLC25A6""",26.7922663000474,26.8001146779135,26.2406406821104,26.0393507395992,26.1028609376557,25.594122248615,26.780398332694,26.4430024573888,26.4488871185886,26.9316479001828,26.9864880238775,26.5474626481645,26.194859417652,26.4754934579101,26.5020748293394,27.1116579998242,26.7086168734377,26.7256243952467,26.6454700948431,26.6486706256103,26.3342692922767,26.7316970786821,26.6920470255483,26.6168115037045,27.0122240078423,27.2670238261974,26.4052753191882,25.5121705767336,26.8486673393328,27.1510758546315,26.7319412119665,26.0983658129659,26.5419746544871,25.9257007193495,25.4139589605746,26.4919232606111,26.5190329882574,26.6478512516519,26.5909048112337,26.9894244332715,26.9571976444817,26.4318609507425,26.5821609721784,26.7565376496874,26.8604838698978,0.23898911644832,-0.0226816656755,0.500659898572139,26.551784239471,1.8383732884579,-4.15746963260663,0.0724634897907963,0.612150491830663,1,0,0.534048753370542,0,-0.191465508116149,-0.451611207781742,0.0686801915494439,26.551784239471,-1.48144218523906,-4.941889338894,0.145300823277182,0.636571967105805,0,0,0.691199207169545,0
"P12268","IMDH2_HUMAN","IMPDH2","Inosine-5'-monophosphate dehydrogenase 2","=""IMPDH2""",20.8029632934036,21.5341780984647,21.5732508824186,21.1933047347829,21.851137606645,21.1202400653785,20.8565302583566,21.6060626763846,21.0204581229964,21.9935669613258,21.0392268466372,21.35614449544,20.9367509173497,21.0121466143255,21.0066660267929,21.235838111987,21.1865302451978,20.9747087440218,20.8916094579166,21.2372170605957,21.4256379535957,21.6390940449229,20.4821104376847,20.9369673092134,20.7511623406955,20.9015096474499,21.8918333287354,20.4352889697548,21.3440708237498,21.3315931530278,21.5537547199359,21.1895949507796,21.09347375473,21.5793507539939,21.0479873779168,21.427926760713,21.6040745693073,21.3696236577383,21.3959630638801,21.0294954584168,21.1883103842845,21.2947217125746,21.3492561457725,21.5169899090949,21.2473944220078,-0.162964487448775,-0.402884960669495,0.0769559857719447,21.2323492637866,-1.3672139332741,-4.78228940483878,0.178196571654666,0.728283972410881,0,0,0.754958702423256,0,0.214849734173143,-0.0236724228041336,0.453371891150419,21.2323492637866,1.8130797299789,-4.45099332901266,0.0763416797760974,0.506860570999739,1,0,0.57538912683913,0
"P12277","KCRB_HUMAN","CKB","Creatine kinase B-type","=""CKB""",30.3773802200889,31.3389476401557,31.345502763745,30.7455224991789,31.7184432120048,31.1358576406883,30.8100604012355,31.4337342495008,30.8474675303914,31.71632534215,31.266818297373,31.3397884593831,30.5196074174662,31.0413874808589,31.8569768557746,31.7846320410223,31.5538516072208,31.0795128451395,31.5444143580482,31.3049328781388,31.1640002595848,31.9390870226731,31.3619055767654,31.0868651628929,31.7870625575246,31.7235156706446,31.492385390101,30.8757684676181,31.3243047852608,31.8970607212309,31.2446854486088,31.4585378139506,31.125501031708,31.8241213525782,31.0553980910871,31.496754633951,31.4029889270039,31.3213208053382,31.4794110522345,31.4484877508811,31.7433354220986,31.2424402138299,31.5710183260485,31.03559925855,31.966060668903,0.285618340158386,0.0446196188102812,0.526617061506491,31.351750670014,2.3855150593847,-3.24258991890332,0.0212259211650853,0.488872265797768,1,0,0.33275332228163,0,-0.0335759031396101,-0.273170023945767,0.206018217666547,31.351750670014,-0.282073544731372,-5.92684637524962,0.779151227798148,0.942584418301806,0,0,0.991656134201314,0
"P12429","ANXA3_HUMAN","ANXA3","Annexin A3","=""ANXA3""",20.1131248959467,NA,19.1298765499496,18.24027040974,19.666673648829,20.4904467819588,19.2764604789448,19.2303471634525,19.6984096676015,18.7394492906698,19.7930196444232,19.5240804067586,19.6294629740033,20.2915707129362,19.7418598044243,19.4645288081802,NA,18.9608991577323,18.0636412452929,19.3333384217175,20.0308301708993,19.2740133363994,19.3281379700636,19.1047303629941,19.0964849613148,19.8210606730597,19.3460955065657,19.6692193008219,19.6144042542197,20.011674824844,19.4423944529257,19.931877475808,19.3633221729128,20.9169237284325,19.4202245440188,19.6918474709131,19.460857348181,19.4758977388434,19.3180720607195,19.7154583074724,19.5190912218836,21.1497647776738,21.6664721801817,20.7192274448183,21.2094559802523,-0.170335083592708,-0.611903709852746,0.271233542667331,19.6670929843902,-0.777407528935582,-5.29687527670953,0.441074486298314,0.874665844359006,0,0,0.869857096851076,0,0.703077265300813,0.271193529046252,1.13496100155537,19.6670929843902,3.28079465121029,-1.38888988970382,0.00202912146015752,0.143933573669995,1,0,0.0127887913916813,1
"P12532","KCRU_HUMAN","CKMT1A","Creatine kinase U-type, mitochondrial","=""CKMT1A""",24.3569063897789,24.4348271052827,22.7161765946322,24.5749369133195,24.4253637371865,24.086673295227,24.0899673483992,23.9077094512537,23.5036194484042,24.3649825930206,24.4095056633777,24.3137304961648,25.0667597307258,23.4422132839937,24.7594547997248,24.3082565700925,25.1716391024463,24.4496640946462,24.8607111340634,24.494358504174,24.0154646277974,24.4324334706528,24.9397641044232,23.7849415499196,24.8931084698249,23.9928208775303,23.8025248041427,24.9464910736495,23.6033946954741,24.8578311683556,23.6833864455006,23.4553921816859,24.2524898341776,24.371514501147,23.1980595417714,23.9984865387328,24.6322885188737,24.1958110744513,24.068934833131,24.3184452994666,24.2480115788372,24.0497356712704,24.2270480812925,23.6855533877445,24.5868898600556,0.266405449880313,-0.0622224176598299,0.595033317420456,24.2217395210183,1.6317346136617,-4.45134770641756,0.109557623356323,0.679806474125127,0,0,0.554824404216215,0,-0.372090459936917,-0.698803002456811,-0.0453779174170227,24.2217395210183,-2.29241656386164,-3.59545835396585,0.0265009965576231,0.344080314270748,-1,0,0.259006646523798,0
"P12694","ODBA_HUMAN","BCKDHA","2-oxoisovalerate dehydrogenase subunit alpha, mitochondrial","=""BCKDHA""",NA,16.3039838955554,NA,16.1783003422974,14.683645925226,NA,16.3133916038097,16.4305126061516,16.3703225747332,16.115475978183,15.6417921502948,NA,NA,NA,16.6222102397751,16.7522751632157,NA,16.1920461947879,16.6634691990728,16.7364292498648,15.3213045250609,16.1114277740054,16.1822883040182,16.3441138655075,17.0945022092982,16.7753661623605,16.3387111742661,15.4026892762527,15.3318551456536,16.6558954409609,16.0353430792137,NA,16.8292872483807,16.1605417207467,NA,NA,16.2488941678141,15.8560961345196,15.9117700610504,17.0052830174743,16.4451259548311,16.0406019904353,16.3254863339204,NA,16.007355268563,0.258012353948089,-0.155284298411533,0.671309006307712,16.2184645287441,1.26730039211582,-4.79688598228779,0.213405671570909,0.752472233109963,0,0,0.671315770963323,0,-0.0618942244851475,-0.449678439374979,0.325889990404684,16.2184645287441,-0.324011895479768,-5.82613314949839,0.747855167682667,0.932548715587236,0,0,0.982177615309501,0
"P12814","ACTN1_HUMAN","ACTN1","Alpha-actinin-1","=""ACTN1""",25.7862377687584,25.6944164843051,21.7011351813686,19.5931799007499,23.7054830085189,21.6272174452001,27.1562551078812,24.0237470464381,24.9133560020861,23.3048483728675,26.0336483384762,22.0570561887294,19.2248971421291,23.2538887498709,20.934812988562,22.8674924549173,23.3606393093735,21.6772015113796,20.9113917881874,23.7917152388574,26.1149981593097,22.1397123358378,27.6316550851687,23.8576894119232,22.1870008314715,22.4518803744392,21.7798900639275,20.2129702767771,22.4707443117798,23.4672925326811,24.3115503982216,23.4037454493919,24.5922068725633,22.8256715791376,22.1835694244876,23.9371272183543,22.739385789143,24.334415858282,24.1888554176117,25.6188215076045,24.1317498017165,23.5579171101011,22.5790062792871,22.408784044024,22.6214034174208,-0.20471904055638,-1.3684394385533,0.959001357440543,23.2748147462071,-0.354095494326069,-5.53232549281554,0.724883892796167,0.947417763940137,0,0,0.936255304074823,0,0.567462432087751,-0.589475513734494,1.72440037791,23.2748147462071,0.987274362678018,-5.50423790097981,0.328668368942551,0.770746018696202,0,0,0.531836657215358,0
"P12829","MYL4_HUMAN","MYL4","Myosin light chain 4","=""MYL4""",20.8054485862793,21.3241473301893,18.2745332559502,19.092591130022,17.5129790286747,19.3706542293873,22.1263277919648,19.6241772474611,19.7768621279108,18.642572743001,20.2138534827949,17.7669140956378,20.051071148083,19.4622955195553,17.4000779505399,18.1623814146455,20.9708101680386,18.7385470713878,18.8668583974032,18.2844595624499,19.7993932097437,19.3991321213429,19.6151454035219,19.4249037599907,18.443655335524,19.8679117634045,16.5638428684299,18.9124440777674,19.1465531222058,18.7560297632786,19.5779098915697,20.8843798083898,18.6420452783735,18.9397298883391,17.862442455751,20.306310693536,19.1227317553687,19.8770138301903,20.8474230901879,19.238364379606,20.9307136571956,18.7578711857647,18.3374362968514,19.3547028821482,NA,-0.399023669843025,-1.07710239601729,0.279055056331239,19.2971738363604,-1.18519383610014,-4.97896721846187,0.242156511597965,0.772570690822174,0,0,0.567858049265908,0,0.456612258241154,-0.228810155376064,1.14203467185837,19.2971738363604,1.34171448764597,-5.10836987336086,0.186414137355545,0.67048191514958,0,0,0.464399451580901,0
"P12882","MYH1_HUMAN","MYH1","Myosin-1","=""MYH1""",29.2173623765973,29.9757842507385,28.8001383803606,25.948550252902,25.5137969455884,25.3702044746329,29.6051168922484,28.3446097411573,29.5604786172118,28.0685130276648,29.3467756413399,26.7032401957831,28.1805269156834,29.3529541633911,25.6953995076484,27.2562118834298,27.7759823465252,28.7061331549174,26.3314484386427,27.716292325321,28.4976082279773,26.0436370880655,28.7559011750991,29.4175549011781,26.8602945973805,28.7466476063029,25.7076015066576,27.6865733704434,27.1336801048441,26.8006518135533,27.9051439219756,29.1323773071667,28.620961824806,26.5587544183176,26.0148878505989,28.5949373487312,27.7589954264934,29.2155625571792,29.2974517753454,27.7276181941125,29.0186422445719,27.6996283459231,26.9275769934476,27.6511894036515,25.7332584874797,-0.37833564515191,-1.18490410289138,0.428232812587555,27.7994812449575,-0.944162693720052,-5.19893809066688,0.35001508166804,0.831991492349562,0,0,0.672220526100054,0,0.294717837297501,-0.50714973868408,1.09658541327908,27.7994812449575,0.739800428729951,-5.70494200322896,0.463176812976959,0.832501173814225,0,0,0.797057445104161,0
"P12883","MYH7_HUMAN","MYH7","Myosin-7","=""MYH7""",30.2936297762125,30.3203233076485,28.8121851279166,27.3400079325669,27.3553320763931,27.3758972643777,31.6505723223738,29.6747632394836,30.1958154524454,29.0235783531597,29.3946643558493,28.2841396901491,29.0960024884904,29.7223268055216,26.9178810249251,29.1003158198093,28.8137768713725,28.1251913403815,27.8664498356493,28.9390611966658,30.0613042454939,28.8874921047552,30.2194888714393,29.6565559204822,27.9701324735085,30.6176087271192,27.3723558769049,28.9930133915783,28.3881265477017,28.7023355564512,30.0005388365508,30.4193959755142,29.050667178154,28.497181103286,28.6699668143522,30.7248236370639,29.021574630534,29.9986064786701,29.9875405997548,29.1382823928422,31.2863113243194,30.2165683369503,28.6468086773916,29.1595789351397,27.2136580446004,-0.0776006504039337,-0.773530130591644,0.618328829783777,29.1378184658211,-0.224445517964812,-5.56530680380974,0.823403763110778,0.949618938478124,0,0,0.985034637261171,0,0.554552945720744,-0.137320484212587,1.24642637565407,29.1378184658211,1.6133447263799,-4.75710483439049,0.113503773101799,0.586851679534715,0,0,0.299194204908183,0
"P12955","PEPD_HUMAN","PEPD","Xaa-Pro dipeptidase","=""PEPD""",17.5860182368758,18.6257084924952,18.423703192816,18.9388395195352,17.8642230042888,18.253963989485,NA,18.1351547213921,18.9139121291855,18.3079007254525,17.8274564708912,18.6736854557978,18.1009785134175,17.927811424553,19.0345973435782,18.4968286925041,18.6100073364127,18.4610274251738,18.7202634973176,18.0667129975112,17.8056651263025,17.551583297447,17.1478940388186,18.5929625209204,17.9073431851211,17.6456065968172,18.8631662158288,NA,19.1380173787263,19.3077244371014,18.7099285686236,18.6798967011342,17.8212756387973,17.7971908375663,17.4402498547379,NA,18.6218518760863,17.7963937366973,18.8174349913829,18.0844344497244,18.118916166428,18.8696611472757,18.7684283279755,18.9569109178799,18.9217928219846,-0.0136457705732163,-0.369090529476677,0.341798988330244,18.3412648095729,-0.0774200772970868,-5.55568871287404,0.938648159385425,0.983220575615884,0,0,0.999136397062845,0,0.0694473722151194,-0.283792318187862,0.422687062618101,18.3412648095729,0.396473324198259,-5.85871412830917,0.693714792885314,0.915228679438145,0,0,0.974923265992273,0
"P12956","XRCC6_HUMAN","XRCC6","X-ray repair cross-complementing protein 6","=""XRCC6""",NA,19.4985115451263,19.7435505603468,18.0608622828958,19.6407688650207,18.9403868003607,19.4733972539968,19.1257549380241,19.224516525708,19.203230591264,18.0591162579683,19.0427773837195,NA,18.7113632024809,18.596892617002,19.3634253860465,NA,19.0547263992876,19.6138125886154,NA,20.1668284281749,19.5223951762131,18.256230349164,18.2294103401512,18.1854802242036,NA,19.2410980466782,18.7155462694557,19.0860817863731,18.5133445465371,19.3273524030109,19.7068105809594,19.2785979599581,18.7095471417376,18.3220362167646,18.6632449276473,NA,18.9169457262457,19.1247265321041,18.6513453555477,18.9219139957937,19.1912656844489,18.9631538089624,19.0754537111398,18.9978248254554,-0.0336169815434744,-0.414419761124516,0.347185798037567,19.0030699290921,-0.178413314856779,-5.49898973993564,0.859298033481673,0.95848719206779,0,0,0.994915309989124,0,-0.000824867619837022,-0.37321167743768,0.371561942198006,19.0030699290921,-0.00447670650231802,-5.89843394964286,0.99645034684883,0.999903966701438,0,0,0.999997066801344,0
"P13010","XRCC5_HUMAN","XRCC5","X-ray repair cross-complementing protein 5","=""XRCC5""",22.2229028425475,21.1314688406657,20.8700514232128,22.0956731130526,21.3931161421788,21.133563928479,21.2515998297014,21.4338208748424,20.4986731316425,20.2675850830058,21.5509513440237,20.4101587788145,20.4673180697438,21.5923664665166,21.1398353341409,21.3706077080444,20.2547522192239,21.3177379268804,21.2450001551217,20.1477468216577,21.2664537035598,21.4033760233412,20.673439792991,21.3676406367746,21.3895967336653,21.1624186302553,22.3809226683665,21.6126082587955,21.4470369919294,21.1875004442867,21.6023272961733,22.2548529860038,21.1440433428334,22.4039621348965,22.9395906055923,20.962414089496,20.7731810755959,21.8729855420529,20.8503965711806,21.785149363661,20.3452071200335,21.7947346533533,21.9594811129175,21.7563502027354,21.3643236052696,0.0590027152570975,-0.36054012695054,0.478545557464735,21.3221094137612,0.283078243341234,-5.55221498235094,0.778385776501435,0.948679518362231,0,0,0.98532659079996,0,0.372144065793456,-0.0449535762893055,0.789241707876218,21.3221094137612,1.7959083651307,-4.47852470562866,0.0790729757715755,0.510272591434467,1,0,0.388962461979215,0
"P13073","COX41_HUMAN","COX4I1","Cytochrome c oxidase subunit 4 isoform 1, mitochondrial","=""COX4I1""",25.7256533402078,25.799763627491,25.163636524549,24.83509979762,24.6236524178929,24.4004180396395,25.4364008842115,25.6018537489027,25.0399938556932,25.8439579682109,25.7893272952372,24.9153263478605,25.5116515193228,24.8249788272329,25.5292530246809,25.6303447110101,26.1912364091884,25.0978907859733,24.9532135362386,25.4275749296115,24.946247212254,25.3044412239562,26.0139851664069,25.4361292129558,25.3188820522242,26.1532685255135,25.0322014148981,23.8641423798848,25.4400513656438,25.5628105179374,25.5803610762921,25.5264283620618,25.4938084985918,25.2078658662676,24.3971718297795,25.6850975630675,25.5154449911328,25.678834652779,25.6815293800458,25.4841814662775,25.9492588443283,25.228458555558,25.2704583559922,25.0120362256512,25.5607600465967,0.090437910159153,-0.217106193262099,0.397982013580405,25.3485573861527,0.591907609682633,-5.43376914894172,0.556808043802252,0.905137078267613,0,0,0.9484231299224,0,0.0599517513816785,-0.245799908445176,0.365703411208533,25.3485573861527,0.394678856567019,-5.89052985424715,0.694902362511393,0.915228679438145,0,0,0.978414891946361,0
"P13164","IFM1_HUMAN","IFITM1","Interferon-induced transmembrane protein 1","=""IFITM1""",NA,NA,NA,NA,NA,NA,16.8645116381897,17.4402051791401,NA,NA,16.1025552534881,15.8513581285749,17.141356330664,NA,16.7848984396952,NA,NA,NA,NA,NA,17.2103679513233,16.8425760605412,16.790046841096,16.816084908534,17.103324032708,NA,19.3536359251027,NA,NA,NA,17.4679571483292,19.3531854447284,NA,18.751393363064,17.8307033795413,NA,NA,17.085193286912,NA,17.7178553395807,NA,20.0456872088108,19.9295559828063,NA,18.5078128304266,0.772285893783877,-0.187167593473027,1.73173938104078,17.6662030796789,1.66912742690905,-4.26044357107898,0.109236169694012,0.679806474125127,0,0,0.180860607269738,0,1.10442381243923,0.230435385737249,1.97841223914121,17.6662030796789,2.62038676343147,-2.95073343667289,0.0156087385146988,0.3149976272594,1,0,0.0101090974641988,1
"P13473","LAMP2_HUMAN","LAMP2","Lysosome-associated membrane glycoprotein 2","=""LAMP2""",21.2013917734246,20.3667956658631,21.1186104215269,21.3016733670272,21.4850724048314,21.1418102572097,20.4194612468581,21.1904354435009,20.6881915710941,20.9670247535255,21.5616957882779,20.2393163711471,20.2795635012864,22.2742242580572,21.4529741301567,21.2154780885216,NA,20.6512629656646,20.7874757540013,21.0234497621316,21.2398251638098,21.3886164452757,20.5034478893892,21.3615322654196,21.4250897187151,21.7496858809422,22.0915637441571,NA,20.7907251449758,20.9998127672145,20.611719188797,19.4224423209529,20.9711543990067,22.0828798717368,21.5662056076493,20.8911118010109,20.1755057481568,21.8636130582285,20.6007031170996,21.1749910833305,20.526978699798,20.9042564542678,21.3528984147791,21.0499520604947,21.577791671084,0.0904080550804167,-0.316539941598635,0.497356051759468,21.0625211637302,0.447724700760984,-5.46988873417191,0.656546525906,0.940190493291371,0,0,0.962674193834056,0,-0.153527339252147,-0.558096530399248,0.251041851894955,21.0625211637302,-0.764778656956432,-5.65542774119616,0.448482091493517,0.827597789458368,0,0,0.884165068206878,0
"P13489","RINI_HUMAN","RNH1","Ribonuclease inhibitor","=""RNH1""",23.874670810481,23.4311942928441,24.2215389374648,24.1610538500026,24.0504463719931,24.1821803453939,23.7780320265796,23.7116366354824,23.8993701224177,23.7017196531254,23.5565235842611,24.3708623289561,23.5935109334022,24.1375363823473,23.5628833050111,23.6245011382163,23.6900705334061,23.9268023122229,23.9999438730029,23.8330711545225,23.8402299110901,23.877364322186,23.478246390807,23.799961756842,23.6533775992279,23.498779071406,24.2694992740897,23.2259122598795,23.978545239724,23.7083874321397,23.7194563449115,24.0416110230787,23.7640457591438,24.0253393351486,24.5594456766487,23.6968702302028,23.9323987877998,23.5060479866795,23.9788392148827,23.7609907433752,23.6482844212192,24.1545226572684,23.6789421428838,23.7875203451646,24.0859311590134,-0.124946203787044,-0.308909570107894,0.0590171625338063,23.8439577261321,-1.36710706432082,-4.78241246165906,0.17822983291068,0.728283972410881,0,0,0.80614440551453,0,0.129036903910539,-0.0538542781157751,0.311928085936852,23.8439577261321,1.42014267241158,-5.02292664360228,0.16230268005234,0.652706866863196,0,0,0.790865939627259,0
"P13533","MYH6_HUMAN","MYH6","Myosin-6","=""MYH6""",NA,21.8220322121379,NA,NA,NA,NA,22.8698904623952,20.6474389313578,NA,21.0515957150318,NA,20.6522125077769,22.1311373876409,21.1440577396233,NA,NA,NA,19.7318893355722,NA,NA,20.6939661519145,20.8348270142772,22.1642540810895,NA,NA,21.7999141137839,NA,NA,20.5457621893996,20.505449122887,20.6972021226454,21.5184315310235,NA,NA,NA,NA,21.8206837672819,NA,21.5441609254339,NA,22.9218563932188,NA,20.5767877470072,NA,NA,-0.583020432179989,-1.37094740798056,0.204906543620581,21.2836774725749,-1.53861145105064,-4.41707177651685,0.138803099023737,0.708378884160682,0,0,0.316228631887868,0,0.571260076725608,-0.243375414308213,1.38589556775943,21.2836774725749,1.45814831931298,-4.6804417594229,0.159565587110637,0.651333371176197,0,0,0.35048626712011,0
"P13535","MYH8_HUMAN","MYH8","Myosin-8","=""MYH8""",16.4010322591575,17.1743314201131,16.297115792508,NA,NA,NA,19.2593177982697,16.9504037205491,16.5633520034101,16.709896216047,17.1093251408608,14.37854111805,15.887566851249,16.7520331697356,13.0444010432865,NA,NA,16.1056599884777,15.3333523573943,15.5457067033737,17.1688603493766,15.5214323805408,17.3922202785002,15.7470474581905,14.6257419281417,17.8110894635798,NA,14.644523233727,NA,15.2170769410981,14.9963329618616,16.8128100012027,16.6531487925817,14.9580515231834,13.6129614950708,16.9745819598663,16.0809630448512,17.7644104722197,17.8515342737084,17.0173627892437,18.8978497976253,15.6588682225501,15.3810943548409,NA,NA,-0.385495820695867,-1.34050951451528,0.569517873123544,16.230555480679,-0.817851657955946,-5.19711158912105,0.41867198504723,0.872297158372813,0,0,0.714881353486871,0,0.419327712792102,-0.513574894369997,1.3522303199542,16.230555480679,0.91071338961603,-5.4746972201241,0.368335132804028,0.791831108546088,0,0,0.657830082879226,0
"P13637","AT1A3_HUMAN","ATP1A3","Sodium/potassium-transporting ATPase subunit alpha-3","=""ATP1A3""",NA,18.8164748750864,NA,17.3219228599312,16.8459023629244,NA,17.2917184592895,17.2897875214117,18.419742638957,17.6649866022985,17.6077052643868,17.7986290553839,17.4527340011755,17.2318720814711,18.315158148903,18.0447440781122,18.4288862237431,17.9717764770331,18.1943279332225,17.9890735424557,17.4931870416387,17.6935556639462,17.746189882782,18.1075251013012,17.9556193363182,17.9003716916872,16.8362373735371,NA,17.4320604179841,18.4530758680921,17.6577130267237,19.7442188329954,17.6078773934688,18.2187814325418,NA,17.5133064215606,16.5855826562618,16.8107074185803,18.8123060412137,18.1007902817664,17.6254934073798,17.9818912275163,17.5638868853528,17.7145323628638,17.2833951365813,0.220979146230263,-0.194311289011281,0.636269581471808,17.788093675697,1.07458023890201,-5.03511941817285,0.288839968460973,0.799489091675277,0,0,0.760005102730487,0,-0.0762145800446952,-0.473533764530974,0.321104604441583,17.788093675697,-0.387380729629199,-5.862908951061,0.700476088797801,0.916449794501418,0,0,0.973232753569101,0
"P13639","EF2_HUMAN","EEF2","Elongation factor 2","=""EEF2""",24.5814150703272,24.1563180255667,24.3112254058126,25.2119663325837,24.3880478626793,24.5782130092964,24.28599844942,24.3299800557252,24.223660820391,24.4469607653962,24.0755800701182,24.6198128651054,24.8381646899271,24.3351114295894,24.2607923798969,24.1476950895716,24.5444855089897,24.298702554019,24.5293086956718,24.3832755404601,24.1712915179892,24.1453314928279,24.3087582358258,24.4282937039118,24.4313945986533,24.1192308591579,24.8051560982466,24.5215162261576,24.4320437470426,24.317077581569,24.4901869389114,24.8217701034607,24.2863440302588,24.6613963648638,25.1939551568237,24.154769884578,24.4852889118302,24.1761773759512,24.2765042061318,24.3203123590316,24.0355178774241,24.552597444168,24.4383357701025,24.296101121074,24.3994875069613,-0.0707220384554823,-0.256019473544659,0.114575396633695,24.4181234163,-0.76823868452986,-5.32929803196048,0.446268044210672,0.880462239150295,0,0,0.944536401702211,0,0.06701224009851,-0.117205235411247,0.251229715608267,24.4181234163,0.732207409392075,-5.71021685473679,0.467753104787681,0.834663611429138,0,0,0.950357657644435,0
"P13667","PDIA4_HUMAN","PDIA4","Protein disulfide-isomerase A4","=""PDIA4""",17.3030247593344,16.2742460312668,15.703428172419,16.454441571988,15.7813640231024,15.0012159729221,16.6894679529765,16.8924333748477,14.5278345044478,NA,15.7265327610339,NA,NA,16.3024510640237,15.2808259583968,16.103147421365,NA,15.2354410342273,15.9277338007744,NA,17.0019160621189,16.3783392956012,16.2379872186877,15.7048310077767,16.629252401642,15.6343079947231,18.3057156382998,NA,16.4891236832259,16.2416780197591,17.7348474963163,15.8717658001966,15.6689588661622,15.8637853978279,17.3017426615721,NA,NA,15.9585586174269,NA,15.7295637455961,NA,16.2810544122262,15.7071049267062,17.5094219200389,16.3116495165462,0.325260931800795,-0.245318577486049,0.895840441087639,16.2218626595879,1.15607670499125,-4.93498866714122,0.255256000445038,0.782013090941701,0,0,0.641375621051089,0,-0.0115629793977234,-0.590872998999552,0.567747040204105,16.2218626595879,-0.0404789866073512,-5.84521713784684,0.96793467102938,0.991453602020915,0,0,0.999623225605971,0
"P13693","TCTP_HUMAN","TPT1","Translationally-controlled tumor protein","=""TPT1""",23.1347943420413,24.5038256687278,24.6509237460738,24.4369480034439,24.5588861636184,24.7189444197691,24.8317986772246,24.279275695031,24.8143589608875,24.3898856139086,24.4419389610579,24.3243316187837,23.8840384779906,24.7238673582582,24.1024772595294,24.3517795485974,23.8622251126206,24.8568887774661,24.6007866674751,24.4916056237518,24.5380907685046,24.2800307045689,24.6975227571875,24.8968153944193,24.7193925913035,24.2465430636881,24.7040911155385,24.2346848244932,24.4883558522625,24.0208517255872,24.5586509215771,24.3987286789377,24.4159729174045,24.5961921712732,23.8572134940936,24.3161021080102,24.4144591230472,24.3368020333824,24.5839299514979,24.655177948321,24.1651663830113,24.6529379779848,24.7339381220466,24.4244916684323,24.0033292433321,0.0871830694673754,-0.145481041172459,0.31984718010721,24.4199789385814,0.754246959879346,-5.3385523544057,0.454541489341795,0.888955711474887,0,0,0.933568542550102,0,-0.0584381190074765,-0.289746205291379,0.172869967276426,24.4199789385814,-0.508529583563346,-5.84162595875434,0.613510208664555,0.881021094501636,0,0,0.971853279962186,0
"P13797","PLST_HUMAN","PLS3","Plastin-3","=""PLS3""",18.6984720860986,18.6924037166257,17.6133310860381,18.8074373237116,18.2952555323727,17.7115198502957,18.9302478922297,17.7727087956914,18.1596596654403,NA,17.5290973690653,17.8887183654697,18.2986721384292,18.1192477890897,19.458378898902,18.4928933136658,NA,18.613644809881,18.2392272214027,18.5026822698876,18.8078344839111,18.5646501196429,18.0740077699745,18.3793099074393,18.8163040298071,17.7825942138821,19.8212540286152,18.4487668975123,18.3806144597155,19.1011451718761,19.1060589593513,17.1892820373808,18.1161649971806,16.9177128037251,19.7630708980382,NA,18.0944355379325,17.6771787384282,NA,18.2510393993124,17.4494434558965,18.1287731010778,17.1782096334393,NA,18.7360843428543,0.287320486105781,-0.141314837639791,0.715955809851353,18.3151883277822,1.35368657381684,-4.77720647364526,0.183244828988495,0.733010065782738,0,0,0.614120956778779,0,-0.529737514921454,-0.972502140377239,-0.086972889465669,18.3151883277822,-2.41616896349156,-3.32246613922529,0.0202186300208873,0.342026657891323,-1,0,0.126617323589192,0
"P13798","ACPH_HUMAN","APEH","Acylamino-acid-releasing enzyme","=""APEH""",24.0039542461719,23.7707548045277,24.3548944641727,24.3698889568872,23.9224198065206,23.9615721505901,23.5112906535162,23.8895412567255,23.631780702649,23.8249488562813,23.6814895930473,24.2795902037193,23.8675166852605,24.1568535680834,23.6978647930772,23.6992290748169,24.1048807695158,23.8540017096526,23.9368064046068,24.1743349597151,23.8355369808049,23.7816492107598,23.7424440723494,23.6642637282493,23.8459172167224,23.5327123963105,23.8683354461241,24.1384191251974,23.9614848149421,23.8539097567921,23.4686642017074,23.6346558323247,23.7905086818716,23.9322531142915,23.8319116360353,23.5380081730818,24.137615417577,23.8198425992503,23.8459566517328,23.8326379497508,23.8275907361069,24.2693679175002,23.8765777809323,23.8133705756458,24.4284228709977,-0.0693346796731866,-0.244756215705496,0.106086856359123,23.8881260121466,-0.795570029098163,-5.31074455986978,0.430364675570308,0.873144117382484,0,0,0.943218215164672,0,0.00356389814978542,-0.170835237501302,0.177963033800873,23.8881260121466,0.0411331307359178,-5.9640236824923,0.967367623066506,0.991453602020915,0,0,0.99988176865595,0
"P13804","ETFA_HUMAN","ETFA","Electron transfer flavoprotein subunit alpha, mitochondrial","=""ETFA""",24.8793832475301,24.7742451297405,24.7571215475023,24.7204658116538,25.0879043846574,24.8552576771935,24.4697980292662,24.4784624205434,24.6425197956689,24.6870263053074,24.6561114177366,25.1010611004727,24.7374167652678,24.4841706041013,25.0884791766173,25.2158783336187,25.3600158698084,24.3722146600929,24.7622460578582,25.0649264951366,24.7861690047785,24.9564001376271,24.5645918087914,24.6940984413534,24.9675002394476,25.093254958217,25.1048787739093,25.3264998850022,24.6771349910868,25.110502131234,24.6746661231379,25.072455559428,24.5892609970003,24.6699023554931,24.9002464045565,24.9352093996601,24.979028672398,24.5145508071109,24.9250786934657,24.8245057338776,25.0219426777274,24.8238519057213,25.0063817737438,24.7695214407179,25.2307111332041,0.170602130582363,0.00406099863303924,0.337143262531687,24.8536233084103,2.06192919741177,-3.80663292467012,0.0448848155286264,0.54904264672436,1,0,0.58890507023987,0,-0.074599874047955,-0.24017036282173,0.0909706147258199,24.8536233084103,-0.906913722634348,-5.57549376922899,0.369174709497586,0.792222199001041,0,0,0.92835815632018,0
"P13805","TNNT1_HUMAN","TNNT1","Troponin T, slow skeletal muscle","=""TNNT1""",26.9368897169309,25.2806830795222,22.5873128718465,22.2652880882856,23.8851056513291,24.267277215009,26.2995242913622,24.2396226402944,25.1421556216924,23.7155900589507,24.5345304107191,24.2266588704811,23.6205134793139,24.6390531796966,22.1820213591542,24.3063964287411,23.3579451001102,22.7661888691819,23.0673094620599,24.5207541758715,25.8138996039657,24.1443408219588,26.9684560893443,23.9862632147921,24.1070702002458,24.531958532504,23.653360307146,23.2585900405397,23.5448713802723,23.584211920139,25.178180830414,24.5464055856973,23.681612629447,23.0926066993348,24.6877061237069,24.3663493928172,23.0882976817734,25.2331756469514,24.3031296497555,25.2234572467528,25.0976769317072,24.3319946892944,22.9943435650552,24.0775089370729,23.2551562694898,-0.109549657438926,-0.788848006491738,0.569748691613886,24.1909209902384,-0.324609536623902,-5.5411190194677,0.746946928881507,0.948679518362231,0,0,0.968543063343631,0,0.103065715493173,-0.572273513677648,0.778404944663994,24.1909209902384,0.30718715706153,-5.91978905531406,0.760086110464233,0.936896264815237,0,0,0.972122598003925,0
"P13807","GYS1_HUMAN","GYS1","Glycogen [starch] synthase, muscle","=""GYS1""",23.7258481552715,24.1262993980518,23.7481208784615,23.7536612125403,23.7883286436395,23.6687721018842,23.6548602981185,23.8716171089469,23.6733094399862,24.4396977837558,24.0147938469173,23.561671530536,23.4797618466342,23.3879985545477,24.2791277050583,23.8239958886912,24.5010561614499,23.9380044368223,24.1551302514935,23.9158295257745,23.5246443615021,23.8497178539636,23.6919644477882,24.0086826470245,24.4969721367442,24.3736696627655,23.5561074094851,23.6891384860948,23.9873557779137,24.425772834652,23.936335467416,24.1392708180698,23.9238163501127,24.1324078634404,23.5012659116637,23.53404464922,23.9042111400228,24.0800025163424,23.9346328281333,24.3920393399182,24.1774066354711,23.478222812119,23.7200321071377,23.7766945367888,24.0912881493707,0.183945533144133,-0.00790776817754557,0.375798834465811,23.9074129224831,1.92988210576482,-4.01788013693372,0.0597959724757042,0.595876842903565,1,0,0.595626849550195,0,-0.0810913837958971,-0.271826516317743,0.109643748725949,23.9074129224831,-0.855765602581601,-5.61781451815209,0.396559268136544,0.802565618275863,0,0,0.927739928412819,0
"P13861","KAP2_HUMAN","PRKAR2A","cAMP-dependent protein kinase type II-alpha regulatory subunit","=""PRKAR2A""",23.4462811657322,23.1783993400332,23.3366067412772,23.7795525933825,23.4746137848836,23.6469513187187,23.4626758140612,23.4568791865732,23.616192715494,23.0273498006413,23.4127460856982,23.7869121281007,23.7951183730034,23.9497388156451,23.1085926360702,23.2551463233516,23.0319565946711,23.0905647111776,23.501642220022,23.3825402416409,23.3407291451989,23.3289979551637,23.2276961375084,23.4325953989405,23.2312823229812,23.3115926238643,23.5037106465072,23.4976609229672,23.5641490191602,22.9019793438468,23.2214618523919,22.53736487507,22.9758553277557,23.2865378777854,24.0244797612362,23.3564070404674,23.1003364618365,23.4906918972504,23.3562041479329,23.4077856555367,23.0136197785206,23.1791396271909,23.2515253988148,23.5397235363021,22.8817215548935,-0.190944859027447,-0.375912458296344,-0.00597725975854874,23.3489713088734,-2.07789271335515,-3.78032716465481,0.0433223624316449,0.541576330957584,-1,0,0.549145197789428,0,-0.0652925876011174,-0.249182149655865,0.11859697445363,23.3489713088734,-0.714689845948626,-5.72218366537944,0.478408995288693,0.834663611429138,0,0,0.95300081085089,0
"P13929","ENOB_HUMAN","ENO3","Beta-enolase","=""ENO3""",28.8152429960275,29.7927008411507,30.0962905624252,30.0186070864037,29.941443727178,29.7809173751401,29.3984082580056,29.7200915368224,30.0774595642895,30.3561452135397,29.4967782711667,29.8850508207479,30.2893301162392,29.6955060918364,29.9579031039402,29.2147970711743,29.2970226809758,29.8932810185184,29.6829346594647,29.8375379735957,29.5880323570714,29.8809443096944,29.1013199676578,29.7718522530871,30.0660761716738,29.7087935782701,30.0334385407353,29.6444363299569,29.7906917285789,30.1377749453037,28.8154925711096,29.1429907544665,29.8747421058168,29.1829816500548,29.6855134367037,29.7175000135414,30.3138841125446,29.6850672975669,29.9072728544021,30.0257530021234,29.7196140908069,29.731468486151,29.918911501834,30.2133815430863,29.8876013322983,-0.125120311902887,-0.359563516358685,0.109322892552912,29.7509551978484,-1.07423915866216,-5.08610257270538,0.288313350041384,0.799489091675277,0,0,0.855890309664148,0,0.0115494111165688,-0.221527399981653,0.244626222214791,29.7509551978484,0.0997405097135184,-5.96007893441118,0.920983376018961,0.979656818909501,0,0,0.999049781684539,0
"P13987","CD59_HUMAN","CD59","CD59 glycoprotein","=""CD59""",20.1731321867968,20.8726589118167,NA,20.5793868552555,19.5809635986688,21.6675210882183,21.5374512463396,20.5114943025292,21.5382925620461,20.1518555210608,20.7940586585137,21.9266989489321,21.6582077406984,20.875996847184,21.0521807274951,20.007483376537,20.7769273123108,19.8784705007925,21.1327454362059,20.845281886423,19.1643435570787,20.0137963309762,21.9135167812259,21.5121198845014,21.3265888299206,20.2130035259298,20.6901420293499,21.3786433778376,20.2708987162297,20.2191279938555,20.6637630399618,19.4316350863741,20.0763223226135,21.0302905176924,19.5328033172203,20.3714366351958,21.157539865817,20.7908487800503,20.938013001779,20.5921185279829,20.3769239503177,21.3130522683201,21.1194777431151,20.7035383681211,20.8692225883779,-0.276829160491204,-0.720711621783606,0.167053300801199,20.7097721533561,-1.25607246400975,-4.89434968000706,0.215566098549105,0.752472233109963,0,0,0.653906476334486,0,-0.0250735684157064,-0.459091185370857,0.408944048539444,20.7097721533561,-0.116353548548924,-5.95835592256852,0.907889598356786,0.978004865464408,0,0,0.997580011418305,0
"P14314","GLU2B_HUMAN","PRKCSH","Glucosidase 2 subunit beta","=""PRKCSH""",22.2979408376219,21.8034832993063,22.4997566766137,22.9275847901582,22.3713317496687,22.8920829890298,22.0938742987321,22.2644799763234,22.2591522286123,21.7962769094609,21.9229207977814,22.8515109073341,22.6496036925038,22.4746474967506,22.4442567185816,22.2539444027406,22.0262344855925,22.4158410308177,22.5194256883501,21.8088420522876,22.5874487895362,22.1098243858145,22.5310690849801,21.9962142360988,22.1223237636796,22.0917794507959,23.2139348838599,22.9653613991941,22.6659940076613,22.2738253508612,22.5570652075862,22.7319148605467,22.1895986982303,22.5726594308305,22.7959706488447,22.120138031223,22.2208065262276,21.3229941110083,21.7606394876529,22.1498470255722,21.446119671254,22.5648352726543,22.358890413432,22.0664483808355,22.4017400862133,0.00144051846702453,-0.261180243665199,0.264061280599248,22.3197918718413,0.0110408010148894,-5.5874378621705,0.991238597724092,0.996080920886472,0,0,0.999987323504836,0,-0.154826344010569,-0.41591648696459,0.106263798943452,22.3197918718413,-1.19361754153642,-5.29500922925549,0.238741775174931,0.720020902236636,0,0,0.801100368232004,0
"P14324","FPPS_HUMAN","FDPS","Farnesyl pyrophosphate synthase","=""FDPS""",20.1189132962804,19.8728508791684,20.3967849622013,20.0531051371359,20.2695166871501,20.7320064000495,19.7242210837784,19.6985087170303,20.016310994964,20.3984590468743,19.7436996917674,20.943621633987,20.5611477066095,20.0410972770363,20.3971517556147,19.8925123566367,20.3225985325533,19.9404559478188,20.1992071236152,20.0128904209213,20.1364610853278,19.9517367694269,20.1468652912478,20.2036579719335,19.9317368347431,19.707549008823,20.1966928025114,20.5189512696295,20.5048011474728,20.5928890643718,20.0654634657706,20.0372266293971,20.0957924912287,20.1726134047819,19.9125867878484,20.3596725030956,20.3642006774951,19.8750525533345,20.515544264482,19.9984694991048,20.228753572112,20.1750752424414,19.9993212275526,20.1475510075696,20.6682581057993,-0.0532009960649269,-0.258301358408689,0.151899366278835,20.174266273971,-0.522112566094735,-5.46776995871242,0.604095067338531,0.923983206133899,0,0,0.973541755712063,0,0.0237717203320678,-0.180133266042518,0.227676706706654,20.174266273971,0.234662436629756,-5.93853514928633,0.815511242133737,0.948513075614775,0,0,0.995163726272285,0
"P14406","CX7A2_HUMAN","COX7A2","Cytochrome c oxidase subunit 7A2, mitochondrial","=""COX7A2""",22.7604973686014,22.9447878914082,22.6003324788785,21.8232799082072,21.1836131846403,21.553752035123,22.1633645393709,22.5336178406704,22.515891586149,23.4234793158043,22.6052414055184,21.7160453274477,22.6565674803382,21.0698231165846,22.5222735491114,23.0725907030776,22.8996180225364,22.0752412066842,22.0521393077989,22.0107327790642,22.3042601404924,22.4569187095577,22.6878876216805,22.4011262566958,22.2430988601,23.0037961332608,22.2724492699074,23.2244558629944,22.2363043739665,22.6612948183103,22.7261136032622,22.5667367338445,22.3843472008666,21.8762248934806,22.0585900938808,22.9656948010076,22.3959223217604,22.3519419599976,22.9670519371966,22.407000623406,23.435625923617,22.4172729158264,22.4428899749713,22.1055072506352,22.3625163772872,0.235524391691001,-0.0845335378345731,0.555582321216576,22.4252870601116,1.4812150268184,-4.6460693866803,0.145361122753114,0.712175410110782,0,0,0.63494504442106,0,-0.00923183033911812,-0.327424382576583,0.308960721898346,22.4252870601116,-0.0583994308137932,-5.96320250975163,0.953683203864374,0.987878263296057,0,0,0.999562287956596,0
"P14543","NID1_HUMAN","NID1","Nidogen-1","=""NID1""",20.354736369508,19.1699200800418,NA,NA,NA,18.6296547579059,18.6618705455017,17.9336218635166,19.1516544986213,NA,19.8310572089751,NA,NA,17.9562941699289,NA,NA,NA,18.6591997841923,NA,NA,19.6572787769138,NA,21.5545329418331,NA,17.9868246818245,NA,NA,18.8586282298187,18.9768911104949,18.152872865806,19.3604114967491,NA,NA,NA,NA,18.9961542684879,NA,18.8742758958561,NA,19.0837635739897,NA,NA,NA,NA,18.7643214251292,0.302466172076059,-0.54493878694174,1.14987113109386,19.0306982272547,0.742193187334425,-5.09146023428587,0.46617544992874,0.896077533266722,0,0,0.793866371379748,0,-0.20265869468259,-1.1532917490581,0.747974359692915,19.0306982272547,-0.443285458245243,-5.45987974770085,0.662083664507682,0.90800964348302,0,0,0.91982759966763,0
"P14550","AK1A1_HUMAN","AKR1A1","Aldo-keto reductase family 1 member A1","=""AKR1A1""",25.351131669684,26.2546826042814,26.0777902860008,26.8506294640839,26.8562463974535,26.6479146960294,26.3856362091955,26.4970871718411,26.2764988249131,25.2493091127486,26.2447869902013,26.3710293435928,26.0332981676089,26.5728743603914,26.3815805698575,26.3201094020152,24.8018745692577,26.6488473892327,26.772598682041,26.4546269377995,26.2905783135129,26.6177353584436,26.0252528597341,26.1483593238479,25.5231769242038,26.0579234786304,26.9832805200449,26.6849959420701,26.66993933381,26.4984946820329,26.7243855268315,26.5397988416297,26.268147856449,26.7617848222831,26.9989523895645,26.5810447407971,26.5771112810875,26.4971398237617,26.8087114662547,25.567018554206,26.0671486919555,26.5342731600222,26.3976778923527,26.4613490670842,26.505368907487,0.0269263135750712,-0.269163406906007,0.32301603405615,26.3519600579184,0.183047743308794,-5.57273273458957,0.855564262652005,0.95848719206779,0,0,0.995808463829719,0,0.186141287005992,-0.108222748875906,0.480505322887889,26.3519600579184,1.27282522494455,-5.20483556682746,0.209470056902705,0.701115954106001,0,0,0.747537125420722,0
"P14618","KPYM_HUMAN","PKM","Pyruvate kinase PKM","=""PKM""",28.7905547669513,28.9594792153662,29.1781306100216,29.538597382798,28.9555911039836,28.7693140490409,28.4514374116369,28.921060685749,28.6266066122218,29.0534765830018,28.9357113714742,28.6920272171872,29.4421402230096,29.0334293589916,29.2796209015785,28.823953035893,29.4860184835755,29.1792860840673,28.8329612102557,28.9655201881451,29.0721108371188,29.0589999772258,28.7224397813385,28.7842940687977,29.130054178377,28.7857745115903,29.0614187577451,29.6114353718592,29.2127436365776,29.0252663381494,28.6518336262336,28.4764843767122,28.9256458785228,28.9354202672067,28.6995665286742,28.9204127490725,29.0685120095775,29.2276242134779,28.9381546908848,29.1142449645706,28.7615958040188,28.6649666131455,29.2012073690124,29.1796390870661,29.1163389004529,0.0666673476391964,-0.120138657694137,0.253473352972529,28.9835800229413,0.718345132662482,-5.36154097067807,0.476174242014477,0.896077533266722,0,0,0.951738213587045,0,-0.124708625472493,-0.310425878903482,0.0610086279584952,28.9835800229413,-1.35162137167394,-5.10981234886223,0.18310012091272,0.67048191514958,0,0,0.809190755602779,0
"P14621","ACYP2_HUMAN","ACYP2","Acylphosphatase-2","=""ACYP2""",23.8961158793497,24.1828613986352,24.5295521443192,24.6072083993143,24.645849475944,25.6458130713519,25.0833110615303,24.2268496774973,25.1773491987768,25.0216940692469,24.7326170731697,25.8279392765609,24.80334216697,24.9439315449176,24.7299528659676,24.0505483985435,24.691173590321,25.1231895787993,25.0911316507603,24.8340663881595,24.5672093105606,24.4631339362057,24.7599394719414,25.1701962848034,25.0995547280326,24.718199605444,25.1137645858237,23.5541295385546,24.810730710936,25.0751648790089,24.346743328469,24.8668748027958,24.7793209730986,25.209841415733,24.9729558840621,24.6410119377381,24.9840910377231,24.1696215453436,25.1294360445195,24.8883183389601,24.8098380388816,24.9319782982249,24.7922430184778,24.998840442374,24.9743192979991,-0.0572030385194751,-0.336257342943082,0.221851265904132,24.7927100970188,-0.412611361492546,-5.51262746897307,0.681806508653724,0.943378727279687,0,0,0.9783289655431,0,0.0915534497670549,-0.185874456702929,0.368981356237039,24.7927100970188,0.664255835903936,-5.75505439907241,0.509839775341552,0.834663611429138,0,0,0.940187661045669,0
"P14625","ENPL_HUMAN","HSP90B1","Endoplasmin","=""HSP90B1""",23.8684020975553,23.575862737731,23.9942572249644,24.36904457827,23.5232471660611,24.0025270546819,23.4503902727797,23.9032499933785,23.4532910587433,23.6746730169485,23.3721549764941,24.1239873378964,23.9163266417475,23.5400357363858,23.5176293409156,23.5215664377198,24.2033072393475,23.7517815472766,23.5991044620998,23.4597748300051,23.9195688587456,23.7345729793116,23.7609520186046,23.6661409289406,23.4060433229566,23.1535595171424,24.8436398705392,22.8110307899485,24.3018431187577,23.6564516281493,24.1115612019332,24.771585989369,23.6321184873213,23.4495996047347,24.8713077166166,23.7511019334113,23.7332030900379,23.3944436124035,23.7684255052977,23.3383734694423,23.2558251189169,24.1167161178376,23.6321860144791,24.0361040087325,23.9163564001308,-0.0358138282650451,-0.322786160574262,0.251158504044171,23.7745183345503,-0.251201095649484,-5.55970673200453,0.802776430407667,0.948679518362231,0,0,0.992163321383305,0,0.132638048074654,-0.152661738043319,0.417937834192626,23.7745183345503,0.935788030615463,-5.55055880002097,0.354264975708192,0.786466622673627,0,0,0.871412478188412,0
"P14649","MYL6B_HUMAN","MYL6B","Myosin light chain 6B","=""MYL6B""",22.8211648919256,23.756621594898,21.7192498405207,21.6865458791524,20.7840916161126,21.8840284134581,24.7569412035428,22.7207085165457,22.6653813160863,22.1842956840736,22.7163901988892,22.1724654906458,21.418969507253,22.21279228573,21.1937379948185,21.7283560421919,21.4240930551914,21.6472881342582,22.3161079717018,22.1103512416277,22.9916378265993,21.6714904178649,22.5635270431339,22.1716603015964,21.3938444280119,24.2223278891251,21.8301437896492,21.7848039624952,20.9052419724411,22.6622822836927,22.609801169378,24.6594510803242,22.0912110167965,23.2103824075791,22.1928048477476,24.0479692826128,21.6455698298807,22.2032739674273,22.8229927235196,22.5854149320964,24.5487338175643,23.8389362492114,20.7393423578124,22.1059333528555,22.0577996994453,-0.170259003149532,-0.787476994300649,0.446958988001585,22.3883590561663,-0.555242012309741,-5.45215399867154,0.581417033452793,0.911046855724377,0,0,0.911804894725542,0,0.662430691644676,0.04881000059549,1.27605138269386,22.3883590561663,2.17295764116563,-3.82384497899185,0.0349656527515526,0.37833073328471,1,0,0.10845848268732,0
"P14678","RSMB_HUMAN","SNRPB","Small nuclear ribonucleoprotein-associated proteins B and B'","=""SNRPB""",NA,15.6983563494311,NA,15.6049018870394,NA,16.6369640022297,17.194867447378,15.6580973588188,16.4387540577319,NA,NA,16.6744259206811,NA,15.1697249379775,15.6859312225731,15.2936957582114,NA,16.023966644405,16.0723219858928,16.4255615428889,15.6055670238457,16.461537782877,16.463809415005,15.9547270520516,15.9812690190013,15.9744664554268,16.6897792609527,15.4675313373085,16.235241414564,16.2800251308504,17.0498124777509,16.8282678260001,15.322362672206,NA,16.8226082553406,16.3007577631147,16.2530743973355,NA,NA,16.4924016917311,NA,15.670478128815,15.7559919969726,NA,NA,0.0155959770075675,-0.417818130257775,0.44901008427291,16.1308524442628,0.0732065638832677,-5.45556798533391,0.942083131220116,0.983220575615884,0,0,0.999069949350151,0,0.193972363764431,-0.236842873396484,0.624787600925345,16.1308524442628,0.915986942253513,-5.43292947253765,0.366311107752138,0.791831108546088,0,0,0.822998361598423,0
"P14735","IDE_HUMAN","IDE","Insulin-degrading enzyme","=""IDE""",18.1325126279697,18.4622326396024,19.0500079295029,18.4026413111127,18.7730251882623,19.0492944855788,18.5122035649514,18.5394621169936,18.2206860833796,18.708844832954,18.7228551334013,19.0474816207499,18.7345171880829,18.4160001661452,18.6682960033459,18.8680728100328,18.4127522039854,18.7299236504514,18.4811213955374,18.5279429327467,18.3210814432189,18.6004304324411,18.8976603098491,18.3630942469173,18.744570002616,18.5815038837407,18.5363510191155,18.8182720594515,18.7857106866632,18.8103812147124,18.5441081896402,17.4296917312698,18.6177761728311,18.5947749036583,18.3793773340703,18.7066125046111,18.5543396087942,18.5373497047674,18.9348529008033,18.710178314361,18.7453222728159,18.4048101713137,18.7594560173758,18.2952595242702,18.7707750290488,0.00118676804443041,-0.20188311572021,0.204256651809071,18.597858079181,0.0117633531013074,-5.58743060136177,0.990665244367594,0.996080920886472,0,0,0.999988869842111,0,-0.0996122607898755,-0.301498602719964,0.102274081140213,18.597858079181,-0.993154164270726,-5.49879703110517,0.325825962572842,0.770746018696202,0,0,0.894308592035555,0
"P14854","CX6B1_HUMAN","COX6B1","Cytochrome c oxidase subunit 6B1","=""COX6B1""",23.6378570523447,24.8237645508539,23.753776084555,23.0551557085935,23.5914511550255,23.7063058187497,24.7874638580622,24.4916998234489,24.9792128613233,23.9658501418363,24.754964441854,24.157881546822,23.4394836878975,23.7749248563687,25.0356815186693,24.5115745369877,24.3063053220186,24.679611054822,24.2784356814071,24.1686119201701,24.2085859316139,24.5545244039757,25.4928911427952,25.058151867988,24.4960607834808,25.2947625365097,23.6473736477978,23.9141704415672,24.1134414162517,24.5249900102483,23.9633418699257,22.6979115952838,24.7845934021149,24.4258657429051,22.9023293133145,24.3377055038101,23.8231161995573,24.658242124623,24.6072429844969,24.5827479929036,24.9145503383481,24.3245748209145,24.58709592205,23.7321288832052,24.351884173934,0.364409897662963,-0.0205356048231408,0.749355400149066,24.2644065482539,1.90546828320787,-4.05567465932891,0.0629749916068027,0.603033252962111,1,0,0.365094236322946,0,-0.303743988683127,-0.686445932952873,0.0789579555866184,24.2644065482539,-1.59756240929124,-4.77995393178502,0.116981887035245,0.593367324652007,0,0,0.521130670132335,0
"P14866","HNRPL_HUMAN","HNRNPL","Heterogeneous nuclear ribonucleoprotein L","=""HNRNPL""",NA,NA,NA,NA,NA,NA,20.1373876357316,19.795481268712,NA,NA,18.7112907709084,18.02625753411,18.4974869342586,NA,NA,NA,NA,19.4643711914699,18.3233411362193,NA,18.4846423000151,NA,19.3678851273081,18.9633217480392,NA,19.5720609164466,18.7619805990007,NA,18.8782481437963,18.2386264360336,19.9952030004527,20.8015330950333,18.5316797276864,19.9220968671219,NA,19.3026335707133,NA,18.8852025818418,19.4774700020399,19.0998757693973,NA,20.3918793086173,20.0405408191914,19.8908932490026,19.1990235386489,-0.041337617266894,-0.721975231502176,0.639299996968388,19.2600158950691,-0.124606344854312,-5.2462004269682,0.901756910349005,0.967042478519068,0,0,0.995734388439628,0,0.713907728761097,0.177613788710051,1.25020166881214,19.2600158950691,2.7311770653765,-2.72559603056133,0.0109748141580512,0.282187558578439,1,0,0.0399047319440704,1
"P14868","SYDC_HUMAN","DARS1","Aspartate--tRNA ligase, cytoplasmic","=""DARS1""",20.1433530350582,22.0426611277024,22.289102359333,21.3269058810231,22.130163082868,22.0012560188294,22.3071020389705,22.0920209461006,21.9560437765362,22.1986050213688,22.1101782266898,22.6839747004783,20.6696976826772,21.994774923849,21.4286286947493,22.1233104471115,21.7698596061105,22.3564571352348,21.8758931645827,21.9951845757507,22.1458986828062,22.1219880122715,21.7672088520568,21.9938881097608,22.1198273474653,22.2334521626009,22.4050343964323,20.6973365872117,22.1311006801028,22.0532931777616,22.1911738977153,22.3758454018341,22.2884070662909,21.8965733910705,21.3349837303346,22.0927073229792,21.9894373907223,22.0987897392235,21.9845861170024,22.0647322655221,22.4084220980008,22.3660802908494,21.7243248404735,22.2123927635929,22.476890657757,0.166930373682252,-0.145241620879612,0.479102368244116,21.9704343872636,1.07634683045892,-5.0841608156617,0.287380047624766,0.799489091675277,0,0,0.812082141352429,0,0.11437426907391,-0.195978309391928,0.424726847539747,21.9704343872636,0.741794798424138,-5.70354772106994,0.46197909924814,0.831474716578483,0,0,0.915464323008631,0
"P14923","PLAK_HUMAN","JUP","Junction plakoglobin","=""JUP""",NA,NA,17.5998285259059,17.6754111296405,NA,19.1131347836483,19.0075438078221,18.6474538141166,18.6704775976371,NA,18.5168902835658,18.7207132699239,NA,18.8645432713601,18.2587542877015,21.1230600972984,19.3141555800781,18.8624832369038,18.9704155110687,NA,18.1675097225197,19.0298159233975,19.3085839711183,18.795076126691,17.321738780535,18.2196075448173,19.2828015963985,NA,18.4445445462885,18.9749418824899,18.4593554319495,19.1234783495284,18.5372173917984,18.5481525121196,18.2500707649707,18.4560012747071,NA,19.0326160155,NA,19.0902965102772,19.0755929157179,18.1942200453917,NA,18.0042249572439,17.9827388728009,0.375953796434647,-0.129332538442624,0.881240131311918,18.6755271523695,1.50892565002428,-4.53828558515106,0.140035223359745,0.708378884160682,0,0,0.477556397440146,0,-0.338635727307445,-0.817321015996782,0.140049561381893,18.6755271523695,-1.43467527824949,-4.93343504406869,0.16000071216031,0.651333371176197,0,0,0.537634644173967,0
"P14927","QCR7_HUMAN","UQCRB","Cytochrome b-c1 complex subunit 7","=""UQCRB""",25.380103771762,25.400489483791,25.4366166419591,24.9963735465488,24.7340674265086,24.0160568662892,25.2394658645495,25.0757542854109,25.5869641991987,25.5547209354819,25.6491404924046,24.7974974360265,24.9355919944184,25.0303299040372,25.258524398522,25.279231673583,24.9122826473095,25.1209817046823,24.7259940860034,25.1139329974648,25.0389746594432,25.2098679321948,25.4969587603998,25.4349383336585,25.0594791025935,25.7226295984585,24.8010557088687,25.4037762628709,25.2444953602323,25.1076615731842,25.0904662388745,24.7996258857024,25.1276885106127,24.9461494666417,24.5681587466374,25.0466642637109,25.0291641562269,25.2728617571883,25.522993032335,25.3727232328202,25.854606747734,25.2721682903976,25.1629073684785,25.1989770381146,24.9232863005667,0.0408959817930814,-0.182746272794014,0.264538236380177,25.154497748531,0.368076073092963,-5.52789072205135,0.714503405316962,0.947417763940137,0,0,0.986346170202193,0,-0.0322546243270487,-0.254593436181177,0.19008418752708,25.154497748531,-0.292003137193576,-5.92412762025146,0.7715959822189,0.94164415266078,0,0,0.991671439070725,0
"P15090","FABP4_HUMAN","FABP4","Fatty acid-binding protein, adipocyte","=""FABP4""",25.8867182131915,25.8801783567825,25.8264039585007,25.7938625362042,25.9811118711718,26.6390891971372,25.8985723281582,25.8912690857277,25.2172812525252,25.6259697803432,25.0244218135696,26.3094022695899,26.1365868287776,26.1496646400998,25.9730263802457,25.7234093817674,26.289601809788,25.4459423917618,25.367811054192,25.3194869832365,26.3889004300439,26.1917881299846,25.7074740654938,25.346553048981,25.5560285195561,25.2562594159608,25.9470787908848,25.2700529821438,26.3594804842832,25.8410491017734,25.9775741376669,26.1021301947058,25.6281652639879,25.3697173783105,26.1179999325687,25.9469817645917,25.1605544920669,25.5582139687395,25.8051143466849,25.3012603194845,25.3303269437345,25.5104589698574,25.7592523841996,25.9621420678,25.9715011768009,-0.147091469502435,-0.393821450952002,0.0996385119471329,25.7721304098461,-1.19998652875711,-4.96400855154671,0.236283034973937,0.766516808651113,0,0,0.808792791078321,0,-0.0339682165767563,-0.279260194273772,0.211323761120259,25.7721304098461,-0.278740587449573,-5.9277379451173,0.781692093853233,0.942584418301806,0,0,0.991668719003741,0
"P15104","GLNA_HUMAN","GLUL","Glutamine synthetase","=""GLUL""",NA,NA,18.471818622649,17.9620003241158,17.9299136947047,18.9172815517473,18.1108260925619,17.3931742185119,18.6735111390186,18.1346123682947,17.2529378530211,18.1448233000797,NA,18.5589434414097,NA,18.699156207623,NA,18.8028724332979,18.3914892285585,18.1033477935963,18.9369383256651,18.2209961400929,19.0770549990846,18.4525858583737,18.5910946154285,18.2037517309735,NA,18.3204104480739,19.0436702629884,18.0028424428901,18.4980713896773,18.4690058053603,18.4452899924104,18.4534079168152,17.8506417903298,18.171595531,18.1125705466402,18.9873075843977,18.3879302297498,19.1428947811602,NA,19.1970801446765,19.3283982505846,19.615618877229,18.200925903973,0.410900364940389,0.062819859754641,0.758980870126137,18.4541261009675,2.38765604044422,-3.24379485298742,0.021892860035936,0.488872265797768,1,0,0.207983887641439,0,0.0875961674587309,-0.238482195493375,0.413674530410836,18.4541261009675,0.543347984483424,-5.77724531894908,0.589979421647827,0.870161621650437,0,0,0.954830289795218,0
"P15121","ALDR_HUMAN","AKR1B1","Aldo-keto reductase family 1 member B1","=""AKR1B1""",25.3317994090442,24.9441969694484,24.9138934048549,26.2185595575317,25.2242405444653,25.9430998019053,25.5268104356928,24.9800757804384,25.336040969488,23.1887804366228,25.0060491612606,25.7564007201752,25.8948726751908,25.3844183908649,25.0093298349223,24.6716424704259,24.5878408547893,25.5227317958371,25.5601921675831,25.2800224495108,24.9660399791264,24.9282240589017,25.2507882843542,25.3228982892099,24.1034599703294,24.4612034044284,25.1137564856417,26.4492287514008,25.4450026987069,25.1062481848683,24.8513934272567,24.7517224675112,25.2113686137922,25.2044731643097,26.0786667756573,24.8821512448065,25.2648392072051,25.1039478830529,24.6707522775813,23.8768044253133,24.4274907332549,25.2330255920742,25.3589654094981,24.6942618820607,25.1289624462161,-0.12331549625485,-0.482963615832522,0.236332623322821,25.1148149663691,-0.690161407930337,-5.37882172330934,0.493557199867175,0.896077533266722,0,0,0.91660824741308,0,-0.135363619701582,-0.492915620507986,0.222188381104821,25.1148149663691,-0.762032609568232,-5.68919245567916,0.449926783432441,0.827855201825394,0,0,0.897528038854698,0
"P15170","ERF3A_HUMAN","GSPT1","Eukaryotic peptide chain release factor GTP-binding subunit ERF3A","=""GSPT1""",18.4221002737477,19.3230471337636,19.8636505142999,19.9485720502703,19.4022387605669,19.4648039067153,19.6571461482641,19.4271601157137,20.0266806865057,19.1372420449504,19.1121479176841,19.6176244754222,19.2472608856462,19.5657259584608,19.5982246624091,19.4749846360869,19.3813499728327,19.6232244871146,19.7741075670024,19.3580294116967,19.8944760420944,19.5136579614522,19.6199308854234,18.9828302974669,19.0252817619182,19.6031258795057,19.3812858694924,20.5331910299385,19.105871795886,19.8029024212773,19.55423459007,NA,19.9775298774856,19.1008724796835,18.8433291957744,19.5840282783479,19.3990099935203,19.6674988789218,19.3123282048862,19.1177176923593,19.1005270578371,19.6225416008523,20.2125511225394,19.6011465036059,19.0686416016801,0.0873132046405161,-0.177701580515463,0.352327989796495,19.4784052870721,0.663560719321537,-5.39444251939396,0.510353811468325,0.896077533266722,0,0,0.942960091135779,0,-0.10124265712512,-0.369127589470242,0.166642275220003,19.4784052870721,-0.761177763952607,-5.67479161074158,0.450517898175577,0.827855201825394,0,0,0.922445863576282,0
"P15259","PGAM2_HUMAN","PGAM2","Phosphoglycerate mutase 2","=""PGAM2""",27.8986124902458,27.7017155302443,28.0054390570374,28.2278121240985,27.6215141938491,27.6237137678215,28.0511680189627,28.0423393319362,28.0591539515871,27.7326523903093,27.9385702407155,28.2443454746641,27.8955096694874,28.1371340592389,27.923025903839,27.842673133375,27.581844058531,28.2579651516957,27.8370828726029,28.268626570161,27.4699382290511,27.7429116987836,28.4273581449246,28.1839016322469,28.2674338007151,27.8698639421987,27.7017785438202,28.4923784555457,28.1422680933943,27.7739728257672,27.4777821254161,26.9794862314994,27.9698202458036,27.8528539875865,27.1422646741611,27.2199737883307,28.0428617962484,28.0449971040482,27.8888515715542,28.1273243495515,27.7368656474366,27.573112102704,28.1336427294956,28.037929946837,27.7144586283917,0.0512068601068592,-0.155798895706178,0.258212615919897,27.8867761841314,0.497916519693805,-5.47857620713427,0.620912939705055,0.934833173270874,0,0,0.975891988129942,0,-0.261184814916547,-0.466984089652943,-0.0553855401801508,27.8867761841314,-2.55455286046094,-3.06156358652663,0.0140041952563057,0.308906493037348,-1,0,0.327967477781676,0
"P15311","EZRI_HUMAN","EZR","Ezrin","=""EZR""",NA,21.8752221285732,NA,25.7510117052051,NA,NA,23.298310672581,23.3356819950676,22.3157218107262,23.3780285559377,NA,22.9672930726235,NA,NA,22.0084254529228,NA,NA,23.0837123556573,24.2718816439973,NA,NA,NA,22.5478743981298,23.8624762390873,23.9481047982169,21.85096119836,24.6921932960209,NA,NA,23.4171221750544,24.2214466027595,25.4666802921288,23.8960306051487,24.343159643308,24.6965250348291,NA,23.0621552017234,NA,NA,23.8760238400846,22.8160833526331,24.5671652597803,NA,NA,22.9456307913367,0.419460365723403,-0.44236603590038,1.28128676734719,23.5574970046882,0.998577553691348,-4.9445698653882,0.326851888139521,0.826372714395847,0,0,0.625589559370608,0,0.505739183516827,-0.308347392414155,1.31982575944781,23.5574970046882,1.27457874684286,-4.99837543617033,0.213302709503601,0.702678976970156,0,0,0.457769837021577,0
"P15374","UCHL3_HUMAN","UCHL3","Ubiquitin carboxyl-terminal hydrolase isozyme L3","=""UCHL3""",21.9803721006042,22.2020144949466,22.1822384142739,22.8378641030537,22.1561024102182,22.4899128235347,22.3980949277406,22.2336157495837,22.2680304066579,22.065292091059,21.6930633219564,22.6934264239337,21.8474998945675,21.4569662491335,22.5692602474856,22.2630231951591,22.0810915516076,22.4366298819044,22.7540867619058,22.3056704510695,21.9769411223322,22.00836832262,22.509126531684,21.9373250052892,22.255558208927,21.9589121527947,22.0636829505068,21.7453919740334,21.9246870360944,22.641567651784,22.3050354732697,22.2640844788139,22.2063383417002,22.4246216308161,22.1715291584029,21.6967101112122,22.7216664856353,21.9380416554164,22.1089903188682,22.0093768620613,22.0560162157146,22.4339456765779,22.0925272221372,21.5104635902096,22.5423904953735,-0.0156349747624596,-0.231623750788302,0.200353801263383,22.1870567593927,-0.145705790391848,-5.57813874863174,0.88478970688255,0.962924583781994,0,0,0.998088026666335,0,-0.0253550054335392,-0.240084945104718,0.189374934237639,22.1870567593927,-0.237674131612275,-5.93785626083363,0.813188367213028,0.947477443017977,0,0,0.994770496692835,0
"P15531","NDKA_HUMAN","NME1","Nucleoside diphosphate kinase A","=""NME1""",19.7456586028227,18.9906031664166,20.8405903322576,19.1639209001436,20.0328081172606,20.6549832082959,19.8629079397513,19.7065398192026,19.1942943812259,19.4619913358938,19.5022863158738,20.5838818870916,19.4903858646471,20.2316799424379,20.4453300859262,19.9570022316254,19.7016082572412,19.4001464962247,20.7448191143685,20.6194837460626,20.358519436074,20.2892950109419,20.3960328985487,19.7052131603266,20.223833500142,19.7984995171786,20.6401329107802,18.3232947392922,19.8400841822496,20.3906087745846,19.8585873444617,21.0550310610231,20.1668205011742,21.1046150066974,18.7771895621612,18.8706460204185,20.4966499019726,20.4056174026628,19.6774793445735,19.8508182497808,20.5224690371834,21.1347021601729,20.7301684963932,20.2705875596876,21.3793341478749,0.160347597844215,-0.288109010728465,0.608804206416895,20.0577144815806,0.719702215902933,-5.36069186099267,0.475346060856562,0.896077533266722,0,0,0.887583690147608,0,0.260809454706489,-0.185033437113182,0.70665234652616,20.0577144815806,1.17747662425328,-5.31272078583849,0.24505633769498,0.72771949909063,0,0,0.69297055679353,0
"P15880","RS2_HUMAN","RPS2","40S ribosomal protein S2","=""RPS2""",22.2797092452912,21.4773922088521,21.1134179450477,21.7412376912847,21.1931292047847,20.7645198137975,21.7094372659481,21.7132997016777,21.5746847063007,21.2692103721927,22.0342061915808,20.6250034188494,21.4658186291831,22.065976821041,21.460365940655,21.7197518139566,20.0144102584811,21.5492792051936,20.9157275388149,21.8993416307289,21.3311655706335,21.4571362686564,21.6267675254318,21.7518925507765,21.5665031582482,21.6028813979369,21.8841118318406,21.908402581941,21.7307100988159,21.1938486163154,21.7197749528457,20.9574773792352,21.6784667531897,21.1303040891748,21.5668870633566,21.1129876828522,21.552698337843,21.8558067858839,21.3361015550663,21.6910530616726,20.8702790767323,21.8174123715772,21.3437296320502,21.7312723189766,20.4307835722638,-0.0212389767115866,-0.325489377833257,0.283011424410084,21.4540971963773,-0.140511942979439,-5.5787934891698,0.888868465108576,0.963182196760887,0,0,0.997501048431372,0,-0.0904596943367508,-0.392936848380956,0.212017459707455,21.4540971963773,-0.601967920269932,-5.79239588481766,0.55014858493597,0.856094249166275,0,0,0.947379319362503,0
"P15927","RFA2_HUMAN","RPA2","Replication protein A 32 kDa subunit","=""RPA2""",NA,NA,16.0341355671404,16.5254954668547,16.2801376524507,NA,16.1297002651668,15.3775893013921,NA,NA,15.82256766046,15.8899729134324,14.975951513902,16.1097380346866,15.7754942397095,NA,NA,NA,15.688045493904,16.2796017181464,15.3516086095347,15.287735943998,16.4323855508135,15.4951935563773,15.8059926845459,NA,15.9063989221821,14.1678899024583,16.2822124018144,15.4077903319991,NA,16.3335028138734,16.357800679275,16.7293631509593,16.8568154823626,NA,NA,16.1273016620368,15.7705378547214,16.1252634682649,NA,16.033717964205,16.3810972022697,NA,16.1681006041137,-0.215670853066086,-0.596430732879261,0.165089026747088,15.9325528584855,-1.15370636758629,-4.89441562439269,0.257154152228238,0.782013090941701,0,0,0.746098106634907,0,0.640036329968028,0.261562530078173,1.01851012985788,15.9325528584855,3.44448121218954,-1.13607215985206,0.00161594756701657,0.139338751574111,1,0,0.0163415042739994,1
"P15954","COX7C_HUMAN","COX7C","Cytochrome c oxidase subunit 7C, mitochondrial","=""COX7C""",25.9449397939433,24.7725148225499,24.2644685126611,24.2759359641241,23.8236050307142,24.099751343417,24.6268286269219,24.904875088926,24.250750901246,25.1389239287566,24.5336621761957,24.6220097677504,25.1775338672723,23.750949787466,25.089460792754,24.596476757243,25.8559873193418,23.8145108612577,24.3686977404225,24.6995988887452,24.3739025128933,24.3765970004131,25.0929625676035,24.8219886635457,24.430508379217,25.2817956027,24.207022149305,24.2809360560936,24.6750761267856,24.7419522372967,24.4902019565675,24.8589883390409,24.6704253302291,24.5207047302082,24.3957058976278,24.8484303787639,25.0308842804224,24.6886286321645,24.7669764599475,24.6121110517146,25.1337659326445,24.2995621713169,24.4152251425337,24.4473743689059,24.2169438600722,0.021398176371985,-0.292768538102588,0.335564890846558,24.6286700399938,0.137096826690107,-5.57921106489093,0.891552039645913,0.963182196760887,0,0,0.997546686178934,0,-0.0148056220469321,-0.327141294701264,0.2975300506074,24.6286700399938,-0.095414829737263,-5.96048224056491,0.924399423219825,0.979656818909501,0,0,0.998836791933631,0
"P16083","NQO2_HUMAN","NQO2","Ribosyldihydronicotinamide dehydrogenase [quinone]","=""NQO2""",22.0286081066265,NA,23.4700921391329,18.5928441355916,NA,21.3081212188395,19.3331686108085,19.0804429786999,22.3876183737528,19.7158937020603,NA,NA,21.5952618485781,21.6482053595158,22.5457635845931,21.8321709039421,NA,23.0625329349111,19.5560175895908,22.9281353149262,20.8977541005459,NA,19.4360460509954,22.2115532579321,19.1017780628249,NA,NA,20.7882032780172,21.6226452409771,22.7634136991765,21.1747771888845,19.0505301735019,22.9825629784611,19.3056468030454,NA,20.3674393167041,23.3777269837908,18.8323202816525,22.4566021827439,19.5105540333942,NA,NA,21.1784291300547,21.3799614401031,22.8125611626803,0.168094658384121,-0.869478277981882,1.20566759475012,21.1275112402075,0.328879068304477,-5.41327383274615,0.744204658339915,0.948679518362231,0,0,0.951551230376848,0,-0.232751846053525,-1.24297109280233,0.777467400695279,21.1275112402075,-0.467711934228232,-5.73998302609001,0.642886501965612,0.898052793982891,0,0,0.902283272155266,0
"P16118","F261_HUMAN","PFKFB1","6-phosphofructo-2-kinase/fructose-2,6-bisphosphatase 1","=""PFKFB1""",21.0628699576325,NA,20.3426460764316,20.167197418351,20.402541161953,NA,20.6990713762191,20.673816631808,20.4137924610588,20.4569497329571,20.3787437817403,21.2818900781256,20.1079295012151,20.5042469334566,21.0852426727088,20.6275707716216,21.4629432293699,21.1964636056732,20.3991302824072,20.7617217383482,20.2114258252674,21.0209562835794,21.0841971870634,20.6808607745572,21.2693349505329,20.4214876664155,20.1747047377125,19.9950565064615,20.8173855614422,21.3121503733001,19.7501323046758,NA,20.33239917161,NA,NA,NA,20.6654031415777,20.8500268878842,21.0202557707576,21.0623769132239,NA,NA,20.8224617243512,NA,20.9667305187395,0.175595399270172,-0.124970537371645,0.476161335911989,20.680058714173,1.18368961132368,-4.95521958908778,0.244076921836752,0.772570690822174,0,0,0.780643071312842,0,-0.102688923320802,-0.447198591931183,0.24182074528958,20.680058714173,-0.603930062938094,-5.63055211224697,0.54957128138378,0.856094249166275,0,0,0.940379921122918,0
"P16152","CBR1_HUMAN","CBR1","Carbonyl reductase [NADPH] 1","=""CBR1""",23.881129023762,24.5354234649811,24.3099052968803,25.0555030313979,24.3554862356143,24.8286122881655,24.5348762190398,24.9239535527372,23.7297820215082,24.2084975094771,23.9933359280575,24.9451162333522,23.8554221701025,24.2009645909025,24.657828058574,24.5248921215642,24.7144217669182,24.7038040919059,24.9595743160883,24.4948759185962,24.366695850779,24.4276437708053,24.7097208939176,24.0658206284653,24.8068977751838,24.1486717937843,25.5153168047062,23.9735065596347,24.297693059482,24.6455926014053,24.8596321241765,25.7275433167584,24.5456540152509,24.9929816115044,25.1500526268403,24.0223162123276,24.7590306096362,24.8377331670756,23.7682751107294,24.5775181442611,24.2810516488453,25.232209499237,24.1994581123203,24.2269784170943,24.942286924822,0.158151789908633,-0.119394431976704,0.43569801179397,24.5443041137482,1.14696351075208,-5.01703399824963,0.257322357306735,0.782013090941701,0,0,0.806800139809003,0,0.117839572509538,-0.158089040902629,0.393768185921706,24.5443041137482,0.859617463379352,-5.61470999405765,0.394453880213492,0.802565618275863,0,0,0.896174059509465,0
"P16219","ACADS_HUMAN","ACADS","Short-chain specific acyl-CoA dehydrogenase, mitochondrial","=""ACADS""",23.8060396246654,23.2527307157884,23.5662069940862,23.6361643223195,22.991217183581,24.3806409734625,23.8368825515781,23.3524863534676,23.5075767231899,23.838306934335,23.7539433384897,22.9303881893009,24.1052212577743,22.2306823507203,24.049727132896,23.7199770916126,23.6140411597771,23.347666515289,24.2297552943431,23.5292114949762,24.2266333825246,22.3061825958058,23.6832626253585,23.5056028087456,24.0591005294596,23.8520772730465,22.4406425037654,24.349103104158,21.5259697594397,23.7218201854718,23.4576334003201,23.166588828767,23.3225096779274,23.947717909458,22.1827352584156,24.0930612330631,23.4922254810038,23.6813764532168,23.4229839588973,23.9421548481175,23.7209011123013,22.3568571496442,24.3574992315118,21.6134077832959,23.8420870227873,-0.0602343591091419,-0.47160119705999,0.351132478841706,23.4655333404035,-0.294731005235097,-5.54925409771337,0.769524274010836,0.948679518362231,0,0,0.9843434926837,0,-0.100753798336406,-0.509723087950512,0.3082154912777,23.4655333404035,-0.495885649639066,-5.84765939239925,0.622334057242266,0.885234347493014,0,0,0.953338412309428,0
"P16298","PP2BB_HUMAN","PPP3CB","Serine/threonine-protein phosphatase 2B catalytic subunit beta isoform","=""PPP3CB""",20.8014522626376,22.1804349310351,22.281112783596,21.7665052840875,22.3601836704395,22.0862146582863,21.9553639010076,22.1000258364453,22.4026667851242,21.9881898909743,22.1847271709772,22.0627639430078,22.1739210293626,22.630656510195,21.6916720427499,21.6259421309687,21.461701886449,22.1783580433055,21.6460066792684,22.1183111276936,22.1486397440088,21.946236650603,22.229052289752,22.4300048999016,22.0007104059761,21.8978657633455,21.4627557451617,22.0754333082372,22.4138709261417,21.7214109751281,21.3959309339253,21.2563764266201,21.8994675248677,21.2644101899933,20.7446359282745,21.7613582863789,22.2104521713067,22.1256895580086,22.2934214609742,22.2832820540676,22.1331132736624,21.3322435930087,22.1232704525882,22.524115708393,21.5929430904556,-0.0927647089770467,-0.362630001261264,0.177100583307171,21.932508931742,-0.691905150366198,-5.3777721450835,0.49247161408934,0.896077533266722,0,0,0.936405232519088,0,-0.161039328227744,-0.429331778408589,0.107253121953101,21.932508931742,-1.20818741742464,-5.27882783874787,0.233144400535423,0.714839559457683,0,0,0.790974992615544,0
"P16401","H15_HUMAN","H1-5","Histone H1.5","=""H1-5""",NA,17.2094816422776,NA,17.8522679686611,NA,NA,18.0285325807272,NA,NA,NA,NA,NA,NA,NA,NA,NA,NA,NA,NA,17.8539612130774,NA,NA,18.6698705687252,NA,NA,17.7617094163186,NA,NA,NA,16.6738720224938,18.1600375036543,20.1245952232271,16.6622206735585,21.08042360933,17.7047150305754,NA,NA,NA,NA,18.0889588855804,18.3203738805433,20.7528207825665,21.0958211313689,20.1036953423918,18.7628419721272,0.350295829490246,-1.34526632902499,2.04585798800548,18.6058999692891,0.432346709184672,-4.98643336223361,0.670346273368537,0.942492860389654,0,0,0.86926728252101,0,1.32752956275979,0.0216352658315171,2.63342385968806,18.6058999692891,2.12738984718075,-3.75624806556512,0.04667458608993,0.407484700279197,1,0,0.0171066506093183,1
"P16615","AT2A2_HUMAN","ATP2A2","Sarcoplasmic/endoplasmic reticulum calcium ATPase 2","=""ATP2A2""",28.280238105891,27.7091610062699,27.7754632185929,27.3650327570378,28.3735271272493,28.2756063929261,27.4984541076088,28.0881864622497,27.976323946064,28.0088291586239,27.4292254248668,28.2319273812832,28.2484295994102,28.2304371330318,27.4462270981545,28.3625422688894,28.0790703560844,27.2572050708429,27.7427989687453,27.5162868134263,28.1002651847608,28.3406268402578,27.7329952437894,27.6823268765387,27.9593214294078,27.6164705337607,27.979194917371,27.4316553452201,28.1138489070001,27.6356130585944,28.1578927364286,27.6678261590295,27.3971486533543,27.6572440528326,28.566279916019,28.3980176882653,27.5546144931552,27.8237869801456,27.6525953174574,27.711834207954,27.5589869297363,27.8520786960449,28.0194441615937,28.146910099469,27.4229964367568,-0.10032491194471,-0.329349284636899,0.128699460747478,27.868332161382,-0.881734623752299,-5.24815097258235,0.382500532401864,0.858249715306431,0,0,0.908087288802201,0,0.00249564757021048,-0.225193914064877,0.230185209205298,27.868332161382,0.0220623080495248,-5.96459957297385,0.982493593771625,0.996679330152285,0,0,0.999955924202626,0
"P16671","CD36_HUMAN","CD36","Platelet glycoprotein 4","=""CD36""",22.0266210359887,21.3543566018695,NA,21.7204694377245,21.8225297116885,21.7809691650825,21.0315776033023,21.5493932630169,21.2184917540483,21.5083648479687,21.2249868151809,20.9781853351477,21.4279113374192,22.1527211406925,21.4581520577242,21.7555646790538,20.9848968336442,18.4814581284932,21.3898463840816,21.4349526964531,21.7101419452439,21.7149696711879,21.0596488122673,21.3488626820842,21.2306537300709,21.0383348273885,21.1529778433458,22.1717478901826,22.405541620709,21.0875934160862,21.5309919233251,21.1564098810846,18.2302206883955,21.1466493586518,21.7940116619876,21.5135117622934,21.1451506893522,21.2584172024233,21.3827991186332,21.2818971976916,20.9533027939008,20.9557261844192,21.3983792273935,22.0478544897567,21.0303794068358,-0.200474053030124,-0.649758446931448,0.2488103408712,21.2965368830293,-0.898685391373092,-5.22234636440348,0.37359960319144,0.847616168637045,0,0,0.820877929567192,0,-0.142765971609862,-0.582065468617335,0.296533525397612,21.2965368830293,-0.654537968339783,-5.76103879265714,0.516093901442273,0.834663611429138,0,0,0.909886952898619,0
"P16930","FAAA_HUMAN","FAH","Fumarylacetoacetase","=""FAH""",21.1904546376247,21.26418028527,21.5855023800824,22.0686663783718,21.3336337655488,21.8200141759174,20.5739750312738,20.8006776544019,20.5694143752733,20.7707478154982,20.3011579073771,21.3487330434692,20.9545335730978,21.2248865209052,21.5152465367694,21.2563873075699,21.5990224262795,20.8064730677244,21.8384561551514,20.6249487653653,20.709278505629,21.0064028885918,21.5073246927499,21.2088536195884,21.1220860134888,20.3685869325381,20.9703212484895,20.9512873252693,20.8020237374362,21.278719565664,20.9584101588066,21.0488714922757,20.827983674435,21.8381691057601,21.4110216189851,21.3100807903427,21.1058059868345,20.8965710521606,20.8432148678511,20.1841268153977,20.9543201627938,21.1122010868545,20.4595340755419,NA,21.7763754603824,-0.0921476783943831,-0.379690234753047,0.19539487796428,21.09315187911,-0.645435893260017,-5.40479016028482,0.521919338509216,0.896077533266722,0,0,0.941841467955866,0,-0.0207840809790838,-0.31144076343983,0.269872601481662,21.09315187911,-0.144019519754533,-5.93941152208795,0.886127518330713,0.975133831606227,0,0,0.997490474869578,0
"P16989","YBOX3_HUMAN","YBX3","Y-box-binding protein 3","=""YBX3""",21.3770196584461,20.9750238603566,20.82863815943,20.9131709909463,20.5931246117408,20.521625292608,20.4959812759508,20.5074581047352,20.4276129804388,20.8794542390743,20.5918472613378,20.7284068528691,21.4402770131604,20.4964275708225,20.5944298374648,20.5185766955721,21.4835947223861,20.6472483338276,21.022616700613,20.2504831441397,20.3173641720545,20.622027049282,21.5698824375626,20.720004900915,20.6906507020068,20.4365242905072,20.2403248233498,21.2690946194774,21.2115527829656,20.7802027878383,20.5857809863598,21.1676642464319,20.6842542337956,21.1266060939334,21.0909414943851,20.565607537985,20.6576444922935,20.6174506528539,20.889634595288,20.7333968770812,20.9417505517346,21.2616156637942,21.1116885654231,20.5692310438746,20.8775497818426,0.0278488666288794,-0.208217394114165,0.263915127371924,20.8006991708657,0.237456692518634,-5.56266197609816,0.813356018140404,0.948679518362231,0,0,0.994263321991767,0,0.0733779103052576,-0.161312497504126,0.308068318114642,20.8006991708657,0.62933344145089,-5.77643450763408,0.532241299234095,0.842086525977547,0,0,0.954778034789368,0
"P17152","TMM11_HUMAN","TMEM11","Transmembrane protein 11, mitochondrial","=""TMEM11""",21.3360246520755,21.3951316984715,20.7663513576923,20.8745551282095,21.3819971304049,21.1704164273875,21.9109177176112,21.5427708710979,21.5584766039047,22.0803801452325,21.8176147295413,22.049314602597,21.6355631017465,21.4156718627191,21.7559839013722,21.9908832965187,21.2817328473646,21.5107333081424,21.3784557272562,21.5651176031591,21.176525234049,22.0844161056871,22.5806850579314,21.8377283329447,21.8227195398485,21.7668329570794,20.8160724607002,20.8471709866625,22.2104895239164,22.1829027505878,21.5703216545056,20.3435090000012,21.6795701780212,21.3133012116267,20.0091001581115,21.4648368847698,22.0419798408325,21.7701648395475,21.9887836155419,22.0162728787102,22.0484007479319,21.2101156311217,21.597666134508,21.8846389186406,21.5906952012889,0.152315257065222,-0.178732997355331,0.483363511485775,21.5616220568238,0.926110728894144,-5.21350034304036,0.359217671908153,0.838764416179628,0,0,0.855606731713466,0,-0.168207255779251,-0.497326078562288,0.160911567003786,21.5616220568238,-1.0287333389441,-5.46521645089167,0.308979327636134,0.75924065353076,0,0,0.820734005852268,0
"P17174","AATC_HUMAN","GOT1","Aspartate aminotransferase, cytoplasmic","=""GOT1""",27.4516488703636,26.9681249390539,27.1996962123286,27.1700574282822,27.6138189682286,27.4849816918516,27.3341439306847,26.6751596536037,27.2133200781944,27.1535732528836,26.9304550754761,27.3222922602986,27.4123845118333,26.9501857307663,27.4718397254594,27.2119429314683,27.0751426904475,27.1260067386641,27.2275135764709,27.0657772610417,27.1737085178545,27.4450087276007,26.7326027965786,27.1403861933272,27.3877359823102,27.013009818718,26.9040822081166,27.291774744756,27.0616022147722,27.3593950473461,26.7740440678134,26.3135726500822,27.079334493256,27.072852681358,26.9654565893323,27.2363581900632,27.2661038097451,26.6646893081878,27.0935960244958,27.1110761125861,27.0831720292921,27.0190768771003,27.3238326164657,27.0698226038236,27.3167617543024,-0.080063121891186,-0.249374327069971,0.0892480832875991,27.1323804797041,-0.95182614369781,-5.1926747738247,0.346155502643065,0.831497302682968,0,0,0.918570760623925,0,-0.121729309437896,-0.290053726764772,0.0465951078889801,27.1323804797041,-1.45565631385852,-4.97635615578448,0.152272975867529,0.643344844589538,0,0,0.7952455401149,0
"P17540","KCRS_HUMAN","CKMT2","Creatine kinase S-type, mitochondrial","=""CKMT2""",26.7302577949893,27.4631257018352,27.3345934046845,26.8202357449174,27.4097609187538,26.9350712575357,27.3251844925914,26.8272637274197,26.9164958048414,27.3323134768058,27.5871945711979,26.9074969946946,27.16076373165,26.358995811258,27.7573871025888,27.3295574509818,27.1491280443973,27.6432917843488,27.5069447730097,27.6437873339395,27.2314437723264,27.5479188960994,27.4366144164079,27.1097171679352,27.8738475330604,27.7037755197963,27.3359141770511,27.4215525965361,26.8365970289953,27.8342963456858,26.7395741207972,27.0048644126889,27.658355264433,27.5051005776241,25.9855528124275,27.1763143638417,27.6323399779331,27.1038375155049,27.1958071447859,27.7985199020301,27.7757821375331,27.31770530233,27.707596559662,26.7093019903187,27.7546174895248,0.31344010922097,0.0534770628656328,0.573403155576307,27.278573265506,2.42691050956743,-3.16593642390215,0.0191997324279167,0.473767971577395,1,0,0.289678226254565,0,-0.169274484609058,-0.427722401615349,0.0891734323972327,27.278573265506,-1.31834559933789,-5.15058309895466,0.19390913704511,0.678189083962813,0,0,0.757545224758761,0
"P17568","NDUB7_HUMAN","NDUFB7","NADH dehydrogenase [ubiquinone] 1 beta subcomplex subunit 7","=""NDUFB7""",22.9144083135459,21.6487280482262,21.4661297274974,20.8334318174825,20.4454816185871,20.5266890422575,21.7884572719064,21.8449336257487,21.4906998048607,21.9749075100509,22.041823878588,20.9455040197173,21.9806276407335,20.8397874433359,22.2807196441914,21.5995802061309,22.2311297601804,21.3848786845861,21.0824276192903,21.8226351730696,21.7115703351266,21.2951528979844,22.3535510887882,22.0792994059288,21.6715884088897,22.6959267542657,20.8517446598309,22.5258815325825,21.4795825241879,21.7827373499237,21.2361267533544,21.3324696624956,21.8601698778687,21.350527093493,20.3534537117618,21.8585199500842,21.7785941352168,22.2525416255291,21.8487867457741,21.9359110451575,22.3335726221736,21.1700649856594,21.3572253068838,21.4752739591343,21.8739182693092,0.24280301569349,-0.126460414396017,0.612066445782996,21.6357149233642,1.32351414425773,-4.83187569088225,0.192199176884698,0.735164347255353,0,0,0.670027626579735,0,-0.170035377124659,-0.537146648019611,0.197075893770293,21.6357149233642,-0.932292908321639,-5.55361702832681,0.356048564033628,0.787207606027729,0,0,0.838958936069625,0
"P17612","KAPCA_HUMAN","PRKACA","cAMP-dependent protein kinase catalytic subunit alpha","=""PRKACA""",24.5958378360325,23.1511378559051,23.037565906523,24.0561880921845,23.507487576857,23.8424063780385,22.9764006327438,23.3680908212343,23.1532216859854,23.3764810284289,22.8041539122253,23.1222467802754,23.6898091959015,23.7915740084127,23.1706945408315,23.5500812440631,22.5308990623699,23.1115685453424,23.7928831210602,23.1462520798427,23.4378058364994,23.2815050874554,23.1771167788347,23.1487797403214,23.6575255828817,23.3987762696801,23.1984333634568,23.200689713323,23.2020459465042,23.1580960061282,23.537759829187,23.1734509589369,23.1524518702265,23.4677466314319,24.2511103600299,23.4386194588031,23.0573141673633,23.3112809058826,22.8436475668428,23.0665450118718,22.4276450114455,23.1490105518919,23.2115685799238,22.8530477538605,22.8213598071272,-0.181509910873498,-0.444428546641257,0.0814087248942615,23.2977402909815,-1.38959992924827,-4.75631966113994,0.171333941028629,0.726731884094588,0,0,0.725997265081091,0,-0.0819933275292115,-0.343379608037068,0.179392952978645,23.2977402909815,-0.631402842652707,-5.77519915667477,0.530899633419071,0.840664945405658,0,0,0.949407927508761,0
"P17655","CAN2_HUMAN","CAPN2","Calpain-2 catalytic subunit","=""CAPN2""",20.3321559180297,21.2182347056994,21.0425827903381,21.6246405079629,21.6154806528731,22.1006751976632,21.0142819798968,21.4120380830406,21.002864676964,20.509751173708,20.5283179546855,22.2022271208089,20.5101064061098,20.9104524381349,21.4782011607487,21.2665536938747,21.2450220022279,21.6053079412864,22.319721781012,20.7998613775856,21.5277707852063,21.7783876683888,21.524361189898,21.041475686636,21.0464365054694,20.5411916931488,22.1231827569557,20.7640481018163,21.4838661916121,21.9492423122799,21.527541063715,21.6842174457641,21.4180434249953,22.0679423835986,22.0745923433141,21.3423167667219,21.0270289205757,20.7495367237081,20.8360980082318,20.6538186614507,20.6509935394355,21.7673088015804,21.5697106756287,20.7095589986559,21.1843444074167,0.231054231910999,-0.102530451324772,0.56463891514677,21.2840331693079,1.39417931756843,-4.75095995633971,0.169955594785198,0.726731884094588,0,0,0.663996441974521,0,-0.116891834840345,-0.448532303500049,0.214748633819359,21.2840331693079,-0.709459266424672,-5.72570198458211,0.481617115162006,0.834663611429138,0,0,0.918143246993513,0
"P17661","DESM_HUMAN","DES","Desmin","=""DES""",25.3200679270585,23.6186697118872,21.5667224248487,21.2660038565766,22.3887756768273,21.303047528447,25.0924807964811,22.1809642878656,23.1714544831655,21.4342501158168,24.3413584587836,22.2262112872874,21.489048320705,22.5970837027529,20.728540985481,21.607346323749,22.5852675769559,21.9433277336231,21.2825867159886,22.2978662017046,23.70179589802,21.3256826974602,25.8920409384354,22.4542695012793,21.1898961366027,22.0820275524691,21.7400790791296,22.4150019756113,22.4070358561471,22.1502147655714,22.7195079338632,22.7494538146903,23.083816245844,22.0376647880101,23.0455668695591,22.2573817952312,21.611449692047,22.5666643831007,22.6825325069291,23.5632337959032,22.9635903047689,22.7411828119729,21.9813943251654,22.8570545393129,21.8365712735888,-0.189967205530387,-0.921522169315712,0.541587758254938,22.4999151910382,-0.522687943548824,-5.46750682938101,0.603697723400202,0.923983206133899,0,0,0.908579429723303,0,0.241508408482648,-0.485782870861326,0.968799687826622,22.4999151910382,0.668397298269388,-5.75244387332687,0.50721735646648,0.834663611429138,0,0,0.84879321207219,0
"P17812","PYRG1_HUMAN","CTPS1","CTP synthase 1","=""CTPS1""",NA,NA,NA,17.074561811137,14.9554221400653,NA,14.021089836241,14.0983199431714,13.6906046157429,NA,NA,NA,NA,16.1564267385121,15.5836282002963,NA,NA,NA,NA,14.4429740510646,14.1371321818933,14.9450074804354,NA,15.7152800602561,15.8170457817135,16.6124874001791,NA,15.6738163149777,NA,14.0955780489604,NA,14.3318857504685,14.0111899053969,13.8389340559496,16.8953082844203,NA,NA,16.155823365148,NA,NA,14.1137912173544,14.2562863347142,14.1473384488756,NA,16.7241355555878,0.139795723061082,-0.962813792820898,1.24240523894306,15.0622528134401,0.26109947971668,-5.2822420627616,0.7961512109808,0.948679518362231,0,0,0.968633762663043,0,-0.239076956087178,-1.2692665818099,0.791112669635544,15.0622528134401,-0.47791911786144,-5.60360025650857,0.636853490640873,0.894897090182027,0,0,0.897739570008396,0
"P17858","PFKAL_HUMAN","PFKL","ATP-dependent 6-phosphofructokinase, liver type","=""PFKL""",24.3147700095583,25.7637278895613,25.9965494128385,24.6850203134364,25.6041411707918,25.2803866165213,24.8906177633296,25.4543132167544,25.599735346686,25.0350705519641,25.8564847583912,25.5545753203322,24.8321261213606,25.5905639650816,24.3195453412311,25.8309286135457,24.6480761148869,26.3333395394382,25.4081322974713,25.7241049001236,25.6049920011023,25.3676474060304,24.1960375639309,25.1032585147514,25.5234768427922,25.2427090625706,25.7199355355783,23.2932986757143,25.7413349838178,25.6831997440414,25.6398851497896,24.8540118736382,25.8460794608122,25.2318599882901,24.0763464533371,25.0142955849621,25.5772898977666,25.4602987670613,25.381832111295,25.7056072363157,25.1799223891256,24.8735810917736,25.4614702795245,25.4991323277664,24.8433572268006,0.0338685494279609,-0.367167584661466,0.434904683517387,25.2631793207087,0.169990206424556,-5.5747625252989,0.865762604603553,0.95848719206779,0,0,0.995129931065235,0,-0.0517001305024465,-0.450398926168948,0.346998665164056,25.2631793207087,-0.26101022767452,-5.93230330365771,0.795248609529459,0.942866632673364,0,0,0.98822534467707,0
"P17980","PRS6A_HUMAN","PSMC3","26S proteasome regulatory subunit 6A","=""PSMC3""",22.0347899506503,21.8443948183605,22.4069506880816,22.4699194660104,21.6762440878901,21.7013826019506,21.4104523327765,21.9592183565502,21.6851859890484,22.1289334682454,22.0095158500326,21.750317860485,22.278223600887,22.0410357008982,21.9294120390281,21.4838783191299,21.5649619901161,21.7005307735594,21.882593201769,22.0381425049709,21.8622672869634,21.5313123312907,21.0635196040748,21.8825774340903,22.0854175461256,22.0883373814638,21.9994158025836,22.6445846354198,21.5788488452759,21.5673237320445,21.8607221924529,21.8217397805797,21.9508490332241,21.9800868983217,22.4434694905508,21.7455611532812,21.8656656147827,22.1506817071257,21.6973540039527,22.083371121724,21.6850681995747,21.9317664091577,21.5128877194951,21.7377801829102,21.7870634745776,-0.160752039009555,-0.377227012216468,0.0557229341973573,21.8789723373663,-1.49471917424837,-4.62928386252866,0.141810680992643,0.708378884160682,0,0,0.730525672685617,0,0.0853570395222221,-0.129856263651822,0.300570342696266,21.8789723373663,0.798327409639672,-5.662506241035,0.428779307330849,0.818304171032817,0,0,0.930269039836302,0
"P17987","TCPA_HUMAN","TCP1","T-complex protein 1 subunit alpha","=""TCP1""",21.7841447771678,22.6082472318955,23.1485466712137,22.4703599858623,22.6586760879951,21.966369009392,22.5605079431356,22.9010021316239,23.0456784894251,22.8130236202997,22.5709823864802,23.4460055188962,21.9401899494999,22.7052530775797,22.4871271779467,22.6763263127416,23.3772211002986,22.8723882610984,22.9525869942593,22.8537688639145,22.0231729987018,22.7229085314254,22.3625230958446,22.5527741308853,22.5482161408496,22.6982697741135,23.2002024143749,21.351534952236,22.7555274927329,22.9020796013285,22.837651912266,23.1442979078862,22.9901623434628,22.9278518064414,22.9523851672979,22.0019042495654,22.9149740006396,22.7503668271495,23.0749145944775,22.6466574654313,23.0135113872494,23.2950973237994,22.8877273230337,22.9912677095737,23.1606181095996,0.048156648270826,-0.219433009456467,0.315746305998119,22.7232222855798,0.362241111748062,-5.52976236895113,0.718829328279113,0.947417763940137,0,0,0.98422768843203,0,0.249325830871253,-0.0167042477173582,0.515355909459865,22.7232222855798,1.88645887590609,-4.33082456874618,0.0655491822042034,0.474471915813104,1,0,0.506920265022874,0
"P18031","PTN1_HUMAN","PTPN1","Tyrosine-protein phosphatase non-receptor type 1","=""PTPN1""",17.8990679454565,NA,NA,18.199484681068,NA,18.5237359733609,NA,17.9025867781764,NA,NA,NA,18.2595571294509,NA,NA,NA,16.6443163506244,NA,18.3741754048301,17.6004423170491,NA,16.6200652309343,16.8295372487735,18.5057155277481,NA,16.9985204237351,17.8329895334532,18.6225665729194,NA,17.5167411360566,NA,NA,19.8873021581743,17.6326675403552,NA,18.6979650347785,NA,NA,NA,NA,NA,NA,18.2711490698467,NA,NA,16.7896499274422,-0.584503353898377,-1.37244551134234,0.20343880354559,17.8804117992117,-1.54249521314891,-4.40493378321922,0.137860081790373,0.708378884160682,0,0,0.314050099699174,0,0.612347931661319,-0.172915195654028,1.39761105897666,17.8804117992117,1.62148973880857,-4.48347697268866,0.119802860342611,0.593891809164898,0,0,0.272710141105149,0
"P18085","ARF4_HUMAN","ARF4","ADP-ribosylation factor 4","=""ARF4""",28.3397401996958,28.1799316430392,26.9079731703633,28.2761933816649,27.8302513968657,28.5419977202622,28.2048891819647,27.9275578397851,27.9730231255917,27.8345523740083,27.3134929572938,28.9724411128552,28.6576602710392,28.0604626888712,26.8843960512807,27.8813121757295,28.5592002396405,27.9136442988607,27.9014980009456,28.1368401406264,28.1944070646005,27.9207991609834,28.1864098023967,28.1533426621868,28.4134446563297,28.0721796632531,28.2427292857172,29.019464281436,28.6654389892741,28.0447364246763,28.0177976080512,27.8802190327522,28.072290007445,28.137018464831,27.8527856884085,28.1349695249346,28.5620074173956,27.8738570943769,28.2825555573138,28.1559717159155,27.9830767434645,27.5038818456991,28.1333741602748,28.367701969284,27.4345816651167,0.226905806853882,-0.057323875095363,0.511135488803127,28.0800466323667,1.60689311929433,-4.48462892193429,0.114915282371188,0.679806474125127,0,0,0.612060374913436,0,-0.194223890092864,-0.476797010699915,0.0883492305141861,28.0800466323667,-1.38351098087036,-5.06986481473337,0.173180015863952,0.656645627477197,0,0,0.711374143239431,0
"P18124","RL7_HUMAN","RPL7","60S ribosomal protein L7","=""RPL7""",22.4573019252942,22.8161723961416,22.2267289096208,22.5882951931745,21.7081667799889,21.3357429717434,22.7533599920334,22.7491524410752,22.7058678845825,22.8877405450979,22.5201897582677,21.2745300953883,22.7393181607747,22.0087477861697,21.8119051323273,22.3436901226944,22.4899690515422,22.2581612717905,21.7926706714695,22.1614428364193,21.8318309997407,22.480386400672,23.0649368662686,22.7315235812302,21.7758113485439,22.7626973489144,21.8587984242804,22.7801533884628,22.1769000366041,21.8688458551214,23.1080158952793,24.1957386502883,22.8047626722546,22.3195479494918,23.5069636102597,22.7888922912269,22.1128869936349,22.8553886782461,23.0394847033009,21.659962696573,22.9271006727904,23.4519800693501,22.4964323957251,21.7875073815,21.1942644885692,-0.00386738215965465,-0.395005903652735,0.387271139333426,22.4268881627539,-0.01990202693345,-5.58731703786738,0.984207529614614,0.994170205726855,0,0,0.999938438971712,0,0.391407396315735,0.00254852749546802,0.780266265136002,22.4268881627539,2.02603913336733,-4.09120035500484,0.0485778089163946,0.41674318444769,1,0,0.306099124360185,0
"P18206","VINC_HUMAN","VCL","Vinculin","=""VCL""",23.297103108039,23.5020307693522,23.6269967830926,24.1853464769398,23.8652873098473,24.1259091212962,23.8535878191141,23.892566254298,23.6938663361127,23.5550837544662,23.5613800808358,24.2998194054636,24.0047079424431,23.8385784336466,23.7436892926376,23.1153361202051,24.0497828443392,23.6670645680083,23.8770350530434,23.5267111357707,23.7814539734477,23.8379619982629,23.8839720505282,23.7257235494222,23.5205701150824,23.5144404591593,24.2631043697161,23.7498202626946,23.8391830418966,23.6841876506633,23.3530863474779,23.8328135358989,23.4950939620877,23.9930190783673,24.0714628164839,23.5063056227222,23.5859039844482,23.591057295334,23.7458953187226,23.4519248681385,23.5776212493366,23.7317061849848,23.6856500126066,23.8738818445368,23.9602339840639,-0.0665637376266943,-0.242553800033071,0.109426324779683,23.745287915223,-0.7613079495896,-5.33390277513038,0.450355142709768,0.882100568778637,0,0,0.948285990007007,0,-0.038712739135331,-0.21367708764725,0.136251609376588,23.745287915223,-0.445364039112798,-5.8702668735499,0.658143787431419,0.905507449629859,0,0,0.983935658505466,0
"P18621","RL17_HUMAN","RPL17","60S ribosomal protein L17","=""RPL17""",18.2020145900217,19.4429104819526,NA,18.3334045001255,NA,NA,20.1467596735427,19.2108438993807,19.7971479669581,NA,19.6286600416045,NA,19.328429536339,NA,17.4819278072941,19.2752200657606,NA,19.6245641268973,18.561989862074,19.2428927972566,18.344871067138,19.4332299614831,20.1318116654246,20.3039411358075,17.9872872117937,19.2956975582388,17.4172035432433,18.8638049729802,18.309581939229,18.0098132505772,19.4112749389405,19.6201769851006,19.2661276458117,NA,19.3516079248813,20.1574355700413,18.5398595601082,18.6752743871057,19.9500780535584,18.4468332612678,19.1179322364376,18.0233381819698,18.0372439841192,18.4247532956566,NA,-0.0715809520229698,-0.65487744834971,0.51171554430377,18.9832206577811,-0.248640898033724,-5.43262575196674,0.805012020229297,0.948679518362231,0,0,0.984594133116927,0,0.0333350059062241,-0.490375614406256,0.557045626218704,18.9832206577811,0.128965521503176,-5.90950022193953,0.89808266401702,0.977865538778253,0,0,0.99642312713332,0
"P18669","PGAM1_HUMAN","PGAM1","Phosphoglycerate mutase 1","=""PGAM1""",28.9877978194555,28.8101969536441,29.2766588317389,29.0856679298886,29.2885804987695,28.8769468423506,28.8000699986366,29.0251539843158,29.1972182835646,29.0388255531553,28.2211134339898,28.6393028672384,29.1535055787833,28.3231328845486,28.9488604332838,28.8905400177307,28.4136789076487,28.7964675281853,28.9366440262492,28.8829061840321,28.91404490547,29.1882865437713,28.4574382504791,28.6625862521236,28.6649754767658,28.5720388733755,28.8039466329684,29.2899607477629,28.6999715029662,28.7891371928485,28.7706332237804,28.7138634989961,28.966403824542,28.6804180863,28.2236373580452,28.5502858364056,29.0718216954247,28.5269811908298,29.205570442787,28.6822025551156,28.9485203257729,28.7674992864185,29.0827974730079,28.9699339439679,28.846818502011,-0.122539667557987,-0.318720047637208,0.0736407125212339,28.8365120484255,-1.25727979444133,-4.90421038046129,0.214992838763833,0.752472233109963,0,0,0.828314870464334,0,0.00298428006850315,-0.192052711918709,0.198021272055715,28.8365120484255,0.0307987718026147,-5.96437889439366,0.975563145348619,0.994837749030534,0,0,0.999926170473518,0
"P18859","ATP5J_HUMAN","ATP5PF","ATP synthase-coupling factor 6, mitochondrial","=""ATP5PF""",23.3066758663743,23.0720691537408,22.9473349791537,22.6415981813751,22.653987396268,22.6665776407067,23.2583183409781,22.4656447590182,23.2286098250711,22.7837934724625,22.9422394907611,23.0478922049308,23.7846996586405,22.6355596456493,23.2549435040514,22.4689782744817,23.1051050267245,23.1950063915592,22.7511200619431,22.5611103141194,23.0351307104528,22.9463267337995,22.5791382255609,23.0039002548822,22.8345880757093,22.929600961342,22.5212448571003,22.5478757220386,23.4015825340444,22.969725869284,22.189385561518,22.8710185604627,22.6374953503485,22.4822861139127,22.5444640318162,22.7925278075339,23.3668681920376,22.1291940196135,22.9591463980131,23.1891894295061,23.2071030368743,23.0643371444969,23.1004426815772,22.5069889798768,22.8160486972686,-0.126183097362258,-0.358773060019193,0.106406865294677,22.8754860919351,-1.09199594236078,-5.0696313057066,0.280516298267053,0.79858693921071,0,0,0.851807859824458,0,-0.0662625338790441,-0.29749690433295,0.164971836574861,22.8754860919351,-0.576801606845378,-5.8064585152378,0.566883127412667,0.862573310642818,0,0,0.963087745249896,0
"P19237","TNNI1_HUMAN","TNNI1","Troponin I, slow skeletal muscle","=""TNNI1""",27.954143491878,26.6409132830432,23.2613785337388,25.2299470877071,24.8209727678483,25.064040764679,26.9301063201996,25.0054741931169,26.3545463305953,24.8765019543035,24.9649521919765,25.0137621133934,26.1264329578832,25.126271424735,23.9885258905638,25.3197909978687,24.353386104228,23.3734672425986,23.8621353995709,24.949588645865,26.4543319703243,25.2521037989565,27.4000973249116,24.779798762436,24.4797826495547,25.2762806800794,24.7924732401641,25.8356850320798,24.8168240119258,24.2591828524239,26.1411992129569,24.6576897167127,24.3823927582124,24.0225424495962,25.7354691672225,25.7966768022563,24.3066906104381,25.524504612229,25.4707041382076,25.9514210310484,25.7842167756719,24.9512151694105,23.8947448879072,25.139673770964,23.3009292360433,-0.385983356665843,-1.03291998430749,0.2609532709758,25.1471770746117,-1.20092987367814,-4.96304494068503,0.235920435894029,0.766516808651113,0,0,0.572661446844073,0,-0.00965722494066767,-0.652823344868792,0.633508894987457,25.1471770746117,-0.0302231689051664,-5.96439567838766,0.976019706004678,0.994837749030534,0,0,0.999765622457145,0
"P19338","NUCL_HUMAN","NCL","Nucleolin","=""NCL""",20.9177669558897,20.2716707673047,20.0614808156889,20.5935295128607,20.220259109274,20.3719358081278,20.7292959973313,20.3142670240286,20.4316473270478,19.9054263489969,20.1596449204343,20.339996982207,20.7627427265871,20.0767615442776,20.7701356585735,19.8065671778943,20.1621098253957,20.0611176750665,20.2464845976782,18.9263311576383,20.1965676352054,20.5510019283304,20.6618799040503,20.3134387360947,19.4900673100414,20.2169301602374,20.5226842035328,20.8428684151031,19.8891830349091,20.5024668850773,20.5829016565673,21.5438893483817,20.5236666392283,20.5580303716419,21.329201406116,20.5166562503391,20.1040724356956,20.1866687750804,20.0845668882771,19.809639619684,20.3647705440059,21.315305606135,20.9680106695728,20.3288200650417,20.4972495757764,-0.230595671193299,-0.527411991852356,0.0662206494657575,20.3784379999206,-1.56377470192052,-4.54132904666261,0.124718664652806,0.687402872621279,0,0,0.618764951937302,0,0.421583413685884,0.126497012432725,0.716669814939043,20.3784379999206,2.87571028129669,-2.35087444952958,0.00608665230397008,0.235314871610749,1,0,0.116394034439888,0
"P19367","HXK1_HUMAN","HK1","Hexokinase-1","=""HK1""",23.8612143995893,23.8796783670665,24.0527312444741,24.0221590184606,23.2294904634623,23.7375967444236,23.9394833535938,24.030502119286,24.1069751100885,23.40105272082,23.9763081665714,23.8274143673583,23.9413163334155,23.4899239637649,23.6463480918462,23.9793245813656,24.4493225233569,24.4963471903791,24.0950931354727,23.7453694847202,23.90084415954,23.7486239491385,24.2387134197609,24.1205689329252,23.8395532422172,23.8362372295989,23.7106422216608,24.020529389649,24.1801759551931,23.6373548946283,23.9137694185882,24.4849624992135,24.6008340314887,23.8455190333564,23.7392263767117,23.9318385235439,23.9557426139178,23.9873884732385,23.976975453816,23.7340339928113,24.0285411766555,23.845663486954,23.8101474444881,24.0173053718919,23.5051823298437,0.194817986148475,0.0146482837544051,0.374987688542546,23.9226227777855,2.17649712818464,-3.61426285450302,0.0346840106947548,0.501991483032482,1,0,0.519506436191104,0,-0.0414380055391383,-0.220557634056428,0.137681622978151,23.9226227777855,-0.465657362743717,-5.86147468132686,0.643656126989918,0.898466278807854,0,0,0.9819084547905,0
"P19404","NDUV2_HUMAN","NDUFV2","NADH dehydrogenase [ubiquinone] flavoprotein 2, mitochondrial","=""NDUFV2""",25.2596172574964,24.8867245412483,24.66996975218,24.042043425547,23.9171314090884,23.8973070027015,24.6642209524305,24.8918178712153,24.8083760481462,25.384455009095,25.1906496574569,24.2714350679968,24.8258336110538,24.5829561932149,25.1528839652911,24.8918391247293,25.516490072133,24.5730765343846,24.1257392768928,24.8844622284406,24.701980516608,24.4234896550175,24.9125215295913,24.9198101054135,24.7201059044186,25.4533027403302,24.6123698932938,24.7438265263381,24.6576849876188,24.6364695903308,24.5658963706619,24.4571761269444,24.776361997116,24.7612660104987,24.1632468005412,25.1915222509391,24.696106151972,25.3998928999814,25.2193296797241,24.9929341107856,25.241502098443,24.3784053759828,24.4218280437799,24.670216841441,24.7863110527369,0.0928838550439863,-0.173966381123259,0.359734091211232,24.75423525025,0.700621483983837,-5.37248691915258,0.487065043311082,0.896077533266722,0,0,0.935366631249416,0,-0.00341152493286856,-0.268706491494356,0.261883441628618,24.75423525025,-0.0258839379104824,-5.96451201552473,0.97946177736612,0.99573365040918,0,0,0.999929206318985,0
"P19623","SPEE_HUMAN","SRM","Spermidine synthase","=""SRM""",15.6712396963588,17.7126505944091,16.9933155974291,NA,18.091898193666,18.2074506704944,17.6077543607174,16.7889369352628,17.4729261634155,16.5650319782346,17.2515352811571,18.0044379259081,NA,17.9507545021365,16.2034542889256,17.4948199753949,NA,17.4760508985513,17.0180466158316,16.3809432313816,17.9823835438776,17.8211411557958,17.2246787181983,17.2667851421695,17.6706863940555,16.866037704152,18.9387598592032,15.4760891136712,NA,17.5901251037888,18.8443838699422,19.5450255142331,17.615409187086,17.6721621929331,16.1405219016332,NA,NA,17.5813343753654,17.0046441134187,17.4458810873657,17.6876478135798,18.9070186577601,18.0607335179752,17.302745942491,18.8576241726581,0.105946009614311,-0.488372271612759,0.70026429084138,17.4972581023238,0.360275036593147,-5.4730481514411,0.720535029490677,0.947417763940137,0,0,0.965870997967358,0,0.573539038316575,-0.0172555510117666,1.16433362764492,17.4972581023238,1.9619825070165,-4.16197247671581,0.0567415660928959,0.447521680709845,1,0,0.192891797638247,0
"P19971","TYPH_HUMAN","TYMP","Thymidine phosphorylase","=""TYMP""",NA,NA,NA,17.7935104873623,16.5603210450091,NA,NA,NA,16.2089166056299,NA,NA,NA,NA,NA,16.5450800196343,NA,NA,16.5441697314637,15.8681474965589,NA,NA,NA,NA,16.1006583944841,16.3728634558348,NA,18.2236179834758,18.5010198876981,NA,16.2310313601786,16.3081337992469,17.0314207638558,NA,17.4885437555124,17.0198890854095,NA,NA,NA,NA,16.1409764765882,NA,17.7440391304937,16.3739068972436,NA,17.3827324768168,-0.0103553257380682,-0.92431762480339,0.903606973327254,16.8652094132893,-0.0236311686973426,-5.16969131100481,0.981380522179035,0.99364049692513,0,0,0.999805390565759,0,0.0847500497641391,-0.667140751744097,0.836640851272376,16.8652094132893,0.235090406779951,-5.62565227673007,0.81652399161204,0.949109076034338,0,0,0.982967964448115,0
"P20042","IF2B_HUMAN","EIF2S2","Eukaryotic translation initiation factor 2 subunit 2","=""EIF2S2""",17.0328472295868,18.5541116906259,19.4478448587708,16.9789494777983,18.7747424544192,18.5831953777866,18.5239421312169,18.405327938101,18.9738368936001,18.1567683258736,17.8616244233351,19.1068941996834,15.8784676481079,18.5330799417082,18.4884165164489,18.8254772808902,19.301603341047,18.6797379866666,18.2412793388957,18.5751360090836,18.6201811247532,18.3679841733333,19.0577648064878,18.5229159989703,18.188590313645,18.5104077136805,18.2188976989189,16.4056410647535,18.6052055168952,18.3785176890807,18.4667359736449,18.9401151525052,18.7273448873084,18.5556477133925,17.4107136950181,18.796340309345,18.425172001831,18.5741761381906,19.2442490818864,18.1372936479603,18.5775208329788,18.7284703565207,18.680049236124,19.2977290241038,18.1972220971847,0.219579566191673,-0.230555013817499,0.669714146200844,18.4124037624924,0.981884389195055,-5.16764156642044,0.331288528635937,0.826372714395847,0,0,0.784597877648286,0,0.150629339392868,-0.296881744228051,0.598140423013787,18.4124037624924,0.677511365896264,-5.74664295858754,0.50147209762951,0.834663611429138,0,0,0.901256416102364,0
"P20073","ANXA7_HUMAN","ANXA7","Annexin A7","=""ANXA7""",23.0132761988756,22.9248813381613,23.4919554173578,23.5219814279667,23.3894449820298,23.1413756145249,23.1197339417607,22.834490776791,23.0618947332053,22.6983923203042,22.90390744756,23.0123051445362,23.03444049048,23.2425897289237,22.992772164056,22.9672256551615,22.7409179534553,23.0280033113159,22.9723061981142,22.7951978307854,23.11117337786,23.0039613480082,22.8233100839331,22.6717231253303,22.6863428214379,22.7831160323553,23.2321698055625,23.444563236874,22.8877164520322,22.8071983083486,23.0163077567722,23.180199512651,22.9215908796719,22.852479649269,23.5032830831428,22.8144140849648,22.7783346221109,22.7525561786678,22.8823400667442,22.743284738907,22.9608962192393,23.2434981797416,23.0273799697164,22.8949774336286,23.1258151013018,-0.160180626704729,-0.325618398843177,0.00525714543371808,23.0007938831919,-1.9488846069809,-3.98818708185796,0.057417654371124,0.592177717107164,-1,0,0.632736841028651,0,0.0494954623970045,-0.114978097221541,0.21396902201555,23.0007938831919,0.605731423438859,-5.79024211824525,0.547667773626826,0.855787287125279,0,0,0.970639111925597,0
"P20340","RAB6A_HUMAN","RAB6A","Ras-related protein Rab-6A","=""RAB6A""",19.8793040633639,20.3559421344992,20.6918520665152,19.2810651892135,20.4541598627543,20.042037193475,20.218101391313,20.5408972421012,20.4378262268023,19.7776434311597,20.6322779237465,19.9943583896509,20.2607308432606,20.9332216507258,19.8549240682371,20.3806440121371,20.7971704414996,20.8565891154943,20.0814796003552,20.548139461098,20.5328296535571,20.6099140435355,19.723859015131,19.7531602823196,20.037447876952,20.1901228325544,21.1685796769672,18.1728597211972,20.9424914362599,20.4192591524258,20.5941323786602,20.7336582585386,20.6726810293461,20.4306047667696,19.8642606184243,19.7903419373856,20.338519428368,20.0576321034408,20.4098548922528,20.3819251498943,20.2493749666962,20.9978878012775,20.4682150936633,21.0906287200728,20.7858458584808,0.0550321261475233,-0.295032432516103,0.405096684811149,20.3207655778127,0.316430952024247,-5.54342346037114,0.753105666888455,0.948679518362231,0,0,0.984516772300395,0,0.176734445452457,-0.171289849818629,0.524758740723542,20.3207655778127,1.02216839527074,-5.47149737590676,0.312042256346257,0.760119753912049,0,0,0.813973165157968,0
"P20472","PRVA_HUMAN","PVALB","Parvalbumin alpha","=""PVALB""",NA,20.6755419567866,24.1909581807936,22.1913689598136,NA,NA,NA,NA,20.3727355886681,21.1136014526748,NA,21.3412436396535,20.6202504598345,NA,20.9010565457936,NA,NA,24.4335351319716,20.3494967868146,NA,20.1490462365879,NA,NA,20.8183170451815,22.5444559371805,NA,22.9595902858245,20.8036272448873,19.8238073154073,NA,20.7459257046411,21.0965479693123,23.0106498139133,20.9465262476087,23.2765434439574,NA,18.5920714569907,NA,19.5438029089881,21.6517801862112,NA,21.3687242353868,19.1444118003152,NA,NA,0.109230367356851,-1.08286608385536,1.30132681856907,21.2563698667384,0.187993425739802,-5.32072476075325,0.852285444779563,0.95848719206779,0,0,0.982692817666571,0,-0.591885660925342,-1.71830928409609,0.534537962245403,21.2563698667384,-1.07806943138784,-5.2012169900464,0.290526266092293,0.752907550241912,0,0,0.481135206616972,0
"P20618","PSB1_HUMAN","PSMB1","Proteasome subunit beta type-1","=""PSMB1""",21.7216002918193,22.4176107729857,22.2958032779876,22.4955451777416,22.2867678905485,22.6973465942271,22.5491962876886,22.274994719726,22.4717042215841,22.5147946863669,22.1196314366235,23.1762626457655,22.1380777964708,22.3041661310704,21.7259094723508,22.5544614818805,22.4819363549004,22.4748347437457,22.5298583323711,22.4226391406791,22.1946441508842,22.2675797461338,22.4011163625033,22.1833164130091,22.3443393624621,22.116451834319,22.2064133794314,21.9291039317354,22.4074237526469,22.2846087201362,22.2189071109712,22.3606975206647,22.2519941397392,22.3804857983461,21.7997323482497,22.3273988778225,22.3707551715157,22.1186167975172,22.6537951677539,22.302782315082,22.5837688057302,22.7013726607647,22.3019996495432,22.2346107872093,22.6828085161703,-0.0230738872706304,-0.220721918390284,0.174574143849023,22.3395081061528,-0.234984428379401,-5.56317595756081,0.81526281438612,0.948679518362231,0,0,0.995298367195111,0,0.0327331973494367,-0.163762891842589,0.229229286541462,22.3395081061528,0.335309090501697,-5.91117566338285,0.738915008790967,0.930140525332756,0,0,0.990144723484629,0
"P20674","COX5A_HUMAN","COX5A","Cytochrome c oxidase subunit 5A, mitochondrial","=""COX5A""",24.7184573355102,25.7040926568984,24.5674268559464,24.5518659851685,24.7093399222178,24.3601043420329,25.2759850220266,25.3684848824632,25.2720411775488,25.7783282337956,25.6163305057977,24.6983369245293,25.1522828584031,24.7675343876503,25.4409804037001,25.7179613371603,25.9006761081141,25.1373667763914,24.9308189184553,25.4235150506705,24.8790541119052,25.280128398451,26.0335070293316,25.6277356817878,25.1975193525465,25.9564088129314,24.9246420660885,25.580618651504,25.4499812772022,25.4248711930412,25.5226540727606,25.3060988429904,25.4161817846863,25.2023771079022,23.9820823358632,25.6495112856146,25.2530179031079,25.5639223536809,25.8421725022961,25.3593185517451,25.9348358734685,25.0495430966585,25.1528728610703,24.9180346462606,25.3081678662586,0.370335362165253,0.0890076471947534,0.651663077135753,25.2646041631919,2.64968028663448,-2.73711230240025,0.0110042041776518,0.424491504989523,1,0,0.188243465575454,0,-0.133600912081143,-0.413288979095412,0.146087154933127,25.2646041631919,-0.961493373621661,-5.52772940959907,0.341326842452067,0.778269017459071,0,0,0.866225861121808,0
"P20774","MIME_HUMAN","OGN","Mimecan","=""OGN""",22.1068083796615,19.7473633688816,19.9944402319139,21.1720915198254,20.1096571328447,20.1375909603369,20.2365649633755,20.0987008752322,19.6130258841879,NA,20.2461572518819,20.044821834552,20.6744110069861,20.3828056259965,20.5438272078826,19.1718039136968,19.2828055511285,19.6134889832384,19.6345052789286,20.4750874137396,20.7724448975447,20.7234091581565,20.3988752160015,20.7647617600169,20.0117176119242,19.882263433222,21.8338931667111,20.9618066377118,20.0274795150307,18.8452749213757,19.869119611913,19.401776555338,19.0323853967854,20.3453340457802,22.1623518327938,19.4101347990051,19.5227694608567,19.2899985740115,19.8241739766391,20.8948265094011,NA,19.6551131868869,19.8108557904487,19.1298275979961,19.7825550761998,-0.219304182422846,-0.735403995558019,0.296795630712327,20.1311420026986,-0.856359373457096,-5.25422140449255,0.396434641341067,0.867495161100663,0,0,0.816351792384098,0,-0.298194465323697,-0.811280419060139,0.214891488412746,20.1311420026986,-1.17125726064063,-5.30520361514434,0.247793447130282,0.72771949909063,0,0,0.659661194797737,0
"P20807","CAN3_HUMAN","CAPN3","Calpain-3","=""CAPN3""",19.5756113500056,21.1825241048715,20.6775682918211,20.0107147463412,19.6421411885121,20.2417622199815,21.0203089265427,20.7260904721357,20.8902222630188,21.2984819814783,20.85765975616,19.6166666961448,20.3383418423801,20.5174441286806,19.054202409896,20.5242024173326,20.6901942191021,21.1787242430915,20.8459667491056,18.927214433143,20.707014768572,19.9548995911278,21.0042303629071,20.683826392018,20.7560751274421,21.1950453995718,19.6903498218377,19.8936548733059,20.4951500273986,19.0153468512703,20.4996695627879,20.4556219029442,20.91598649398,20.32498320258,18.7010759576114,21.369978166885,18.959313391976,20.8001773888714,20.2991831606688,20.8373517165255,21.0680207562851,20.4114518823981,20.2336853899062,20.2354584160801,19.139822624048,0.0210108001742171,-0.407559747010301,0.449581347358735,20.3436314593054,0.098680440793508,-5.58320102595164,0.921820389835016,0.974774935374897,0,0,0.998291080215824,0,-0.0873410175785523,-0.513413748926244,0.33873171376914,20.3436314593054,-0.412615289840144,-5.88363652051105,0.681803650474888,0.914300764132198,0,0,0.967100562596319,0
"P20810","ICAL_HUMAN","CAST","Calpastatin","=""CAST""",19.6178084664554,19.8727284406406,20.9839308439569,21.6463683549787,19.9468149037454,20.7298626627352,20.2385389696848,20.2084753779458,20.4299702527212,20.7041322646128,20.5740783837625,21.1571848342515,21.0593849458689,20.3948485604774,20.5420247762815,19.7193851863739,20.6404294511913,20.7659518207314,20.5665464820096,20.1847959957009,20.295619826062,20.3516176588782,19.4462663056881,20.9018738196604,20.629641190414,20.0417363537129,21.1700802561867,21.2903425707466,20.0972690472756,20.1817769678513,20.0978317395632,19.8261183242598,20.1450350160988,20.8310054454399,20.4249265388616,20.2435563044022,20.3322795534366,19.6102124127447,20.7938413327897,20.5723855132506,20.4750818038136,20.9809349062543,20.6858746512908,20.1605622146889,21.1299036533028,-0.123726345688002,-0.42936901559593,0.181916324219926,20.4599785417955,-0.81481499221765,-5.29730340445189,0.419373139438851,0.872297158372813,0,0,0.898060826229144,0,0.00174776518097985,-0.302113543160407,0.305609073522367,20.4599785417955,0.0115775986327521,-5.96476811326573,0.990812642202732,0.999903966701438,0,0,0.999983868568844,0
"P20929","NEBU_HUMAN","NEB","Nebulin","=""NEB""",26.1658096306602,25.1077189198344,22.9260584836183,22.8110769579072,22.929502022246,21.3118592355333,26.2021241217506,23.2979801918769,24.1038499904474,23.6633445941565,25.2437479903127,22.3500199174224,22.2155327253948,23.9480273164853,21.682742421329,22.8894135697617,22.9204317341339,22.6723029156433,22.3621097183732,23.4489533678482,25.0614324167198,21.9654860096257,26.8595982588558,23.25454869156,22.5876153487884,24.286349024285,21.3277533209127,23.1386329633861,22.6168056330783,23.0941349361696,23.7938015873561,23.5923130777708,24.0206267134197,23.7485999378508,22.8512987698849,23.8050821641456,23.0115541920229,24.0447267612341,23.6046722022113,24.572255374317,24.8310259429776,23.5104535345466,22.5814768393546,23.6346903805512,21.9676685114785,-0.311985175858752,-1.11414293464938,0.490172582931881,23.4670046314942,-0.78286158035428,-5.31944975719357,0.437716745816347,0.873144117382484,0,0,0.772783045852446,0,0.338978538665355,-0.458504045018861,1.13646112234957,23.4670046314942,0.855582328328397,-5.61796189774121,0.396659618274822,0.802565618275863,0,0,0.730924159411573,0
"P20962","PTMS_HUMAN","PTMS","Parathymosin","=""PTMS""",NA,NA,NA,NA,NA,14.9013806984068,NA,NA,NA,NA,NA,NA,15.397742399637,NA,NA,NA,NA,NA,NA,NA,NA,NA,15.1174395802396,15.0707585915805,15.9367653259337,NA,18.030752086712,NA,12.3103955996214,NA,15.9204075986208,NA,NA,NA,NA,NA,NA,NA,NA,NA,NA,NA,NA,NA,NA,0.143660687795521,-2.29023743457277,2.57755881016381,15.335705235094,0.133431407914351,-4.97670235060931,0.896775031579043,0.963880646186999,0,0,0.984469986157465,0,0.627185361803319,-2.59775412491689,3.85212484852353,15.335705235094,0.43963966327264,-4.9928439041622,0.670519384667658,0.911810231336593,0,0,0.778265416137711,0
"P21266","GSTM3_HUMAN","GSTM3","Glutathione S-transferase Mu 3","=""GSTM3""",24.2568632398748,22.776964212651,23.4784901496512,22.38571861846,23.2725986674798,22.9511450882339,23.599375994688,23.1455408637947,23.6829293351849,22.944175645254,23.5886750306791,24.3543147256209,23.7581514834163,22.2954383568067,22.9393715888722,23.5070299852573,22.3795497035772,23.9228887662984,22.2927749791696,23.6641321416679,22.3614906913277,22.9324221089445,23.1999584698387,23.6046650557368,23.4109603750111,23.5740282299296,24.0999103225777,22.9275116067417,22.0350720914516,22.3041079765873,23.5281703246709,22.5546691823919,23.4878269977293,22.4609861838453,23.8435795199624,21.9910278462539,23.5059359103217,23.2703300006397,23.2602233700022,23.2395960319542,23.2151043263913,23.704953378882,23.6450603269387,21.7045547248125,22.6885099687729,-0.213355749853655,-0.587344174877293,0.160632675169983,23.1499285244079,-1.14830432457948,-5.015720734127,0.256774277875701,0.782013090941701,0,0,0.748211572437578,0,-0.00773162736985711,-0.37954035475223,0.364077100012516,23.1499285244079,-0.0418564262558935,-5.96399499995234,0.966794146313671,0.991453602020915,0,0,0.999738939462394,0
"P21281","VATB2_HUMAN","ATP6V1B2","V-type proton ATPase subunit B, brain isoform","=""ATP6V1B2""",NA,19.2294019976686,18.9269147087575,18.1816254516601,18.8958811961477,19.0168522574431,19.2963827180429,18.7234170891009,19.4861115761322,19.2587565497697,18.4438257516634,19.839593361193,18.7674000199867,18.9217489237978,18.339971904291,18.6143774751263,18.6424474154617,19.5406108020306,18.7800388405745,18.9165438962549,19.1265105463323,18.9275504706992,18.8755983313578,19.224730693717,19.035130896983,18.7886257100623,19.5097680258903,18.9512472163343,18.4639045930834,18.9414244154835,18.6013768388557,18.9134498851922,19.2849994804082,19.1148553404578,18.8976807132662,19.3191740451536,18.723041451512,18.3880764659807,19.4194892238314,19.2652418174011,19.1599806318768,19.4818650694574,19.0442778364423,18.5393281684718,19.178656506485,0.0209237232814985,-0.222771332534981,0.264618779097978,18.9772246888599,0.172927114364002,-5.56005819014315,0.863483488573285,0.95848719206779,0,0,0.996933516664087,0,0.0661989430267127,-0.172080233585196,0.304478119638621,18.9772246888599,0.559546017919292,-5.81569568259172,0.578561234085735,0.869847439875183,0,0,0.96442348368069,0
"P21291","CSRP1_HUMAN","CSRP1","Cysteine and glycine-rich protein 1","=""CSRP1""",NA,19.6393900290568,19.512564574324,18.5307665882763,20.1857104175156,20.4503140167839,21.9938039017099,22.7260398590891,19.1790398787376,NA,19.9566406878237,18.8126796967949,19.8811136974973,19.7157454848757,20.8018755354128,19.2238075751409,NA,19.6509921689321,20.2208075588412,19.1358191666856,21.8055998642033,23.075249309921,20.3391100380766,19.5833691224709,20.289584777206,20.4453543444727,22.0995736885338,NA,20.3758095434451,19.7825647290365,20.4428021750893,NA,19.7037302318652,19.4740647060657,18.6979746254505,19.9708994477559,19.2226189268893,19.6191753234406,19.612923243697,20.5148216321562,22.546980930327,19.6626927518746,19.9070859791051,20.471512869236,20.919049558919,0.358755135577375,-0.417231082316645,1.1347413534714,20.2044914664184,0.933648934784829,-5.15618446255144,0.355945799875471,0.835884436312426,0,0,0.690329862150826,0,-0.405426531652012,-1.16396225162927,0.353109188325247,20.2044914664184,-1.07938310630176,-5.370887583287,0.286719800339511,0.75021718792283,0,0,0.602613631107912,0
"P21333","FLNA_HUMAN","FLNA","Filamin-A","=""FLNA""",26.6118484815221,25.2987032766773,25.632809083446,27.0807861870757,26.0477634851279,26.2030704578637,25.8454208400924,26.4722566311179,25.1245955352729,26.1983093291088,25.7369513589849,25.4683033481043,25.8824688234695,26.0956510568976,26.4740159650083,25.9069439646413,25.1039305680009,25.1809628390211,25.990795316178,26.4374396979664,25.642907570419,26.2150177291082,25.6766601552689,26.0729157983248,25.5215202153406,25.7393906774405,26.3127542423178,25.6713023412572,25.6315086495032,25.7108940164985,25.8016994627321,25.4331917792093,25.5939586749219,26.5753509252994,27.2121727643626,25.6804516710455,25.7017106846596,25.7686567706862,25.1019921062035,25.4680637057458,25.9662295072468,25.6029129220796,25.5068925316372,26.0730698593699,26.2694067966726,-0.228978293718914,-0.537429033913678,0.07947244647585,25.8831923956206,-1.49423638710076,-4.62988631152036,0.141936416316967,0.708378884160682,0,0,0.639510814831972,0,0.062721092039034,-0.24393192045652,0.369374104534588,25.8831923956206,0.411696510273252,-5.88399701247516,0.682472262525668,0.914300764132198,0,0,0.976323247053652,0
"P21397","AOFA_HUMAN","MAOA","Amine oxidase [flavin-containing] A","=""MAOA""",21.6968036714685,20.1586166272781,19.7805846551098,19.7112545858178,20.3399156203332,20.512200597328,20.1157574156958,20.5630712155463,20.4478640721421,20.0815204394013,20.5480121731781,20.5010749661206,21.2820638301627,20.2848349384134,20.388173044357,20.7342200428684,21.0044640737722,19.5717242081085,20.2744695381436,19.6862870538841,20.8274058031424,20.7943660780809,21.4641487265568,20.2047046258671,20.254137849042,20.0108118892352,NA,21.3978134863455,21.2656252359848,20.4105543690866,20.0938314084945,19.306053139808,19.9718122456966,20.0648874211447,18.7322614499388,21.2480712835199,20.0666114630131,20.6109728528996,20.6107658378756,20.1369517452966,20.8576018697917,19.9453403953218,20.9364574220137,20.6670713548026,20.3558182558307,0.129511512742763,-0.248823285218064,0.50784631070359,20.4072042949527,0.689450249100317,-5.36583248675063,0.494076817326586,0.896077533266722,0,0,0.91273112255415,0,-0.32128889783521,-0.697413884579256,0.0548360889088363,20.4072042949527,-1.720419585893,-4.58475453476425,0.0922206377074704,0.537339073041768,-1,0,0.46495483468218,0
"P21399","ACOC_HUMAN","ACO1","Cytoplasmic aconitate hydratase","=""ACO1""",21.7249308708402,21.180072594542,21.2435916052241,21.5284647160116,21.5193693945233,21.4919730103777,20.9498678614472,20.2162102685284,21.0504177656291,20.8992698726061,21.3759114135427,20.6887940343919,20.9621675966237,21.2676602225389,21.9061523690964,21.01465393978,21.0118870101803,20.9811570013934,20.9838576309867,21.9479100031182,20.7005432772775,21.1882642884357,20.0902770351955,20.9970275685262,21.2807951284909,21.3921639825274,21.5688698362511,21.3535508993422,20.6750967410085,21.4675988587841,20.6859125509979,20.1010982922238,20.9859571901381,21.311277116623,21.5951604724339,20.8079796220646,21.650650657896,20.3114852295482,20.9862178995466,21.1252678342811,21.0476657762647,20.2219134590417,20.798273217429,21.1391310179117,21.7537700723291,-0.101427517332727,-0.39203157043344,0.189176535767986,21.0928948267989,-0.702530102682113,-5.371320992491,0.485885598536071,0.896077533266722,0,0,0.929406968882262,0,-0.1421261861712,-0.43103652650782,0.14678415416542,21.0928948267989,-0.990197501921488,-5.50153683511216,0.327253199165186,0.770746018696202,0,0,0.85320285294001,0
"P21695","GPDA_HUMAN","GPD1","Glycerol-3-phosphate dehydrogenase [NAD(+)], cytoplasmic","=""GPD1""",25.6503980540373,26.2115870722537,26.1196113438845,27.1500258639508,25.790156989211,26.0667220167935,25.9101924589392,25.8195837750896,26.4263177630943,26.1109070959722,26.3076274239647,26.6485996717475,26.4128750395266,26.2567813669175,26.227593860716,25.4285238347185,26.0163097267225,26.6585753370922,26.4727548199826,26.2753380128805,25.7101880749427,25.4946082746464,25.4957504573013,26.5770198885173,26.2259794345335,25.7096524411394,26.2935848394868,26.3309937093253,25.8961533864818,25.9983792024064,25.4185097430677,25.4375166449273,26.1642816566289,26.4043071775409,26.3922633766655,25.6171036775553,26.221762138437,26.0640939680111,26.1896444730862,26.1862301802911,25.6071280814652,25.8446598405255,25.960246677214,25.8529063020385,26.0355181643499,-0.169132996879782,-0.409839243512524,0.0715732497529611,26.0686436297351,-1.41433338612775,-4.727181736704,0.163991272498145,0.720861261794311,0,0,0.736546682879378,0,-0.0791759558915466,-0.318479306597791,0.160127394814698,26.0686436297351,-0.665971042330874,-5.75397516571579,0.508752799690729,0.834663611429138,0,0,0.947899722893388,0
"P21796","VDAC1_HUMAN","VDAC1","Voltage-dependent anion-selective channel protein 1","=""VDAC1""",26.2082183450185,26.2014569861086,26.0352065062442,25.638421026778,25.7956680941425,25.5308699522514,26.2302135374885,26.3999462227343,26.5284392808512,26.4900343889759,26.2242667639531,25.9736619242493,26.0920307668759,25.783932431414,25.7517205163547,26.5326283118465,26.4824595258639,25.9596158698658,25.9301252347921,26.1161058257953,25.8062245021763,26.3969223282028,26.2982027060807,26.2234028015901,26.1339039553992,26.4015788163147,25.9500496188808,25.9454025641972,26.2403051035209,25.8922814526696,26.3181673968548,25.9093289389493,26.1694009863872,25.9338801998076,25.2117431528573,26.4969452632143,26.0302598933501,26.3596292878367,26.376968017959,26.3394521802476,26.4087848750505,25.9841226857163,26.3277383761767,26.193341566431,25.6375301214297,0.0954912817919435,-0.108715506301845,0.299698069885732,26.1086797400645,0.941248632886558,-5.20130703353454,0.351490076672995,0.831991492349562,0,0,0.904979323664787,0,-0.040794378328517,-0.243810998426304,0.16222224176927,26.1086797400645,-0.404463686551202,-5.88680703216786,0.687744670259305,0.915228679438145,0,0,0.984845137631296,0
"P21817","RYR1_HUMAN","RYR1","Ryanodine receptor 1","=""RYR1""",23.0763632740241,23.6326970554939,23.3709519651054,23.0140172594249,23.2658089898134,23.2724222300435,23.6093397489008,23.6342140707701,23.4666034815884,23.4394864740007,23.5998773040526,23.2460655102763,23.0379379435628,23.875449731093,22.7449029112346,23.3926855073527,23.4473864118605,23.5667838926266,23.4671773585131,23.2199692973624,23.6263926206195,23.0760044502838,23.6818657028301,23.4252158473998,23.3778120441735,23.485675530793,22.8127495994481,23.0294739301459,23.6544587667768,22.8113098936462,23.4748892042726,23.6432673950921,23.4424711591876,23.3598999148981,22.963940973778,23.6675282560905,23.0281365354531,23.6405437088065,23.3817337279612,23.4360506472467,23.3295081697503,23.1718199997915,23.0798857661449,23.541451208504,22.4639637335067,-0.00498046481991921,-0.200972712342102,0.191011782702263,23.3330264267489,-0.0511495472052832,-5.58633872814587,0.959427627965367,0.985435363040972,0,0,0.999793738424614,0,-0.029991363556551,-0.224841319470101,0.164858592356999,23.3330264267489,-0.309818045229806,-5.91901507119524,0.758097313244048,0.935660769826909,0,0,0.991728485005568,0
"P21912","SDHB_HUMAN","SDHB","Succinate dehydrogenase [ubiquinone] iron-sulfur subunit, mitochondrial","=""SDHB""",24.6861483720423,23.8560798597869,24.8663752445503,23.7704138650702,24.4635550224849,24.1389916097657,24.0249752607296,24.1852934818264,24.4465705453419,24.5750605795001,24.6239149221261,24.467783801822,24.6032432070013,24.2158758993256,24.6934860131699,24.3763924679457,24.2728507150895,24.4587214539937,24.0498156572849,24.5460694063717,24.567635281635,24.5372871932372,24.0329779745144,24.58670440631,24.7931076996994,24.5330629625619,24.5438973035222,24.5903202877646,24.259253991327,24.6466135192446,24.1259636524397,23.733997866855,24.4906182732459,24.4480817342835,24.1099215557315,24.3400838276508,24.7370406362323,24.2457071325811,24.8538465044896,24.7596120205369,24.5641884511847,24.2579769664876,24.4955475984991,24.5643149418006,24.5911779963999,0.0697008342582706,-0.122797931090774,0.262199599607315,24.4162346036325,0.72882093298747,-5.35494589839225,0.46980244085288,0.896077533266722,0,0,0.948707252330892,0,-0.0317754108055723,-0.223152245429752,0.159601423818608,24.4162346036325,-0.334204749008807,-5.91152806229741,0.739742670963406,0.93045109399261,0,0,0.99046694089071,0
"P21926","CD9_HUMAN","CD9","CD9 antigen","=""CD9""",NA,NA,18.1843710526957,14.1524809192483,16.1085429270889,17.3424621539306,18.6315726815215,19.0224512032407,NA,NA,15.8932276926471,NA,NA,NA,17.9348137105128,16.7769580315783,17.8850919478193,17.4968420207188,NA,NA,20.0284581188159,18.4861942889838,16.0211188555485,15.357218341219,NA,16.8481607971415,19.8664815746214,NA,17.5741138767767,NA,18.8656584789575,NA,NA,17.13151990912,NA,NA,NA,16.9359043988475,NA,17.6792061369948,18.3079775148602,17.3898915907973,17.2604814895098,NA,18.143297467696,0.428128480974944,-0.715065254444027,1.57132221639392,17.5124806608035,0.768360352078774,-5.13698894181623,0.448931826616557,0.882046366077713,0,0,0.70972241396147,0,0.178271883960068,-0.957880829310296,1.31442459723043,17.5124806608035,0.321926558561655,-5.68248000454425,0.749983864383779,0.932548715587236,0,0,0.95000364224983,0
"P21953","ODBB_HUMAN","BCKDHB","2-oxoisovalerate dehydrogenase subunit beta, mitochondrial","=""BCKDHB""",NA,15.8308899969881,17.8034187567032,18.7394226081473,NA,15.7435906681102,16.6428951374961,17.1944007977404,16.1786118627705,NA,16.3306771130183,16.9627725696919,17.7073181296513,18.2788235904371,19.0491719441696,17.5668760579184,NA,17.1438406716093,17.7089282082726,18.4580453706552,16.3095780525049,16.600638377746,15.7043810596429,18.3838075563359,18.854764710884,NA,NA,18.3526196565809,15.4987781724221,17.8362459368922,17.1111912424385,16.6546251344692,17.5391455332761,17.9988360206262,18.0361423965744,NA,17.632472906799,18.707440982999,NA,18.4569170782116,17.0965896286291,16.5384825426529,16.7417669244925,NA,18.4382079836425,0.0432253997547214,-0.679151543257513,0.765602342766955,17.3842309828111,0.121238235226292,-5.49079767244991,0.904157655676975,0.967987658053573,0,0,0.995654443955586,0,0.233278180434073,-0.48477135301098,0.951327713879127,17.3842309828111,0.658239860671262,-5.66246386122383,0.5144546574544,0.834663611429138,0,0,0.856374205254032,0
"P21964","COMT_HUMAN","COMT","Catechol O-methyltransferase","=""COMT""",20.4505895048152,21.0340722159581,20.7560511113656,21.5070933853069,21.0943291274734,21.3655918812215,21.2334031851962,21.7739008201377,21.8839449825769,20.9445037236431,21.4838630841615,21.2676846003585,21.553939969247,21.9265861045553,21.054497132262,21.6385630815184,20.8554027594355,21.3209272733696,21.646445244581,21.4566407200693,21.339376908181,21.0051476158366,21.5225519333224,21.7085685409297,21.7227065305782,21.8374250650334,21.8343503736703,20.9239780540299,21.6623354148783,21.2335790759307,21.6544117383738,22.1418406491793,21.1321050998317,20.9947786775647,22.1099334163995,20.8934770129835,20.961808473177,21.9553494603203,20.9961646636058,21.6727097842464,21.1395706826859,21.7163287253998,21.8023568304336,21.5047714995789,21.6918231718555,0.168213690481295,-0.108502958883779,0.444930339846369,21.4090106512284,1.22359264727978,-4.9396837491356,0.227331300086435,0.753445779529677,0,0,0.779437462703409,0,0.0439620862847612,-0.231141789562305,0.319065962131827,21.4090106512284,0.321656546803571,-5.91545098779349,0.749168725015446,0.932548715587236,0,0,0.987384395186936,0
"P21980","TGM2_HUMAN","TGM2","Protein-glutamine gamma-glutamyltransferase 2","=""TGM2""",19.1487641562583,17.6210990177574,18.120152999835,18.6575970929996,18.5289696477944,18.426401384717,17.4258875541667,18.5799300184445,18.1607804166067,17.6944962576651,18.7880475220534,17.8829498807082,18.417489917694,18.5566521744945,19.1657480208769,18.1026780265724,17.406125118368,17.0640779327049,17.7062876284539,18.1335600848763,18.0184646251238,19.0140089054834,19.3118146660254,18.9642354588179,18.0597518912709,18.6133023593171,18.1437028911807,18.1969867906596,18.1628131729442,18.5841906579064,17.7398792121467,18.0234094339579,17.32846546195,18.9814077333914,17.9217582593365,18.0952165070542,17.777686489358,18.6755880820066,17.8818562145963,18.6961063313579,18.7545234341956,19.086731030963,19.0179022840584,18.6739924357598,20.3670751185717,-0.125625914604871,-0.533698768340172,0.28244693913043,18.3484125400107,-0.619658400165626,-5.41908663539055,0.538537412572929,0.899122088181203,0,0,0.925196005434985,0,0.235973187933276,-0.169721315625292,0.641667691491843,18.3484125400107,1.17077744155621,-5.32000546197233,0.247712400471544,0.72771949909063,0,0,0.719428963358055,0
"P22033","MUTA_HUMAN","MMUT","Methylmalonyl-CoA mutase, mitochondrial","=""MMUT""",20.0006245284715,20.1676073991892,20.6488942393471,19.5908905112004,20.669321195765,20.2995715785836,19.7567516559915,19.6972117291617,20.2203772285382,20.8282761028603,20.4517852532558,20.587923614921,NA,19.411686235919,20.2139650853299,20.0778422719449,20.2613407272203,20.4817225623631,20.2718996481271,19.9023699599745,20.7400711136248,20.7644807851343,20.4428994043664,19.9812633218371,20.4389192041212,20.3109838099887,20.5019181649342,20.3105012245244,20.0979268987772,20.598535413744,19.7467086523123,20.0530632115982,20.6372153267342,19.6313077298001,19.6958075429473,19.6723308462209,20.5411320265381,19.9826070134003,20.1360502573352,20.4047673850045,20.1936377273155,19.9660417855969,20.2735855525913,20.245986174624,20.005746600779,0.146223829764377,-0.0914799061578352,0.38392756568659,20.2025806523185,1.23894775110723,-4.91238489302565,0.221782584562698,0.752472233109963,0,0,0.802341036856827,0,-0.266445778525625,-0.498866786343581,-0.0340247707076693,20.2025806523185,-2.30889566626444,-3.5650687558367,0.0255932355937342,0.344080314270748,-1,0,0.376575167670408,0
"P22059","OSBP1_HUMAN","OSBP","Oxysterol-binding protein 1","=""OSBP""",20.7965254006889,21.9240605513865,21.6838358819181,22.0327037893367,21.4605847413161,22.2231087215412,21.3221170183624,22.0838021802501,22.0621525517176,NA,20.8360427853303,21.4305137956764,22.5099265257241,21.7046332240751,22.087668067903,21.5160675040422,22.8464941347657,21.5918490273317,21.5327443577963,22.0704897628836,21.8629112072677,21.8406466520598,22.1220962524838,22.5691545296385,21.9871421486715,21.7333088655121,21.5229322816255,23.1114435549332,21.5819260186892,21.1403156676567,21.4214566685906,21.3036795044218,21.7697708446666,21.5425947652392,22.3465637592966,21.6306162140374,21.6438351507839,20.8945864256531,22.1733958734993,21.2783339116849,21.3454385569299,21.6103728991184,21.4997735548489,21.9802916822586,21.6276041828439,0.208238227062289,-0.114328711510126,0.530805165634704,21.7558070726013,1.30020385668196,-4.84682164882555,0.200145311911747,0.735164347255353,0,0,0.715341480701033,0,-0.33074719809894,-0.646145408652465,-0.0153489875454156,21.7558070726013,-2.11206749903137,-3.93768629492225,0.0402591436845744,0.391649208049423,-1,0,0.345591341752162,0
"P22061","PIMT_HUMAN","PCMT1","Protein-L-isoaspartate(D-aspartate) O-methyltransferase","=""PCMT1""",24.3918454751714,24.6613211703365,24.7226728088309,25.2359716150101,24.5306074678118,24.8205422748514,24.6476929648793,24.7036616726922,24.9334260840086,24.4656861429623,24.6180814824253,24.8854318350001,24.5534870509088,24.8692976216109,24.3533997809888,24.6324393861699,24.3079064946057,24.6851532974914,24.859684949437,24.6829141096145,24.5717000787883,24.1658209248275,24.5375667087718,24.6052925852375,24.4691022754472,24.4956127701775,25.0286634965447,25.1055200090821,24.5243520169678,24.3502423175181,24.699218931967,24.6004103193198,24.6980854812377,24.7586201929102,24.5874037926221,24.66309549831,24.4093961094328,24.8095957090072,24.6127415110566,24.5248376037948,24.4269559383322,24.842227329865,24.738508599543,24.5974988319162,24.4562978684765,-0.084986694908654,-0.241483975480812,0.0715105856635042,24.640888679688,-1.09308756737121,-5.0686104029385,0.280041834242585,0.79852026647437,0,0,0.897472814997275,0,0.0268614864740044,-0.128723688988735,0.182446661936744,24.640888679688,0.347514266321838,-5.90720394386561,0.729788692552533,0.926345276578894,0,0,0.991574321753094,0
"P22102","PUR2_HUMAN","GART","Trifunctional purine biosynthetic protein adenosine-3","=""GART""",19.0587227818939,18.2765790450372,17.4870155729651,19.4850655595427,NA,19.2374674929318,18.115467886605,17.6466531872395,17.973829183718,NA,18.2676144560501,19.1921459163421,18.9131242763589,18.221769382842,18.7649972684308,18.1376283433101,18.1727210527387,18.0042763286845,18.3600718480434,NA,17.718668819127,NA,17.5166882062605,17.524217718396,17.7405666199526,18.06791486301,18.4895099722095,17.8439131363362,17.7754908100309,18.0734135988835,18.1408922815542,17.5742697815015,17.7896781821842,18.3838173063857,17.5258746433352,18.0709163977473,18.7196896909798,18.8347655598097,NA,17.6590590121204,NA,NA,18.108558017724,18.393433454454,NA,-0.55258380443253,-0.89858804847886,-0.2065795603862,18.1963915582361,-3.2329309273678,-1.60217123371149,0.00253327757139322,0.407818511469657,-1,0,0.036755061350145,-1,0.159785657535611,-0.198655683767733,0.518226998838956,18.1963915582361,0.902400651006999,-5.4819052995296,0.372522682181781,0.795820049946075,0,0,0.854036349605634,0
"P22234","PUR6_HUMAN","PAICS","Multifunctional protein ADE2","=""PAICS""",19.3259030630412,20.332178717622,20.91252625731,20.2421155372578,20.4767482787015,20.2119212676597,20.2393886080144,20.182472723093,20.1884189404764,20.6190479616745,20.2870270172786,20.8583838439014,20.3595215971586,20.6927835752876,20.3006091998671,20.4727516718331,20.4533473834661,20.1639205823315,20.3212723093019,20.6706458919355,20.3224421203083,20.8470501985808,20.134345210581,20.1583836809677,20.4519266666487,20.3504044879034,20.4401527814148,20.7034056441763,20.4315735327897,20.6439957892754,19.9732711715135,20.5742134915752,20.5974354474254,20.5842936292316,20.4799640672577,20.0886218296166,20.6817492854971,20.1250532593881,20.4299573202963,20.1421670588895,20.5492549986067,21.1773359969298,21.0445477807529,20.5196646947597,21.1366835989396,0.081811888719912,-0.139406419640867,0.303030197080691,20.4421972926786,0.744399652823754,-5.34496634331365,0.460417453025879,0.893916151041062,0,0,0.93851628048839,0,0.102573045277708,-0.117355947712126,0.322502038267542,20.4421972926786,0.938775125488257,-5.54793638693096,0.352745265645481,0.786466622673627,0,0,0.898631662518442,0
"P22307","NLTP_HUMAN","SCP2","Non-specific lipid-transfer protein","=""SCP2""",NA,16.5387615813539,NA,NA,18.1947743762582,17.5824203602076,17.1465801045021,17.2570714832738,17.2853392754526,16.378725533639,17.3468277806288,17.462613102974,16.0963162097593,17.0225229426981,17.6453846543595,17.0504197426303,NA,17.1589382048198,17.5112367759585,17.324426717143,17.4862449714358,17.9218980918183,17.5239579011587,17.1656089804361,17.8699463169886,17.6107173778352,17.7475578773354,15.8453506702184,17.1970586356146,18.1629135871461,17.7604043508057,NA,NA,17.8701692753847,15.3514258656976,16.5277035059544,17.6654924299962,17.1732674140446,17.1289202243719,17.3832651383315,17.7142066996577,17.722206196974,17.9006841802012,NA,18.5945841736667,0.210354160918289,-0.262204117580364,0.682912439416943,17.3243669134403,0.900348547992568,-5.17923637849132,0.373455243923747,0.847616168637045,0,0,0.812865331954254,0,-0.00866814256822934,-0.47858978459673,0.461253499460271,17.3243669134403,-0.0373091655874253,-5.89712120040636,0.970428621974039,0.992500681366846,0,0,0.99973983851318,0
"P22314","UBA1_HUMAN","UBA1","Ubiquitin-like modifier-activating enzyme 1","=""UBA1""",23.7409937061838,23.3385782126734,23.9961652388423,24.2346183450658,23.9683126317824,24.0507478443779,23.5512329765732,23.7962023339775,23.646072965984,23.4234073239025,23.1098235333368,23.6564323549551,24.0552008997674,23.8808783973274,23.6503689456857,23.5895935322533,23.5104818672533,23.5541504700703,23.6974712703187,23.436211542162,23.7992137559698,23.7949726764254,23.4666627460797,23.3816580389523,23.4313482084477,23.2628903841057,23.913072485621,23.8524851981982,23.7334559202659,23.4482325355004,23.8226904972129,23.9782049084662,23.6497551528488,23.6604110729624,24.9994182346966,23.5830721548243,23.4747471457523,23.6745984387507,23.4489339961971,23.3523802022934,23.2269028576571,23.8625332447236,23.8409671415555,23.7137782013609,23.6050464011146,-0.150381673449019,-0.365832658833621,0.0650693119355835,23.685875022055,-1.40493825671455,-4.73830479643341,0.166751058962698,0.723287465422682,0,0,0.763859306672185,0,0.134769267919509,-0.0794260154881631,0.348964551327181,23.685875022055,1.26646086967439,-5.2122800561948,0.21171814194048,0.701115954106001,0,0,0.811209278133893,0
"P22392","NDKB_HUMAN","NME2","Nucleoside diphosphate kinase B","=""NME2""",23.8264099577343,23.6099093906265,23.0139686055019,24.2960534636981,23.6867888149186,24.1452613150912,23.7757150159949,23.4251977044215,23.4027915565011,23.4501624293427,23.457352041889,24.2948668460862,23.9581850032234,22.9148594115398,24.0394618573044,23.5256744061997,23.7933412646119,23.6370738454798,23.8095681896935,23.9634078345591,23.3238995620744,23.6611407201217,23.8254539950261,23.6732974314044,23.9345856860412,23.8294071068073,24.1183800833843,24.2133291566491,22.9803289858631,23.8189728327987,23.1126823298128,24.1701060406481,23.3576747929692,24.0689982737794,24.2380299002612,23.4415971248661,23.9055747793954,23.7717171936973,23.1018137564839,23.7374789002161,23.5115487958216,23.9977075442976,23.7186610467941,23.1811655579501,24.259599622311,0.0539057027625454,-0.191563557099608,0.299374962624699,23.7106488927532,0.442026604313932,-5.50159938848099,0.660539366404584,0.942349615276968,0,0,0.97789339584756,0,-0.0355670294273409,-0.279605633336197,0.208471574481515,23.7106488927532,-0.29335930790702,-5.92374902478715,0.770565812703213,0.941514710647742,0,0,0.99077299010666,0
"P22570","ADRO_HUMAN","FDXR","NADPH:adrenodoxin oxidoreductase, mitochondrial","=""FDXR""",NA,NA,16.9933963918157,16.0285971293244,NA,15.2667800778961,NA,16.9108972779471,16.2306437728596,NA,16.7177721683373,16.709329059326,17.6973748570066,16.9242682341703,16.7954791121717,NA,17.3134805034446,NA,17.2145338027641,17.3376006843113,16.3660357861083,15.9810521206161,16.603098155213,NA,NA,16.3083400938812,18.0359638074779,17.9839599402288,16.0923078199429,16.8935501544124,16.8036851629475,18.7960711314831,16.9476840292323,17.2530215966522,17.4048495651071,NA,16.8697162372339,17.1889314847201,NA,NA,17.1901420026942,18.5101551680457,18.1355459541005,NA,16.5190427762507,0.27302257528666,-0.251006789047173,0.797051939620493,17.0007283143038,1.0599452056389,-4.97778297080426,0.296856709145251,0.799489091675277,0,0,0.717783362741623,0,0.474974601398522,-0.0337435212678239,0.983692724064867,17.0007283143038,1.89947532945811,-4.21911867610272,0.0662608944544241,0.475409319722976,1,0,0.275503520690986,0
"P22626","ROA2_HUMAN","HNRNPA2B1","Heterogeneous nuclear ribonucleoproteins A2/B1","=""HNRNPA2B1""",21.0454861067851,22.4529622528633,22.0756941421375,21.1905502056313,21.1774637941886,20.7958547874731,22.6689783612042,22.3742147970543,21.9319229767097,22.2212842844288,21.9081446839174,21.2306375674665,20.0580890133844,21.6505038829691,21.2025151623863,22.3717211677929,20.8606625130903,21.7489397904559,21.8471465661378,21.0075771405718,21.8457305381427,21.782333432454,22.0780114490507,21.7403984031427,21.2487082219157,22.2960239181548,21.5619684886701,19.5114019450314,21.5789471848177,21.7630123905952,23.0161089025923,23.7902117464393,22.0077971206479,22.4913184085934,21.0074043824921,22.2611925882739,21.7815447275765,22.3692937701376,21.7915717369877,22.1099037451521,22.7542621983904,23.2684915650627,22.7515866657913,22.8809468952737,22.2547275337289,-0.0312219793369586,-0.490463520953024,0.428019562279107,21.8614054923503,-0.136845359792765,-5.57924140671993,0.891749691695453,0.963182196760887,0,0,0.996429294242979,0,0.886251922474408,0.429686954885916,1.3428168900629,21.8614054923503,3.9071979586927,0.272068690599948,0.000304006872113339,0.0640778929332227,1,1,0.000763745479216568,1
"P22695","QCR2_HUMAN","UQCRC2","Cytochrome b-c1 complex subunit 2, mitochondrial","=""UQCRC2""",26.0375512243519,26.2012856586863,25.3767446441382,25.091426830949,25.7154304033199,25.3946938309929,26.1542915341433,25.9151882856403,26.1392033714515,26.0703775687249,26.2049780081176,25.7197419560127,25.6518418218612,25.5731004433896,26.1031148077227,26.4611146144967,25.9227445027147,25.7560287637039,25.9969225402822,26.0624267872741,25.6264398695037,26.2330200390885,26.5472579634536,26.2917688597434,26.0467417146365,26.4118002922802,25.4998769624558,25.7870985911613,25.8072321470722,26.1094648234077,26.1133306336368,25.7554363772211,25.864836866264,25.8791607804341,25.3874326395122,26.1399470546006,25.9395228917304,26.1653991967744,26.009006004207,26.1176780655805,26.2715982413886,25.8138159646962,25.9515241409549,25.7280797613523,25.8813054371072,0.21616146330609,0.0129146172599218,0.419408309352258,25.9317107314719,2.14074661799591,-3.67517758022259,0.037622778266669,0.520677281705141,1,0,0.492115873843925,0,-0.102790961054261,-0.304853233885647,0.0992713117771257,25.9317107314719,-1.02395413184333,-5.46979268752171,0.311207066771078,0.760119753912049,0,0,0.886931472090553,0
"P22830","HEMH_HUMAN","FECH","Ferrochelatase, mitochondrial","=""FECH""",19.2176999024027,18.2396116808709,18.8557874365544,19.0473390863724,18.2339347130887,18.9627511626542,18.7934563975525,18.7386502038518,18.9541724792166,17.9828940449254,18.9076995971391,18.672492567397,19.4675811119268,18.9884785640411,19.1638394384781,18.9723175839861,18.0601807015793,18.9589719525091,18.7862232886376,18.4796662056467,18.8836915021871,18.7400626520605,19.2377564663826,18.8061034332344,18.4640311456333,18.6421176488771,17.0510294021356,19.378304249248,19.5435708049952,19.3224625137691,19.0517768815986,18.9541480448013,18.7916205210213,18.2213788889356,18.496433681452,19.246140941768,18.2005047882785,18.0314202432355,19.1963312474985,17.9580115263322,18.4945707886589,17.6146676602001,18.8406137860987,18.2826935657378,18.5345743858328,-0.0566097801962009,-0.378513760660835,0.265294200268433,18.6992836641956,-0.353977723274468,-5.53236212618212,0.724971562507728,0.947417763940137,0,0,0.981957747254291,0,-0.227440173295463,-0.547468017227561,0.092587670636635,18.6992836641956,-1.43050777269732,-5.00944247540807,0.159323538950987,0.651333371176197,0,0,0.658516122581944,0
"P23109","AMPD1_HUMAN","AMPD1","AMP deaminase 1","=""AMPD1""",23.1021154020051,24.4362875811762,24.5780688756148,21.485675773301,24.226118216742,22.6511604325333,24.4511808401788,24.4260723666491,24.454607591121,24.4679412631576,24.0421149754909,24.7333831361225,24.158987797078,24.2334815142982,23.5722129705571,22.7600205297038,24.0724213031874,24.3657998346591,21.3316274590765,23.2327459376284,22.8880833368387,24.2026267582961,24.5682875705562,24.102744155648,24.0384667501071,23.861035404104,23.7346868880411,23.8517610588357,24.2284899935032,23.9115576661219,22.6834877269756,23.2257546422061,24.116444234013,21.1092406996296,23.4613088125835,23.0703249338878,23.0967195736716,24.2272347354788,24.2866698871894,23.885033000959,23.8455092362167,23.8723283003124,23.813107993377,24.0354756594021,23.6610334479853,-0.252705552693669,-0.729970277388989,0.224559172001651,23.701320805916,-1.0657767908083,-5.09386259232973,0.292081825449332,0.799489091675277,0,0,0.732706472372884,0,-0.184045450827945,-0.658528557898036,0.290437656242146,23.701320805916,-0.780755661610869,-5.67557680788648,0.438942229007049,0.822236277634361,0,0,0.859382888887646,0
"P23142","FBLN1_HUMAN","FBLN1","Fibulin-1","=""FBLN1""",NA,16.6539810109549,17.3716807692988,17.3060737855184,17.6313645931255,16.3930591284486,17.4834800558594,17.4179482692677,16.8989437869592,NA,NA,16.4317031901195,15.6464941379312,17.2337948480026,16.6175522473558,16.9707313306463,NA,16.9588079909094,16.92168792513,16.4613650153345,17.1775845610146,17.4504895258991,15.9213423635286,16.6159640850562,16.2887476833003,NA,18.4929308874043,NA,16.6731401472858,16.4078715291295,17.3244674204022,15.086660474434,16.3587567357176,16.2932540783855,17.5665871835505,NA,NA,16.4443110174817,NA,17.1006042805674,15.8294487933981,18.0281594105407,16.2465634710663,NA,16.8860055519855,-0.120143479755413,-0.631417991244748,0.391131031733922,16.8169016367146,-0.476559337712178,-5.399376082068,0.636552645433539,0.936572189071119,0,0,0.947178809777713,0,-0.141705237546688,-0.660802825966923,0.377392350873547,16.8169016367146,-0.553614951644874,-5.70206045381931,0.583260908550993,0.869847439875183,0,0,0.926449054394953,0
"P23246","SFPQ_HUMAN","SFPQ","Splicing factor, proline- and glutamine-rich","=""SFPQ""",NA,17.5474301398509,17.7458419433642,NA,NA,NA,17.1504804837373,17.2098750604524,17.5537386156802,NA,16.7206998197547,NA,17.012910977557,NA,NA,17.404517608478,NA,16.8120114704472,NA,NA,16.0739073501823,16.6119556186278,16.4316736823891,17.4753314359091,NA,NA,NA,17.3325944565804,NA,NA,17.9971081540664,18.7071501817826,17.5011934709096,16.7455222598254,16.2710575569527,18.0918874594461,15.373957875232,16.5398368803879,NA,16.7813310455403,17.5165773895564,18.1419126742862,18.1131356873115,NA,NA,-0.346349750030253,-1.04912398734655,0.356424487286047,17.1870630499349,-1.01113631608541,-4.89847023012281,0.320913822111929,0.826372714395847,0,0,0.674586667727078,0,0.455742833701485,-0.169781904158736,1.08126757156171,17.1870630499349,1.49481009310625,-4.73259371790865,0.146543488442987,0.638134999764275,0,0,0.416768820616172,0
"P23297","S10A1_HUMAN","S100A1","Protein S100-A1","=""S100A1""",26.0050786890215,27.2761966660036,27.3704912987633,28.480555961534,27.669062435476,27.4980099824174,26.4287066663307,25.6150121729086,25.1622253026167,25.7829964107496,25.050802761512,25.6072639564281,27.2364766549344,22.6817322702345,27.3129514202414,25.8399519905815,27.2132568514811,26.9308355533546,27.5068999738343,25.7808754351084,27.3933038054631,27.2565212250332,24.6166161699597,25.0647351944617,25.7629470855873,25.6083714720667,26.3064704474686,28.3088369686503,24.0695619122096,27.2587391380055,26.1319394396941,26.7899890874457,26.9306566007729,27.306051941718,28.5198892154429,26.869921479666,25.6078732532705,25.0610212020179,24.9540175494098,24.8736975754714,25.7996231345701,26.525196923845,27.0268770235003,23.9103421213009,26.5210924071156,-0.019961216408106,-0.755955158183343,0.716032725367131,26.2871927739484,-0.05459131722641,-5.586178367444,0.956700261289917,0.985311836462058,0,0,0.999116804144857,0,-0.13931561786832,-0.871020003733447,0.592388767996807,26.2871927739484,-0.383243640643922,-5.89476588504409,0.703303024120615,0.917583106435218,0,0,0.952148222140173,0
"P23327","SRCH_HUMAN","HRC","Sarcoplasmic reticulum histidine-rich calcium-binding protein","=""HRC""",23.565397462367,22.650824657319,23.5043601232586,22.7773174327019,22.4268352392306,22.7203938366791,23.0652100829871,22.6681426872445,23.0982233228993,22.7960273118413,22.6338688557286,23.5614538713916,22.9606473721602,23.2165324983347,22.0687754366033,22.3344690508009,21.3801840802361,23.1362566286464,22.3687307518523,22.524402446674,22.0857778771364,22.4704390405713,22.5477705366383,22.6935214164333,22.9022701220358,22.2711058927028,22.8810031125264,22.7228719873662,22.8113669313837,22.2988107389492,22.3889503484935,22.9309407255752,22.8631983096253,21.9858819191944,23.6797182781009,22.4637064514973,22.9138498098025,22.5439868705725,22.8293773037273,22.6538903858271,22.8015555876123,23.0810340471721,22.5016438673179,22.388514194707,21.9484642273205,-0.419463737160285,-0.703216103020417,-0.135711371300153,22.6915045140277,-2.97553964145768,-2.06401286559692,0.00464724941179685,0.416167334657996,-1,0,0.105068687746572,0,0.169715447506192,-0.112383138928735,0.451814033941119,22.6915045140277,1.21096411470049,-5.27572320450914,0.232088656385572,0.714839559457683,0,0,0.780443863522475,0
"P23368","MAOM_HUMAN","ME2","NAD-dependent malic enzyme, mitochondrial","=""ME2""",NA,20.3939262737569,20.1781203232267,21.043296675599,20.7062131348183,20.9712311951876,20.4211968276803,19.9193805370241,21.3810118968626,20.2273880762696,21.6401811704433,21.6210424789,21.0262082845798,18.1845784146558,21.0238809764608,20.340632177792,21.1080714685305,20.1202091264729,21.3558108002785,21.3709874315873,21.0264432537819,20.8659187267885,19.7002171036355,21.7393627402955,20.868643717995,21.5710774568046,21.9941192818894,21.681463167025,19.927382381881,20.8228272568702,20.4173100927983,21.8324414733217,20.7274815873411,21.3422373780169,21.6131537238454,20.9075396265827,21.200880845743,19.6138736590052,21.4712904957142,20.7016751090379,21.4469825429945,21.5363829002248,21.3432952553317,20.3659520464504,20.8419620393177,0.352683662509627,-0.0828271268377341,0.788194451856987,20.8771200257459,1.63101242035498,-4.44364447136536,0.109861518663224,0.679806474125127,0,0,0.458904073380205,0,0.0579528456065326,-0.367879151450643,0.483784842663708,20.8771200257459,0.274098916710125,-5.92894082611101,0.785261796519324,0.942584418301806,0,0,0.986088263321709,0
"P23381","SYWC_HUMAN","WARS1","Tryptophan--tRNA ligase, cytoplasmic","=""WARS1""",22.4432120664715,22.8863659626005,22.8239086922277,23.1272822357162,23.2778401562402,23.2430676535585,23.0384828614661,22.3898017648485,22.7979664585768,22.6472571510374,22.0335267234197,22.0995069139896,22.1602650975276,22.8898949013223,23.2111939948607,23.2261483914599,21.9400017767511,22.7250562154908,23.1071197140918,22.2150053563346,23.0359008266412,23.1075690711666,22.1821691182156,22.4186154609227,22.7308367551145,22.4432458201647,22.4876288645469,22.5942707523341,22.8350308245697,22.8012732995035,23.2215138184134,22.8331310416065,22.4569928388457,23.1865416845164,23.4223001318022,22.9945146598097,22.1973654824072,22.4325068750205,22.9065796024704,22.7452246026982,22.4153152784546,22.719733553178,22.8220221810673,22.9954893858668,23.036224107335,-0.0755626710355024,-0.331238555662252,0.180113213591247,22.7401088916592,-0.594878597112447,-5.43222882671481,0.554837171942442,0.905137078267613,0,0,0.956463641354489,0,0.169038866412297,-0.0851468755112017,0.423224608335796,22.7401088916592,1.33858574457631,-5.12589552231948,0.187278276221212,0.67048191514958,0,0,0.753393892750751,0
"P23396","RS3_HUMAN","RPS3","40S ribosomal protein S3","=""RPS3""",22.0270013414767,22.0540912855657,22.0663088225923,21.4971313749337,21.7731143810578,21.1664579527723,22.2040662904603,22.192998623741,21.769084851711,22.1776705675146,22.0748039965384,21.037194884064,21.7752726806903,21.5596781334699,21.2932474115193,22.0537866217938,22.4584269946197,22.1379540236721,21.266714525023,21.9707712212753,21.8545420146613,22.046535507116,21.6353457390433,21.6987345225608,21.3849632260486,21.7608274129774,21.8603939586314,21.796271514682,22.2307922727847,21.7591019006698,22.4421557395382,22.8440527343516,22.0731741077318,22.1911219961639,22.2375378452731,22.0185388576372,21.8943331958537,22.0602736820939,22.4365949627023,21.6969283649104,22.0100635841586,22.3780147948587,21.9760638231136,22.3530487330029,21.1277699318238,0.0889861758782189,-0.157484579498405,0.335456931254843,21.9182879201529,0.726721413895722,-5.35627511075362,0.471075540369697,0.896077533266722,0,0,0.935210940244746,0,0.254967393176983,0.00993313071882632,0.50000165563514,21.9182879201529,2.09444344970073,-3.96861467204857,0.0417527513582427,0.400792770865861,1,0,0.444958672031143,0
"P23434","GCSH_HUMAN","GCSH","Glycine cleavage system H protein, mitochondrial","=""GCSH""",21.5631339185261,22.53868628249,23.2818760012189,21.8216695744158,22.7991402961515,22.485526445553,22.6944112501516,22.315712455693,22.4604240732091,22.7398222018981,22.1592616978944,22.5261998651466,21.9803926501383,21.5149770484068,22.9073158426562,23.005498353284,23.0465525785539,22.5493430026771,22.6935911043824,21.7426288790171,22.7990492306441,23.0126808759893,21.9675101894891,21.9655585539668,22.726246612262,22.3239083966133,22.0746071375396,22.2877711034079,21.9337084616233,23.0404315482583,22.7647469681919,21.7552103840416,22.6442842971768,22.2278439277885,21.6167445563271,22.6040352706554,22.6045780313282,21.4431849974168,22.8196008202825,22.3672870659822,22.7508404671573,22.3750171833728,22.7904565445648,22.312585649366,22.5303810001845,0.0878009847488421,-0.228187092161569,0.403789061659253,22.4125429510021,0.559293150872444,-5.45017952084715,0.57867235702241,0.910508538518248,0,0,0.953106344146095,0,-0.104152590924791,-0.418299010661278,0.209993828811696,22.4125429510021,-0.667342483854961,-5.753110272733,0.507884581127448,0.834663611429138,0,0,0.931868572636777,0
"P23526","SAHH_HUMAN","AHCY","Adenosylhomocysteinase","=""AHCY""",22.8557904036389,22.6943996061749,22.2961560913175,22.9916156842109,22.9958452107356,22.9315718668541,22.4869637442633,22.7141166187098,21.9935617804054,22.6462511599075,22.4425924755141,23.3401573669534,22.7892300230377,22.8136733690823,22.70945548122,22.5932896869675,22.6991344239553,22.3145159659137,22.7945259363259,22.7747636395575,22.3387583672095,22.8131596763981,22.7968419540577,21.8810799329123,22.8339948403243,22.3661978665873,23.0168900305412,22.654404273682,22.7464701369134,22.7510579075315,22.8275235402752,23.1475035691589,22.2497460708063,22.9034882902564,23.0333748018769,22.4021541567963,22.8075085128747,22.6054362717329,22.2220219751759,22.6657128876855,22.7629507739846,23.2595950685206,22.8158603724779,22.4274988568109,23.2249506246065,-0.0938760618791576,-0.296024850690021,0.108272726931706,22.6984842509765,-0.934747966269002,-5.20656639593059,0.354795118494358,0.835884436312426,0,0,0.907305769839781,0,0.132016075610839,-0.0689545397361595,0.332986690957837,22.6984842509765,1.32222409225921,-5.1458792201762,0.192624901403693,0.677542943761827,0,0,0.804582425423955,0
"P23528","COF1_HUMAN","CFL1","Cofilin-1","=""CFL1""",26.3172733840157,25.9967380884409,26.2429008739839,27.1952495697784,26.105639412301,26.5015556904548,26.1269357482472,26.2589856803199,25.9964880958391,26.112394035103,25.8093505211825,26.3364774594172,26.4286776439244,26.151632456501,25.9624934433109,26.0950517182035,25.8758439807092,25.9968889717301,26.0615184637584,25.9477747259315,26.1769806899825,26.0485060115011,25.5918193058494,25.9382713323419,25.984214251891,25.8723906271622,26.6084904805547,26.7460061698292,25.7686583801812,25.6979711019877,26.1127639000142,26.2536972697279,25.9686388908446,26.0826861766182,27.4865886302068,25.9679147115857,25.9635274388241,26.0493749107151,25.9373010313069,25.9251239154993,25.8797855469834,26.503025541361,26.1344990319628,26.2148577845017,26.1467588340007,-0.208190406041723,-0.446799897106145,0.030419085022699,26.1462160428575,-1.75623977088335,-4.27787444646772,0.0856976581314313,0.632228637420987,-1,0,0.59958998929232,0,0.147743826835921,-0.0894749887154189,0.38496264238726,26.1462160428575,1.25363474616178,-5.22717768144412,0.216303355568488,0.704875885604619,0,0,0.797553271761828,0
"P23634","AT2B4_HUMAN","ATP2B4","Plasma membrane calcium-transporting ATPase 4","=""ATP2B4""",NA,16.5641671792885,NA,16.8229586853664,NA,NA,16.0335960549809,16.6993800595251,15.9854685258484,16.4336195204845,15.3144258154145,16.0402591518198,NA,NA,16.7466153430365,16.0926802815705,NA,16.0609581233938,16.1501820780486,NA,16.5884524526898,16.2516967383976,14.7840252512001,15.8721585771204,16.0288958206551,14.9181854652968,16.3422673033503,16.4121976033554,15.5175424458132,16.2282557189015,16.1236137506232,15.5004397541344,16.428071250607,NA,16.6085054025607,16.0630000197363,NA,NA,NA,NA,15.3441456921621,16.4774056614833,16.1252834646536,15.6649054970577,17.0730619344841,-0.381992755839942,-0.78110590999077,0.0171203983108856,16.1030131444706,-1.94715069904834,-3.9497704132692,0.0600576945913931,0.595876842903565,-1,0,0.341524665982603,0,0.197028290741372,-0.187809864807766,0.58186644629051,16.1030131444706,1.04157595337672,-5.33459595431066,0.305170064733901,0.754001885643784,0,0,0.791480423505907,0
"P23786","CPT2_HUMAN","CPT2","Carnitine O-palmitoyltransferase 2, mitochondrial","=""CPT2""",21.79260924204,21.5508297038626,21.619299733964,20.9126748442142,21.4153229040042,21.0429176370416,21.2655290752585,20.8577771763756,21.4504473239259,21.6183293540587,21.7398697590816,20.9300648964093,22.6862847743334,21.5282873341419,22.3890565081316,21.4712043538613,21.99182956149,21.1205445658076,21.3557915920531,21.6846975301573,21.2836251168853,21.8466824688122,20.6561028838187,22.0714406349049,21.7705017320506,22.0674649054685,20.7285097846017,22.3573439790545,21.405551470055,21.8518921490683,20.7858923503601,21.3113361914219,21.0344892472494,21.5232600048791,21.2410992921947,20.856714956601,21.3028419868503,21.032016101161,22.066270012079,21.5741969760332,22.0395308568427,21.0615804890662,21.7398472436583,21.7233094573047,21.9062122657114,0.0526321779905281,-0.242398698534627,0.347663054515683,21.5035795650299,0.359082865712416,-5.53076302709796,0.721174686446318,0.947417763940137,0,0,0.982943060596073,0,-0.164305686445072,-0.457617049577208,0.129005676687064,21.5035795650299,-1.1275466418723,-5.3660746329983,0.265353417071932,0.743538304557541,0,0,0.804138988486636,0
"P24043","LAMA2_HUMAN","LAMA2","Laminin subunit alpha-2","=""LAMA2""",21.150072550298,19.7785422831397,NA,19.329058722263,19.6839889561936,19.9643869311069,19.370083154966,19.6266620934823,19.3159873072793,NA,20.1728707329177,19.5530604475279,19.8755492316978,18.616059734169,19.7854299050884,20.1477213922592,20.4162712365137,19.5920899765336,NA,NA,19.7261814382117,19.5248623431296,21.7110002556303,19.1500030036632,20.0372840524101,19.8264686244307,18.1713794759439,18.6712769043519,19.126140940495,19.8769533974706,19.8600001931832,18.8402388125923,19.8341285791459,19.5791435355688,18.6786466458023,20.3795323117829,19.610003776538,19.6322974824991,19.3982320705009,19.3406085259938,19.6967564149087,NA,NA,19.5723932187721,NA,-0.0430527144084856,-0.504029703135767,0.417924274318795,19.6479307015385,-0.188901857704418,-5.51395083070692,0.851148330220263,0.95848719206779,0,0,0.993085260496614,0,-0.171081298627104,-0.638377680453994,0.296215083199786,19.6479307015385,-0.740499990093161,-5.62565243352738,0.463427116261371,0.832501173814225,0,0,0.876709416670121,0
"P24298","ALAT1_HUMAN","GPT","Alanine aminotransferase 1","=""GPT""",23.2705967263215,23.2754108020076,22.4999231514334,23.8414032013272,23.9023772469075,23.6140712417216,23.8053352639076,22.5993460738537,23.4324255294827,23.5321646647578,23.3888691261469,23.8261186798034,23.6469886864683,23.6921072954332,23.509789175861,23.5091374780591,22.9598313195535,22.7057807661874,24.0535362275717,23.7278113061309,23.0622303358654,23.6910773850712,22.5499070342383,23.4156509284385,23.8535700447218,23.8782748124034,23.2253316799458,23.0000511517246,23.4979286358353,23.3927207089952,22.9985233652377,22.3545219002974,22.638731062999,23.8722860449498,23.1907518755921,23.1602675390663,23.801165874215,22.6481297139923,23.3599434583335,23.8510437885826,23.5424128184361,23.1919517950599,23.4969571525146,23.5095617509159,23.4029753273813,-0.0922835103155037,-0.361978965182309,0.177411944551302,23.3639775588389,-0.688749487250348,-5.37966967903593,0.494437175053544,0.896077533266722,0,0,0.937068847274016,0,-0.100241089811242,-0.368364692429422,0.167882512806939,23.3639775588389,-0.752526058758453,-5.69598260246835,0.455565206527416,0.831474716578483,0,0,0.924214408296923,0
"P24310","CX7A1_HUMAN","COX7A1","Cytochrome c oxidase subunit 7A1, mitochondrial","=""COX7A1""",26.443722006753,26.5719035232484,26.3919891763717,25.5910107195724,25.645916983505,24.5070026728957,25.9812503181061,26.4092692973013,26.1229546211106,26.6081634726197,26.5320838513267,25.2072399354082,26.0619500302512,25.3707189568344,26.4583973118532,26.4089652695747,26.1917014188287,25.7912963234523,25.3713218657502,26.251901853565,25.7855035835083,26.2930365655383,26.0342948180097,25.7114384366719,25.6192843309248,26.7488986136694,25.4858360673186,27.0398562283306,26.062934069853,26.0116740762526,26.3022132360357,24.7468608898445,26.0541127217679,25.678234043926,24.8688404926744,26.4180517797205,25.9908560268561,26.1245982333737,26.5473881118607,26.2152515870153,27.1560484316378,25.9876737501836,26.0277110178521,25.9373489417293,26.0841940449658,0.0577719063833158,-0.311065774588691,0.426609587355323,26.0189088823967,0.315276953983202,-5.54374390671442,0.753975983169673,0.948679518362231,0,0,0.98381787654582,0,-0.0445706807869719,-0.411258683936267,0.322117322362323,26.0189088823967,-0.244660228020661,-5.93624822912685,0.807806661065392,0.947477443017977,0,0,0.990532270700151,0
"P24534","EF1B_HUMAN","EEF1B2","Elongation factor 1-beta","=""EEF1B2""",23.2260827894287,23.0580135837145,22.6083370233119,23.6588792615527,22.9787742906885,22.6639360194385,22.7675245154595,22.6817522966908,22.7801274481898,23.1456609721378,22.7467539936249,22.5511057990932,23.4809672237668,22.7870320646886,23.5403718525196,23.0200312270531,22.8772566442881,22.9234193386644,22.6944284343184,22.897023211607,22.8683187602327,23.1191162332384,22.4281488182116,22.645187161395,22.6077033165946,22.4771558744692,23.5876106081922,24.4033926503012,23.0173214871219,22.8193621173974,23.2523795753278,23.2075895409316,22.6844073008284,23.2130499020051,24.2798797215378,22.9905751696389,22.7224501767793,22.6353793061418,23.1134762245075,22.8037336513718,22.6595211955064,23.2333984627042,22.8228929619865,23.3494541682821,22.5345814422903,-0.0204104913358591,-0.313477720482285,0.272656737810567,22.9903014181607,-0.140183536237082,-5.57883409042453,0.889126468191024,0.963182196760887,0,0,0.997604319126239,0,0.0744861944502979,-0.21687296592886,0.365845354829456,22.9903014181607,0.514585944290006,-5.83868281782575,0.609303931475383,0.880375407265006,0,0,0.963769330837375,0
"P24539","AT5F1_HUMAN","ATP5PB","ATP synthase F(0) complex subunit B1, mitochondrial","=""ATP5PB""",24.9155921131604,24.9619734159375,25.2956088233971,24.7697493882898,25.0566126206314,25.0378154225035,24.7833949003637,24.667261265731,24.4511373193274,25.2864764873353,24.9020960754054,24.7476525214834,24.6401902559815,24.7473909118346,25.0766055728829,24.9746783421349,24.9441878162494,25.1297666393115,24.8600969083558,24.9349855857123,25.2861460437293,25.2917909779795,24.4899299478106,24.8414508504593,25.1137923652447,24.7749034630516,24.7032085242255,24.7174562109009,24.8161611341116,25.0499564437123,24.7079775162003,25.1752477689032,24.9092362016765,24.7218215159777,24.8799356353272,24.8381807395434,25.044549173234,24.5158114151205,24.7174444602897,25.0335207534984,24.7943138550736,24.9350260798412,24.8840031728978,24.594956591973,24.8230187995969,0.0318138561495971,-0.121922793046709,0.185550505345903,24.8854024894757,0.41653328545855,-5.51120057475362,0.67895535752125,0.942492860389654,0,0,0.987757238001545,0,-0.0902311715890391,-0.243071805322813,0.0626094621447348,24.8854024894757,-1.18830678424429,-5.30086169755446,0.240806201667485,0.72223973331517,0,0,0.879441891826847,0
"P24666","PPAC_HUMAN","ACP1","Low molecular weight phosphotyrosine protein phosphatase","=""ACP1""",21.9153220322487,21.5627371118185,22.5242116191745,22.5631117649129,23.2243130795474,22.9389592881346,22.3822717782617,22.4631335297783,22.4790584549966,22.6664562312678,22.8723480362444,22.5773628507387,22.3958873430349,23.1977481309803,22.239242133917,22.2968674320844,21.7584972757856,22.2688473176382,22.9210237380866,22.3829627389443,22.553833592508,22.723497835168,22.5481475993784,22.5976132662734,22.4983260124364,22.7484006645294,22.2476119571022,20.7915344294923,22.6298928865964,22.3652671196052,22.4210798870135,22.2938658436708,22.4454941031112,22.823603048676,22.1222134593899,22.4825516654224,22.1760428650599,22.7427933647623,22.5005883903738,22.4723974109847,22.6198105617107,22.5944840994431,22.566866807329,22.4584559218738,22.8451695702036,-0.180352407010179,-0.453943164890883,0.0932383508705245,22.4644423166602,-1.32687902928927,-4.82810990028506,0.191092108210526,0.735164347255353,0,0,0.741942758219271,0,0.148872875559725,-0.123123327276697,0.420869078396147,22.4644423166602,1.10170049826837,-5.39283720019997,0.276318059721642,0.747796548567826,0,0,0.825735567853511,0
"P24752","THIL_HUMAN","ACAT1","Acetyl-CoA acetyltransferase, mitochondrial","=""ACAT1""",26.4923592412968,25.5232771143695,25.8538342630076,25.9851111690448,25.8804192855771,25.6353383952614,25.7537053529099,25.6715104535111,26.0517955302785,25.90671242568,25.8422990855482,26.2051166350742,26.7891491658805,25.7177725810953,26.4021989544272,26.0472969387569,25.9524456686567,25.7079089423078,25.9902505328775,26.1140083908672,25.5339986167859,26.1632274968681,26.3093257525178,26.032478651268,26.2289185546329,25.9394696493628,25.2437338342321,26.7402232430032,26.0089094231463,26.5009692975835,25.6398510040287,25.246546727668,25.6439017493511,25.9094062504935,25.6409986794486,25.6685884230558,26.1338212038165,25.7302128105721,26.0400496071951,26.0413106252488,25.816235654723,25.8553210165556,26.3960078880691,25.8003629544651,26.2975541954634,0.0462560934916567,-0.174015569781779,0.266527756765093,25.9574207430218,0.42268917998513,-5.50893391896841,0.674489726482469,0.942492860389654,0,0,0.981949305470348,0,-0.176866413514141,-0.395854278699857,0.0421214516715758,25.9574207430218,-1.62568399237697,-4.73910193415285,0.110843433869219,0.584670953237828,0,0,0.677705919104152,0
"P25325","THTM_HUMAN","MPST","3-mercaptopyruvate sulfurtransferase","=""MPST""",19.8027233576113,19.830520251953,19.9439130725214,19.6766473364553,20.3010255944712,20.2791021794466,19.7317171199085,19.8391426162185,20.0510333832774,20.1919109960803,19.3354560704333,20.0816111436062,20.2166775958775,20.7394104410202,19.8135140570943,20.2433305369944,19.0292819489344,19.6122730652569,20.0450624491516,20.3199795471544,19.9121233384739,19.7774345875688,18.8844265594499,19.7979583155265,19.8811517288814,19.3167805492807,19.5706446526924,19.8211692244228,19.8594376973912,19.8211013726713,19.9460467553533,19.0198888436591,19.9131291468793,19.357481177503,20.1261267625144,19.5909631544744,20.4161734786228,19.7707920763246,19.6259976938646,20.0404052926058,19.5767159800933,20.4964185970586,19.9761031522772,19.9633334445285,20.3927369201337,-0.272390607947486,-0.524049963044637,-0.0207312528503349,19.8653082947937,-2.17866200516732,-3.61054865854246,0.0345127362064047,0.501991483032482,-1,0,0.399723165242522,0,0.154677126802817,-0.0955154949250518,0.404869748530685,19.8653082947937,1.24440689322377,-5.23780868612542,0.21964761055503,0.707421930768918,0,0,0.791006666630377,0
"P25398","RS12_HUMAN","RPS12","40S ribosomal protein S12","=""RPS12""",21.8501749720094,22.0943310292335,22.1912575507514,20.7478474767984,21.8966233294126,21.161901723133,22.3452112902746,22.0960559716803,22.1332301240393,22.2093442644212,22.0613884348561,21.1078798567299,21.1599042413148,21.7246419177769,21.2274250567849,22.2227429924457,22.2306773373653,22.2699503892606,21.878703861313,21.7406217100206,22.1541705414603,22.1814827493819,22.2093235687934,22.2755866103963,21.6482938603618,22.1056584647437,22.214400698893,21.8314225401909,22.1914449757632,22.1604174232877,22.2435738429069,22.2352240471187,22.3392830112774,22.2118136795948,21.3182649303261,22.2306758122448,22.0709444101593,22.1744848272409,22.1730479841443,21.9767477733224,21.9730782310846,22.4575233956951,22.4415089818721,22.2654793850222,21.2311219207424,0.360878513231768,0.0995771666717464,0.622179859791789,21.9703308265699,2.77990648733497,-2.47432788738066,0.0078486531883504,0.416167334657996,1,0,0.173890877788561,0,0.00185830060500081,-0.257920116659227,0.261636717869228,21.9703308265699,0.0143987142089043,-5.96473309518427,0.988574099628876,0.999903966701438,0,0,0.999978645236779,0
"P25685","DNJB1_HUMAN","DNAJB1","DnaJ homolog subfamily B member 1","=""DNAJB1""",NA,17.6388035886085,NA,NA,NA,NA,17.2933403245402,17.8358261059907,17.8500303364621,17.6499524525162,16.8110841611843,16.7775848819431,NA,NA,15.8670805925435,NA,16.7300976272648,NA,16.6143527277819,17.2630912497769,16.5903969409201,NA,18.5856025371124,NA,16.2941725053045,17.6663474115718,16.5355564212541,NA,NA,16.5261060945172,16.8270139400448,18.3402355301106,NA,17.5840472453439,NA,17.6408550190318,16.2243162414007,17.9433484306547,17.7580135497847,16.4669994155457,17.4904106203229,17.6805380838524,16.7714634117009,16.1815391816102,NA,-0.214399588693713,-0.817329478755586,0.38853030136816,17.1530416078861,-0.726182785621705,-5.14707106934652,0.47334710530174,0.896077533266722,0,0,0.851841250037519,0,0.284979289778128,-0.260801988525639,0.830760568081895,17.1530416078861,1.06630999921963,-5.27128773123254,0.294778644593993,0.754001885643784,0,0,0.706020565796476,0
"P25705","ATPA_HUMAN","ATP5F1A","ATP synthase subunit alpha, mitochondrial","=""ATP5F1A""",27.4791159390679,27.432369024783,27.937259153057,26.9286955680666,27.8214091136524,27.6801280408395,27.6858420005466,27.3390252751272,27.6239007068496,27.6512744792312,27.7508442185838,27.7934899323033,27.4166485733501,27.2221770334321,27.9334674654118,27.9070765995522,28.1737602526348,27.7853071900763,27.660499629598,27.6399512527174,27.7670648377696,27.9754913381045,27.5530530150582,27.6459226774822,27.8808620941094,27.8499798113226,27.7054696378185,27.5327790123009,27.5263472410081,28.1008859452231,27.5721634794225,27.6923007088853,27.8731816677282,27.534859692572,27.4521679357058,27.6909526343498,27.6960125834076,27.4270012351046,27.6208920986602,27.8112828960047,27.9422163604886,27.7761641064716,27.9050859813911,27.594563856672,27.8183409603265,0.199835778400104,0.0388493607476445,0.360822196052563,27.6846062945838,2.49858897940203,-3.0309169597425,0.0161003359089267,0.473767971577395,1,0,0.438188992646828,0,-0.0864842891723541,-0.24653243790697,0.073563859562262,27.6846062945838,-1.08767056371673,-5.40711895285504,0.282401823653581,0.747796548567826,0,0,0.896414072605253,0
"P25786","PSA1_HUMAN","PSMA1","Proteasome subunit alpha type-1","=""PSMA1""",20.754170652668,20.9258871098307,20.5816463815251,21.1970245459268,20.7147188875233,21.3951021986908,21.0892577184787,20.8852640648256,21.0747896968207,21.0984737777667,21.0336788682066,22.0406555214334,21.1936235259733,20.7989975503322,20.7309514001826,20.859928591711,20.9103063315132,21.2254487164469,21.2943494680854,21.2028782361435,20.7883475673801,20.7272157483052,21.347571165584,20.9579948181625,21.1704791232424,20.6599827535785,21.0005810057612,20.8223514649494,21.1705155060338,20.8788959715186,20.6165895077337,20.7846153476289,20.8810013552652,21.2717407545017,20.5526905406424,20.8155423688623,21.1355151321611,20.7619228198955,20.7128862415378,21.1578642329357,20.8735862763578,21.1289797393313,20.8238709146563,21.0128122339219,21.1186404304922,-0.0319384391834738,-0.228479771531216,0.164602893164268,20.9817632503228,-0.327092512446771,-5.54040782755418,0.745080444623568,0.948679518362231,0,0,0.990645722314673,0,-0.0912392381661178,-0.286635078702175,0.104156602369939,20.9817632503228,-0.939890252869337,-5.54695534409401,0.35217902863454,0.786466622673627,0,0,0.909174080997388,0
"P25787","PSA2_HUMAN","PSMA2","Proteasome subunit alpha type-2","=""PSMA2""",24.3550765562959,22.6739850929403,22.9497679800648,23.870132489169,22.7752301385858,22.7786118037886,22.8023558413894,23.0802294474485,23.2086877684863,23.124246758261,23.3953339586936,22.9593635527791,23.1160475166685,23.6149414955165,23.3626199437902,23.1308179015211,21.7848150940307,22.7695157122584,22.9733777115465,23.535889446172,22.5306716184366,22.3502066853356,21.9999291983491,22.9819919316231,23.3190748057358,22.9249252565991,23.543689116684,24.1126342743011,22.8593462998804,22.653155667161,22.5237813896649,22.3441342671526,22.7055962935686,23.2489499521148,23.668231137681,22.8253329305982,23.1900304103997,23.1353126085737,22.4386392713818,23.309122664695,22.7886999030909,23.3608091466792,22.8272149214644,23.2648596158928,23.4323567182942,-0.307721644644079,-0.636993306812543,0.0215500175243838,23.0355498287725,-1.88111132841381,-4.09298161475008,0.0662892810110748,0.612150491830663,-1,0,0.433843002049402,0,0.106202034107817,-0.221150550845038,0.433554619060672,23.0355498287725,0.653022086459364,-5.7620554041353,0.516989848934759,0.834663611429138,0,0,0.932333323932436,0
"P25788","PSA3_HUMAN","PSMA3","Proteasome subunit alpha type-3","=""PSMA3""",21.728041750885,21.5512862492182,22.1488802218512,22.2630728051052,21.8607498002352,22.5239639390781,21.6835175185683,21.8509620317138,21.9446273679467,22.3512968152548,21.7148864654814,23.1893853918365,22.1086858868435,22.1834869042398,21.9046278896169,22.0821182496328,22.5709622892271,22.0283732929994,22.3110158611641,22.260776638843,21.7779788007862,21.7769192835017,22.387998272376,22.1190503152267,22.2311568143178,21.7031742290203,22.2858589177034,22.6582247914203,22.0551718492481,21.9807717222304,21.850418459763,22.0417548194775,22.0184285223149,22.4101519958292,21.5786524339683,21.8209640272463,22.4076856985313,22.0045653430766,21.7944436535528,22.0337566712282,21.9292768770631,22.5990727624381,21.9638574036272,22.1585457172928,22.1368920850381,0.0767026358097276,-0.148586002386115,0.30199127400557,22.0885664185782,0.685301698806284,-5.38173318499565,0.496589635326823,0.896077533266722,0,0,0.947724741439575,0,-0.0987389904833087,-0.322714590412664,0.125236609446047,22.0885664185782,-0.887357826298597,-5.59195430747001,0.379498376844112,0.796038302630268,0,0,0.908765042285354,0
"P25789","PSA4_HUMAN","PSMA4","Proteasome subunit alpha type-4","=""PSMA4""",23.8104576762606,23.0150635596493,23.1621258484789,24.1026013225065,22.9752198980683,23.4113131606397,22.7092582723982,23.2113794382938,23.0940086873775,23.193523930516,23.2225889857548,23.6359022688868,23.6917716304545,23.230241444847,22.9739860821977,22.8211119744234,23.3673889903749,22.9517071506015,23.270438515398,23.5248239614548,23.0982910815435,22.7388707790159,22.7613937271084,23.1816439875985,23.2516300478429,23.0790888710668,23.4219346977557,23.6566333532588,23.0400861755208,22.8991179099737,22.9999474675853,23.1053445360595,22.9809121096187,23.5723683203869,23.5467640855852,22.9241832721457,23.2299618257438,22.7738526078483,22.8862760800694,23.3693731403519,22.9892807655182,23.2506351099176,22.9226145183179,23.1017758070493,23.46371274949,-0.162558171197976,-0.376532764425192,0.051416422029241,23.1915690183323,-1.52917576053477,-4.58583870762032,0.133062977850878,0.708378884160682,0,0,0.720457466581398,0,0.00352274484998816,-0.209204751181323,0.216250240881299,23.1915690183323,0.0333325370466013,-5.96430124790614,0.97355349644556,0.993453998255636,0,0,0.999905586077908,0
"P26038","MOES_HUMAN","MSN","Moesin","=""MSN""",22.9586628812912,23.6328903987362,23.303323115937,24.1544810095906,23.1462649581283,23.5155954896123,23.8078146956042,23.5653538962941,23.1395261597972,23.1877064264949,23.3581075024634,23.2658040073225,22.9616040406222,23.2237239163809,23.5819337359547,23.239027672835,22.5923723324077,23.5909814125243,23.9219937698547,23.4749438559156,23.4968905866192,23.418424822952,23.0188957803155,23.3343362349464,23.5579669752215,23.4425066142903,24.5442978227155,23.2155951921003,23.1325361576861,23.4431296472808,23.9089571361174,23.971556000715,23.3973150556109,24.5951209227284,23.9218572739742,23.0174864915793,23.3525178118763,23.3947964452869,23.2253916953407,23.4931683811241,23.3073717514729,24.3614975750831,23.7663693251056,23.3012493078796,24.0564088793372,0.0503206478951768,-0.218916345322593,0.319557641112946,23.4955056703361,0.376203041427789,-5.52523438210358,0.708494016795144,0.947417763940137,0,0,0.982808310051372,0,0.243144345037766,-0.0245234679599979,0.510812158035531,23.4955056703361,1.82843208160758,-4.42618830751949,0.0739674189418346,0.50112926333093,1,0,0.530901050234409,0
"P26196","DDX6_HUMAN","DDX6","Probable ATP-dependent RNA helicase DDX6","=""DDX6""",NA,17.2841600141822,18.4448301118531,NA,17.9306412742795,18.0454923815473,18.5731136999072,18.3704963761743,18.4635000487225,17.9080661020387,18.5394796812645,16.6754406255191,NA,17.8340310159845,17.0801854774485,18.5103932132488,16.163976213294,17.7956432507511,17.887314467173,18.3780129915955,18.3068677563842,18.0415629030664,NA,17.8648672306858,17.5416749418561,16.1461727019303,16.580648927487,NA,17.6497890347651,17.4194626894124,17.8634491308141,NA,18.1794281993409,18.4724103026913,NA,18.6021330599354,18.248150276455,18.296801402263,17.3980226175225,18.2820613953596,18.7644047692144,17.7767251685465,17.9148730849505,18.014384327327,NA,-0.377460658350472,-0.824661464115476,0.0697401474145316,17.8715855909457,-1.70863309953894,-4.30678290985335,0.0956673958978369,0.657193415298184,-1,0,0.412361860566951,0,0.556711955755087,0.112283036568739,1.00114087494144,17.8715855909457,2.53575877374374,-3.08397853473028,0.0154494345625484,0.3149976272594,1,0,0.0981173896344275,0
"P26373","RL13_HUMAN","RPL13","60S ribosomal protein L13","=""RPL13""",19.4752339672703,20.2046742856917,NA,18.8366545143867,18.2386841835832,NA,20.5529225989144,20.2081131297512,20.0021367989183,20.2404080512308,20.2664864366125,NA,18.8155164123354,18.7610172081669,19.1144694908893,19.6469102016684,19.567528677385,19.9526973854796,19.4818453478359,18.7152661411526,18.3218962241112,20.1447085079085,20.9668544519147,20.2685859440423,19.0269635671232,20.379730926307,18.7851900497785,18.8753441631795,19.4495731214151,19.3805218527201,19.8302810531968,20.0421258082018,19.6858755162784,19.1465945646348,18.8263682474098,20.4888653894171,19.6330136892567,19.5396990488104,20.6562743647479,NA,20.5886663634963,19.5576714139182,19.1168411972104,18.9629490115953,NA,-0.0105294447422288,-0.470683335651583,0.449624446167126,19.5938789826986,-0.0462106267047391,-5.53821858766154,0.963366502551846,0.985435363040972,0,0,0.999607104054216,0,0.163844453943273,-0.284061747796726,0.611750655683272,19.5938789826986,0.738727313524648,-5.67344490719912,0.464276543378324,0.833238034804806,0,0,0.881867255793439,0
"P26440","IVD_HUMAN","IVD","Isovaleryl-CoA dehydrogenase, mitochondrial","=""IVD""",18.5346122657549,18.3537390389242,18.466262319896,17.5963152043091,18.6225485457784,19.3506020989617,18.3341252826739,19.2107843620121,18.1463005181344,18.0978072849472,19.0125156092586,19.0012350837521,19.4799687673133,19.3049951562692,19.5675823986736,18.336284430087,18.2134778729997,19.0155201691724,19.0731831192899,17.9564557250074,19.3347702912352,18.0921888085072,19.4701331821228,17.6762013875503,18.8147705191558,18.7120737525812,18.7904440868575,19.1757906532431,19.1583860250737,19.9626000503198,18.5141036431381,18.6838227464493,18.5754239304606,18.0995510208132,19.3126586465236,19.3944537984587,17.9761561979338,19.1995033822717,17.531144157613,18.5406620394429,19.4416280004266,18.9181096393716,19.4476309527265,18.6826762008422,19.1691311272716,0.0575379821705937,-0.307062557316202,0.422138521657389,18.763296210969,0.317649466551005,-5.54308383435627,0.752187045533893,0.948679518362231,0,0,0.983748399818062,0,-0.0197083059639596,-0.382183862743408,0.342767250815489,18.763296210969,-0.109441334535185,-5.95910950040617,0.913328075213327,0.979656818909501,0,0,0.998214837811746,0
"P26599","PTBP1_HUMAN","PTBP1","Polypyrimidine tract-binding protein 1","=""PTBP1""",NA,17.4849755149889,18.0416915384793,18.5760282592794,NA,NA,17.6111878446449,17.9216528950776,NA,NA,NA,NA,19.0345543771856,NA,17.7436144706077,NA,NA,NA,NA,17.8101610550092,17.4428281883803,18.0497444251751,16.1834122812436,18.074018400771,17.6196694414442,18.4177065560925,16.0179232923609,18.777393947097,16.2824099775726,NA,17.4033678320169,16.6686577019035,NA,18.1805909796477,18.5151466339606,17.6882619117635,NA,NA,16.784229014188,NA,17.1850930994057,18.035629135095,17.4991476969994,17.909427152268,18.7689230976429,-0.600158627586403,-1.28310099046011,0.082783735287307,17.7045516685822,-1.79720425130865,-4.12936708184463,0.082710502421558,0.632228637420987,-1,0,0.224060185207199,0,0.222105400984645,-0.3801170963682,0.824327898337491,17.7045516685822,0.754253927670582,-5.53856834861149,0.456769560131727,0.831474716578483,0,0,0.840266211046165,0
"P26639","SYTC_HUMAN","TARS1","Threonine--tRNA ligase 1, cytoplasmic","=""TARS1""",NA,19.0026562401436,NA,NA,17.4340842387626,NA,19.3770611906144,19.0128032641217,18.6637577984626,NA,18.2018029986132,17.726707991037,NA,18.8207626042056,19.0693656284119,18.871722990294,NA,19.442920726872,19.5894860516849,NA,18.3953461439433,19.2196815242135,18.6317821214656,19.5884318873351,19.324721155724,18.9713706340604,19.9293768697267,NA,18.8957228834782,18.2067599827744,19.3456832193637,18.9120712974435,19.3074619080081,19.1903124936513,17.7709567526403,18.0478904487998,NA,18.3297814814192,19.2181665110664,18.6274320542049,18.9837197235051,19.8030648572202,18.4584170407056,18.1733575031229,18.6860191556056,0.473347922583212,0.0143517599133714,0.932344085253053,18.8351616963629,2.0914252175824,-3.72782567130617,0.0435995334090538,0.541576330957584,1,0,0.226987298482887,0,-0.286369786780622,-0.694936886319922,0.122197312758679,18.8351616963629,-1.42146026542095,-4.96429524240023,0.163778844821761,0.652706866863196,0,0,0.595644553151582,0
"P26640","SYVC_HUMAN","VARS1","Valine--tRNA ligase","=""VARS1""",19.7099547935892,19.4656329304864,NA,21.0688657870115,19.479877633459,19.5949998238874,19.4157214503551,19.1204457746148,19.5124268817164,NA,19.3695099081864,20.6915898296933,19.7236087540589,18.9391395258897,19.6025953268256,19.5831122570642,19.6123314534776,19.2969877543554,20.2989574306918,19.8485566492076,19.7970216990394,18.7985969741275,20.2531811018313,19.7518160875233,19.4584435763249,19.0769988717292,20.1274581903679,20.3080042767861,20.1375688875912,19.8001963695808,20.0060471464978,20.6633583958391,19.504947433522,19.9693338042077,20.9595199744621,19.3301682621213,19.6660997321761,19.5509366230183,19.708042291397,19.4487874479666,18.6256238198464,19.8977465832112,19.3934509921802,18.9973399925528,19.0949392576592,0.0960148729132015,-0.275183888422301,0.467213634248704,19.6897660873519,0.521284529544544,-5.4389401690697,0.604780147052832,0.923983206133899,0,0,0.952862233772922,0,-0.0888593215360487,-0.445097399684984,0.267378756612886,19.6897660873519,-0.502696078146331,-5.8443174120854,0.617682591972607,0.885002928226612,0,0,0.958092746013904,0
"P26641","EF1G_HUMAN","EEF1G","Elongation factor 1-gamma","=""EEF1G""",22.3842050704251,23.0264764275913,22.4186827240673,23.4054956286223,22.6381487194933,22.6753140076285,23.009429934878,22.7577127839186,22.9363445322584,22.9579644772612,22.8012647815424,23.2595068333451,23.197359224504,22.756831138442,22.4220392907767,22.5188986285308,22.7618518908945,23.0595739629854,23.1582673920817,22.8897898150949,22.1562217201709,22.5268134303135,23.0124934957627,22.8627594393271,22.8963984239051,22.3034777273724,23.1297553209051,22.8396084002451,23.2001759615199,22.6980233460006,22.9039486777215,23.1606537323098,22.6196605400298,22.9124838786541,23.1338152465836,22.5180505833875,23.3292423456424,22.5371252900378,22.5820803313604,22.8700507722064,22.5830839579766,23.2723777553131,22.9102080534124,22.967422207973,22.3393255823311,-0.0423188083536417,-0.252042448122665,0.167404831415382,22.8288980774401,-0.406159722444285,-5.514945613439,0.686506915234556,0.944052408976364,0,0,0.9842082644741,0,0.0416946666553315,-0.166806651532768,0.250195984843431,22.8288980774401,0.402515409360085,-5.88755550580943,0.689167576251043,0.915228679438145,0,0,0.984598133076334,0
"P26678","PPLA_HUMAN","PLN","Cardiac phospholamban","=""PLN""",21.1552651241175,19.1327041259995,20.2913540935174,21.1354106606559,20.3547973784574,21.6827581634862,22.802856998326,20.3159898779646,21.9408709380612,20.5502221504569,20.5089511738473,22.2426866191546,21.9357746372369,20.2239909803356,21.7847344308238,21.6497263160168,22.2591054825027,21.2055886898492,22.818068786361,21.0745026663041,19.414556238554,19.7722448650777,23.1907278072032,21.5099387787212,21.9817623315335,22.1364956141026,20.776927711896,21.8219998540994,21.4909611848424,22.4201297687828,21.1871540147494,NA,21.4743484901253,22.5212138520554,21.2365951396617,21.7398186772862,21.1650725004686,21.0703543368432,21.4297319187133,20.7968870267483,20.0560444187579,21.2116926182754,21.5847859174652,22.4357050405086,21.5232511381891,0.541297559115236,-0.0621289950305269,1.144724113261,21.3412217849576,1.80668523722089,-4.20499549431121,0.0774947361756062,0.627906067474142,1,0,0.25047579010794,0,-0.192679108452793,-0.802640856577326,0.417282639671739,21.3412217849576,-0.636213488573109,-5.7571338574956,0.52785724476489,0.840054692381709,0,0,0.88416786002576,0
"P26885","FKBP2_HUMAN","FKBP2","Peptidyl-prolyl cis-trans isomerase FKBP2","=""FKBP2""",NA,21.2043272472381,21.4387654274846,19.6193154583283,21.8944417421423,22.1610396455129,21.4651667314118,21.5184159375119,21.2400802304209,21.7174824165144,21.3501670097747,20.7696906285931,18.5271723571346,21.3276416366905,21.284873505694,21.5754958795115,21.6739234766299,21.5665978906454,21.6617693444571,21.1101927710469,21.5029308599775,21.6704105780142,21.3207893736995,21.3428858936206,21.458041464739,21.3537744645609,22.1098573313599,20.6492104045276,21.2535784197397,21.5398613593915,21.8095127191533,22.4941372762726,21.5228444989366,22.0392755028151,19.0347137629841,21.7256814045459,21.5246004621549,21.0323708612499,21.5675579940899,21.2167709356393,21.8438324515525,21.7354489243074,21.5087746860005,21.6950170472182,21.4318161340005,0.340611192897757,-0.146760880048672,0.827983265844187,21.3520512306203,1.40756714196048,-4.72494609554068,0.166123524955254,0.723287465422682,0,0,0.542587919187739,0,0.0262023432666645,-0.450338372162413,0.502743058695742,21.3520512306203,0.110741643409675,-5.9589650191394,0.912313220420344,0.979656818909501,0,0,0.997598249886179,0
"P27338","AOFB_HUMAN","MAOB","Amine oxidase [flavin-containing] B","=""MAOB""",23.4280434912547,22.4055059979281,22.0571104648734,21.9655973433542,23.2221975501732,22.9042525577851,22.7766018617393,23.2406871698332,22.9845401553142,22.6308244805821,23.0472046425906,22.6124338716879,22.9921800780383,22.9945365062324,22.9623050064227,23.9058581097174,22.5782949941137,22.1171237839786,22.891411538059,22.1695518077131,23.3989868130211,23.6151463295989,23.7421727553643,22.8866544932443,22.7656486399271,23.0197562600415,21.905285169161,22.8446083306442,23.3624300452326,23.0891764850635,23.2053544985943,21.8934028430493,22.3434105460837,22.438318359263,21.6976116871992,23.5359350466078,22.2657987595018,23.3304202166595,22.8813764760524,22.8790630296289,23.0018536897897,22.0674421096656,23.4600325081074,23.3555662291111,22.3893424111423,0.135114862939805,-0.202667363829757,0.472897089709366,22.8280234476255,0.805150636485412,-5.30409211436672,0.424871373437869,0.872297158372813,0,0,0.890783284842133,0,-0.236478476294955,-0.572292024159804,0.0993350715698928,22.8280234476255,-1.41743846913008,-5.02642991487596,0.163087021035468,0.652706866863196,0,0,0.651259602386809,0
"P27348","1433T_HUMAN","YWHAQ","14-3-3 protein theta","=""YWHAQ""",19.7381362945885,20.19431145616,NA,19.2701440294491,NA,19.8930635902193,19.9038130815115,20.2434803181389,19.6742734937636,20.118874304879,NA,20.0817466721519,20.469849778173,19.6893241909217,20.0875138115924,20.5097932229309,20.062284536199,19.714313682829,20.0264089952035,19.7994138528346,19.6533282285623,19.6329476098082,19.8000425685586,19.5872430803806,20.9765332243146,20.5574881609258,21.5838113254255,20.6165233131261,19.7086609593104,19.6931474983703,20.5058977586611,20.5728910383077,19.5864979249331,20.4482711431495,20.1054671058472,19.9201497853618,NA,NA,20.5472222771937,20.0591621625926,19.8069106614744,20.2545324946154,19.9594602525349,21.04754067664,20.6946975304487,0.209813659284571,-0.13029753784872,0.549924856417861,20.1198793023022,1.24581144256069,-4.87868692056216,0.219898893051748,0.752472233109963,0,0,0.72776205778564,0,0.134542918094226,-0.196521047628093,0.465606883816545,20.1198793023022,0.820707528053463,-5.61318645463633,0.416554557122268,0.813804320145153,0,0,0.888852188893595,0
"P27635","RL10_HUMAN","RPL10","60S ribosomal protein L10","=""RPL10""",16.9258513659476,16.6188253423484,16.2157896572746,17.1767412169259,NA,NA,17.1085127102103,17.8715823259449,17.3689409720757,NA,16.8184404727908,NA,15.4799645598968,NA,16.2773751068111,16.7140848089715,NA,17.1901232917396,16.0408085740252,16.9566824514883,NA,16.953837902764,18.3679224913757,17.9751182045454,15.8190422027223,16.5631530981747,NA,16.2169764982673,17.1496899701282,16.2928084502836,17.1645487831577,NA,16.6148635642131,NA,16.9292205122629,17.7959397248729,15.8910229720464,16.9700790875105,17.2918926950775,NA,16.7701527048119,NA,NA,NA,NA,0.0925320466608532,-0.409920542650946,0.594984635972652,16.8509997239555,0.375578215723829,-5.3968175010944,0.70978492616155,0.947417763940137,0,0,0.968778418629459,0,-0.02524858301474,-0.557250210224775,0.506753044195295,16.8509997239555,-0.0967893033806552,-5.75938303794685,0.923515952685239,0.979656818909501,0,0,0.99799305741874,0
"P27695","APEX1_HUMAN","APEX1","DNA-(apurinic or apyrimidinic site) lyase","=""APEX1""",19.698358143176,19.0948740102555,17.7068100471107,18.7358294246288,18.5898604244144,18.4296094064112,18.5218162336555,18.320673405029,18.3267232696404,18.3486208030649,17.889817953546,18.9532264951634,17.8889378573944,19.2667286911874,19.8794701828299,18.6440035280923,18.6755156142186,18.6743050706728,18.748984044861,18.1079907251669,19.1176059367769,19.3541848208055,18.5239973170164,18.7521734663228,19.5182393708698,18.8898561554524,19.5003368102613,18.2364576935119,18.1546084569642,18.7589024396038,19.5519148151853,18.9498063525657,18.6108223124164,20.053575171466,19.9219961316334,18.5542951030809,17.8885696276294,18.9522935888437,18.6910389980033,18.7634969257249,18.9217458300216,18.9337254257278,19.1476353006704,18.9040932709049,18.742132332619,0.137583906115733,-0.236301117485683,0.511468929717149,18.7976813107688,0.740696642184459,-5.34735706248653,0.462638373190117,0.894151228917902,0,0,0.899378784799392,0,0.195331982393085,-0.176373946216295,0.567037911002466,18.7976813107688,1.05775400791788,-5.43699318209129,0.295685979369405,0.754001885643784,0,0,0.788199795496137,0
"P27797","CALR_HUMAN","CALR","Calreticulin","=""CALR""",19.765944717238,21.1442439318856,21.2849681682663,20.3131094651017,21.3663705347344,21.4681153361492,21.5233525234162,21.4185753910664,21.6363768342209,21.0259428127427,21.2961687174212,21.7053326174727,20.1293987681499,21.7681309232772,21.1620280575268,21.2115943451435,21.0547413135062,21.5559664930391,21.2705055743674,21.0395582977338,21.4477998786677,21.3264100492453,20.9859971677931,21.4185496980402,21.2232850706631,21.3904782248533,22.2593172827989,20.8603268006968,21.764032812544,21.4232610772165,21.4214971322064,22.0585638519268,21.3082835471679,21.6814587097757,20.8951651660219,21.0028645784468,21.3773820112997,21.2412029586152,21.5549861412719,21.3600904304211,21.5630850853429,22.1770254665295,21.8264317038597,21.3600321071399,21.8387003169339,0.221581045658827,-0.0772860313855672,0.52044812270322,21.3312589353764,1.49233162086519,-4.6322614880295,0.142433349625869,0.708378884160682,0,0,0.649316430817952,0,0.162329674710023,-0.134795530609747,0.459454880029792,21.3312589353764,1.09968736063124,-5.39489710762667,0.277185295980308,0.747796548567826,0,0,0.811979502150802,0
"P27816","MAP4_HUMAN","MAP4","Microtubule-associated protein 4","=""MAP4""",21.4555803022011,21.54104334705,22.1888668346553,22.3193205263507,21.6187753965063,21.3949350828874,21.7412787936488,21.874799903094,21.894956001072,22.1017284721235,21.3279627216767,22.1077638809205,21.3667466248233,21.1498849872497,21.5049865778935,21.5766273864312,22.1570356284995,22.1530778896827,22.0877394297481,21.4654138580445,21.308827025779,21.7617529011772,21.8388289669128,21.765890215437,21.5747566311618,21.4227280313694,22.0612142333338,21.7306367437401,21.4943067073076,21.6201781077716,22.1922900511132,22.8482607227602,22.0665778571993,21.9945015401942,22.7236078699621,21.2242203083136,21.6616736705964,21.6161850618268,22.0629075267545,21.7054555439881,21.6693829487064,22.0850066142269,21.6505345636222,21.5954939288761,21.5929265932446,0.0315397543751388,-0.208854572911383,0.271934081661661,21.7843704002207,0.264085709965724,-5.55678586666365,0.792892403945989,0.948679518362231,0,0,0.992707361483131,0,0.178000736332553,-0.0609925129710694,0.416993985636176,21.7843704002207,1.49915650973954,-4.91789486932489,0.140659172201678,0.627836352156668,0,0,0.705299030636779,0
"P27824","CALX_HUMAN","CANX","Calnexin","=""CANX""",21.9153433495076,22.072848998429,22.1659421280265,22.3503847679153,22.4052339419411,22.3959752638514,22.2085905007165,22.2678213730437,21.8571139391685,22.0456783655268,21.9024567913752,22.1939082151652,21.8286259612098,21.8488351309997,22.0844086994477,22.2566175484046,22.1380531435065,21.9840646656403,22.3409633640882,21.6865520225369,22.2767157525623,22.3536791001066,22.137524615306,21.5332751785173,21.9019126342149,22.004830206797,22.8608184843751,21.5462387252519,22.0880894772537,22.1250934359291,22.5909879130242,23.0203019636599,22.1677854350466,22.6270212849123,22.4935744566932,22.2146885570647,22.0608589273202,21.9912577669674,22.1518981278381,21.932815191166,22.1472816974905,22.5762434565807,22.3136373806081,22.016149263785,22.2329144262362,-0.0195456117938839,-0.220053732190591,0.180962508602823,22.1625558139824,-0.196213151298776,-5.57053442166623,0.84530683980301,0.95848719206779,0,0,0.99672063949672,0,0.220199166260155,0.02085965710337,0.41953867541694,22.1625558139824,2.22347932575842,-3.72843575751087,0.0311308467987807,0.361917289076479,1,0,0.465802591059984,0
"P28066","PSA5_HUMAN","PSMA5","Proteasome subunit alpha type-5","=""PSMA5""",22.8368903919685,22.7792706843862,22.8028261330314,22.7470398595684,22.6629033439829,22.9457601648165,22.6934022184977,22.7661103370039,22.7803274016392,22.6013897690292,22.5802092347597,23.2140570519475,22.0884917330349,22.9027998460944,22.3028009209067,22.7933620519659,22.2339241561894,22.7486864977881,22.8957115782251,22.6742221081182,22.771496711803,22.5486279815926,22.5235429142552,22.4433368466788,22.6424517228062,22.2200083658524,22.6579632875788,22.6628344551087,22.8053354892815,22.5102787130973,22.6934340767369,22.54823331087,22.7640452671032,22.8367579807837,22.7157800214103,22.7239934684956,22.6812929413797,22.4931628955587,22.3637903676953,22.6205754879538,22.5927212904159,22.8973426118348,22.621195991442,22.4550056127425,22.8460731632508,-0.10470970583842,-0.264062586161604,0.0546431744847633,22.659765921304,-1.32262836299602,-4.8328655508897,0.192491412813122,0.735164347255353,0,0,0.841532559905211,0,0.0481081071554819,-0.110316024912064,0.206532239223028,22.659765921304,0.611234336556429,-5.78706917352509,0.54405069802705,0.851538097489533,0,0,0.971140599405782,0
"P28070","PSB4_HUMAN","PSMB4","Proteasome subunit beta type-4","=""PSMB4""",22.223731384013,21.6532663678235,21.6502122657408,21.881655189759,21.5286759299623,22.1225864865116,21.6257469016744,21.6860941129423,21.6607629042785,21.6343787660696,21.76802239004,22.0241758319498,20.7093774528991,22.2150877806562,21.3598308044725,21.0130006734806,21.9327664114854,21.910346884868,21.5485025089854,22.1098528825802,22.0613384934985,21.3191492898845,21.7968095200968,21.6929524139981,21.8227535842907,21.0850834967368,21.5138711278611,22.112908975924,21.7755429405902,21.1196331920119,21.2450093536962,21.4322443594041,21.7986571664068,21.8727169250606,22.0319261105524,21.5084703867191,21.8582991122986,21.850388774671,21.8049555698966,22.2030102734371,21.5628148362424,21.5829193233908,21.2602472738829,21.4011474522548,21.6596364249582,-0.06151254014096,-0.308254670268242,0.185229589986322,21.6806791179546,-0.501800583181065,-5.47687564528526,0.618199104223007,0.933948606858024,0,0,0.970849196604782,0,0.0171953964386304,-0.228108659130581,0.262499452007842,21.6806791179546,0.14109716067825,-5.95532103156298,0.888408736219824,0.975133831606227,0,0,0.997967451461169,0
"P28072","PSB6_HUMAN","PSMB6","Proteasome subunit beta type-6","=""PSMB6""",20.8265419467597,20.4537382321451,20.5468280532472,20.1823857403567,20.1614418343103,21.370039400804,20.5331211321461,20.3378589889355,20.8643059410371,21.0063040715206,20.6859500212468,21.3067313629975,21.0601354421171,20.6152167667921,20.8541832252026,19.8284776156598,21.3952681500787,19.8788585226146,20.8707668248298,20.5379909028429,20.6234158290223,19.880618839294,20.9436169633142,20.7659932174918,20.8074329270781,20.3749130213189,20.7920486775968,21.1099221968883,19.9195557175367,20.4907425638842,20.6401285833494,18.350954653319,20.8732416678045,20.8901022138832,20.3750199004796,20.6318631234031,20.9479725223214,20.7209128580527,20.1444231939709,20.3034892541754,20.0762598949468,21.0456242437943,20.324623108052,21.0377685633952,20.9186296352569,-0.172553071080895,-0.536984332800287,0.191878190638497,20.5845648343394,-0.953054812138469,-5.19166608344839,0.34553931666804,0.831497302682968,0,0,0.832465647847422,0,-0.0625739035497865,-0.424881169154799,0.299733362055226,20.5845648343394,-0.347637817748344,-5.90716301670835,0.729696507231067,0.926345276578894,0,0,0.98047444207884,0
"P28074","PSB5_HUMAN","PSMB5","Proteasome subunit beta type-5","=""PSMB5""",21.9222681196681,21.622966306184,21.4095505000783,21.6426590871455,21.4953405083985,21.8912679499723,21.9225887240074,21.6025879056773,21.9903299281576,21.5898534799443,21.7959931592562,22.6280692505289,21.8649917623018,22.0898447419891,21.5999032187882,21.7487227562587,21.1734388665138,21.9411253978683,21.7517869287932,22.0391122444343,21.4933769204116,21.1844005984733,21.8242661637184,21.6146200552445,21.7706533800877,21.7689349300058,21.7535101779295,21.3793542433031,21.8577186394776,21.6412427408805,21.5258415455785,21.3835635166875,21.5546647620894,21.5516386090175,21.2988835096439,21.2807137427405,21.7475675004921,21.5463965285521,21.3613753244477,21.9486782162215,21.6647152610449,22.0571517852193,21.7957178148929,21.6269219947944,21.8610459687477,-0.136531097582175,-0.329258012366716,0.0561958172023666,21.6936745503482,-1.42593596297945,-4.71335271039041,0.160632262327265,0.720861261794311,0,0,0.779061023753314,0,-0.0491591975486898,-0.240762851896661,0.142444456799282,21.6936745503482,-0.516430409225886,-5.83777964645651,0.60802554563372,0.880375407265006,0,0,0.975838099868216,0
"P28161","GSTM2_HUMAN","GSTM2","Glutathione S-transferase Mu 2","=""GSTM2""",25.8151947605033,26.3333811203952,26.6310819872756,26.4408186780245,26.3641524308859,27.6608015987946,26.7226445937248,26.1605827245096,26.283874656634,26.2398013618461,25.7579447730825,26.5464159729927,26.4210214266272,26.9618393411729,27.0677464863692,26.0261968771259,25.8089170455114,25.8867629060301,26.469172693813,26.5054231615352,27.1718852648801,26.1931683780031,25.5533968429824,26.3952947179978,26.2209374993117,25.643491848646,26.4169802272003,26.4664957058841,26.2896908477621,26.583788699787,26.086381640027,26.4323914091456,25.8880526278801,26.6785445202509,27.188547339911,26.905515065861,26.3329504901567,26.1950180572294,26.1607965651659,25.9666199469561,25.6255033062759,26.1250266389029,26.349178874601,26.2166080913393,26.9944683935057,-0.248148221577026,-0.522127844534819,0.0258314013807672,26.359655724367,-1.82307154830363,-4.18025503360229,0.0747892521527224,0.615621409386435,-1,0,0.525466698674898,0,0.10093335004921,-0.171449451461828,0.373316151560248,26.359655724367,0.745874595972339,-5.70068409920843,0.459534558187013,0.831474716578483,0,0,0.924520706188183,0
"P28289","TMOD1_HUMAN","TMOD1","Tropomodulin-1","=""TMOD1""",NA,17.9009075124222,17.8188853455088,NA,16.7872880804658,NA,18.7510661500866,17.7084948495735,17.5238602403862,NA,17.8976062143712,16.1603209592276,NA,17.7476990610824,15.5639186465621,15.9743269322214,NA,17.1155648939107,16.3371796463022,17.9060454908371,18.2277805256552,17.2278301194567,18.7763808728454,17.4355460988997,16.8800140167539,17.0598830659733,16.6806533959056,NA,16.6725894330658,16.3988895721193,17.3415390617768,18.4372133814156,17.6091528498448,17.5070614548138,16.8434926564907,16.8683635764888,NA,18.0366378486637,17.3262913522843,17.692505462643,18.5892484487521,19.0068123369773,17.5595397751401,17.1735425581459,19.1724572778741,-0.172021869169249,-0.80506366710114,0.461019928762641,17.4517997071606,-0.550086485995391,-5.34435199364389,0.585475707012937,0.912902949081589,0,0,0.912024369483747,0,0.655901898253905,0.0779186025564206,1.23388519395139,17.4517997071606,2.29722376434902,-3.57269502961479,0.027200228794827,0.344080314270748,1,0,0.0940227974662603,0
"P28331","NDUS1_HUMAN","NDUFS1","NADH-ubiquinone oxidoreductase 75 kDa subunit, mitochondrial","=""NDUFS1""",25.4067015219755,25.4227194354996,25.0370112287122,24.4358719567183,24.3971804884659,24.383177703215,25.0408261356617,25.2618154602592,25.3303500762847,25.5094402102293,25.2001523154088,24.4815191006439,25.2232316453221,24.7057011207508,24.9610688788184,25.2895471614646,25.380675705411,24.9118112348462,24.6505831944195,25.0043552365446,25.0643384031986,24.8469551699331,25.2667036881481,25.2326452512723,24.842935850684,25.4225043956473,24.5991148680794,25.2606444501437,25.0625788017996,24.8872949362123,25.004439780506,24.8619769165619,25.1358786462249,24.5566652576186,24.1658629315521,25.5776139219327,24.9870838821753,25.2778357769348,25.2292568243242,25.1102186702886,25.37074152115,24.8569412768728,24.9557540555219,24.8222954036791,24.6458283386345,0.0644011340822033,-0.162297330870826,0.291099599035233,25.0017299739944,0.571815266041053,-5.44398705348529,0.570228521337597,0.908279116004371,0,0,0.964471224572319,0,-0.077619676255118,-0.302996886120359,0.147757533610123,25.0017299739944,-0.693222481867632,-5.73646265600519,0.491652372668139,0.834663611429138,0,0,0.946382290039932,0
"P28482","MK01_HUMAN","MAPK1","Mitogen-activated protein kinase 1","=""MAPK1""",21.4370200387111,20.4000505558941,20.3343240970319,21.4448710983105,20.714579920838,20.7860546018367,19.9042882617968,20.4556786213337,20.210832113722,20.3227653131718,20.9876039128422,20.7877244930561,21.3419182062314,21.0714395708267,20.6093406044534,20.2581054468913,20.5304340337668,20.2692654264553,20.350451984494,20.935559631429,20.2041200441664,20.3366386374379,19.866277408778,20.6538023059885,21.0697961270928,20.454029988292,21.2471599259446,21.4472141780354,20.7510220628748,20.6220826194669,20.5255426937537,20.5173863676017,20.2928146276524,20.9875800899469,21.8025112380005,20.3333558888353,20.5640631529648,21.5580906852108,20.3471401400921,21.1257327588185,20.1310906215297,20.3008956195079,20.3581515671367,20.6789701315456,21.4989661721895,-0.126658794514604,-0.45314623541802,0.199828646388812,20.6850387330213,-0.780871694285076,-5.32080050421474,0.438874653937504,0.873144117382484,0,0,0.900947073422492,0,0.135088795578167,-0.189495795244275,0.459673386400608,20.6850387330213,0.837726475467765,-5.63217423478996,0.406512186513812,0.80898183426914,0,0,0.885503372041398,0
"P28838","AMPL_HUMAN","LAP3","Cytosol aminopeptidase","=""LAP3""",21.5157502637739,22.9183532630035,22.1077640721127,23.8310210592492,22.8392806024419,23.4072402663296,22.7982299249862,22.3730626137451,22.8108293531827,22.1207826635453,22.1725561366579,22.7083379248545,22.8084284368811,21.501838859679,23.1966245847427,22.789445517489,22.4636445316036,23.065754791058,23.7345269301047,22.2060602588508,22.9122054405379,22.6653977635834,21.7703191123958,23.0059700801651,22.9984362155987,22.7518844619314,23.4404573548071,22.8983979422837,22.1434856081268,23.2154259944153,23.1376257123172,23.3991690812435,22.8468340993658,23.1252722229729,23.3274966697918,22.5659363313493,22.7644264139096,22.1905836522747,22.6290195881408,22.6732385745139,22.2322818661352,22.8278626304086,22.9099759664377,21.8096462670661,23.1754466850432,0.200791032325032,-0.140838567213026,0.54242063186309,22.7285850619802,1.18304054954205,-4.98119841448459,0.242866114077819,0.772570690822174,0,0,0.752639817086743,0,-0.0297730827987515,-0.369411579985841,0.309865414388338,22.7285850619802,-0.17644839185276,-5.94995997936394,0.860715561842258,0.962722535857761,0,0,0.99554425638122,0
"P29144","TPP2_HUMAN","TPP2","Tripeptidyl-peptidase 2","=""TPP2""",NA,18.3933570725931,18.524282578038,17.3770410715458,17.5260090565783,17.2822327512791,18.2892531528685,18.2284088127711,18.6961261575043,NA,18.3854344790137,18.1566486440721,16.9873215231521,18.571514321575,17.8818925631935,18.2280543593283,18.911510816999,18.513994234369,18.2695716808619,18.4213129709861,17.6669152522748,17.5486256766151,18.5722369750133,18.519867308068,18.4773081595351,18.4307426852671,17.6898544695295,17.7428193732724,17.9740852828353,18.2507041466955,17.9250327598918,18.1082683205218,18.596920832378,17.9743228480951,16.9922495790674,17.8112795324593,17.2870879431618,18.5792246877732,18.4552458569824,18.2778660808564,18.4641450844174,18.5014784058133,18.3185977150472,18.5009199380827,18.2240037762028,0.211149159447242,-0.105159763965346,0.52745808285983,18.1286923008508,1.34530499949366,-4.78494551192656,0.185413095278477,0.733010065782738,0,0,0.700597303559981,0,-0.0800640020599843,-0.383624505797802,0.223496501677833,18.1286923008508,-0.531538679625768,-5.83014100549589,0.597716543886674,0.874382910608614,0,0,0.959633316489595,0
"P29218","IMPA1_HUMAN","IMPA1","Inositol monophosphatase 1","=""IMPA1""",21.0148234323699,21.0573522352436,21.3255848679445,21.7178990631335,21.720745662973,21.9930949218507,21.4489600486924,21.0037894188871,21.55052193244,21.2318171638051,21.3709615867469,22.3528854075215,20.7383479495638,21.616216231386,21.54996599121,21.5351812437313,21.2238267946268,21.6986313942518,21.655263899713,21.4978581405324,21.3446402877036,21.3862977291458,21.185541820422,21.3279142511991,21.7486039338562,21.4652684786797,21.4615552217529,19.4582538065362,21.5534748699244,21.7867332656602,21.0334215592686,20.9397439495402,21.4861752417292,21.3419085611213,20.9903896283562,21.2647490963728,21.6283305268122,20.8107763276275,21.0466980918851,21.6719325008519,21.4613107257925,21.1053033066608,20.4193515776718,21.4638369043458,21.6155053580091,-0.0956076864628059,-0.378932092716553,0.187716719790941,21.3400320979455,-0.679234335936587,-5.38533993783786,0.50038999795346,0.896077533266722,0,0,0.935947724669865,0,-0.136640785446033,-0.418313906529698,0.145032335637631,21.3400320979455,-0.976440430943287,-5.51418217476685,0.333949055124195,0.775294411638451,0,0,0.860825832008966,0
"P29401","TKT_HUMAN","TKT","Transketolase","=""TKT""",18.1169615323756,18.0234670149415,17.944149455629,17.3324905258782,NA,18.2330042643916,19.0400679398172,18.3559924996242,17.558219972794,NA,NA,18.6484931868409,NA,18.5022304529739,18.330163203706,18.3909576047651,NA,18.1564762528791,17.9559596044487,17.8952537925143,19.3521873694237,18.1701214140253,17.5811504512524,17.5186313080402,18.4321103803275,16.1220967558709,20.0602784991743,NA,18.271842649991,18.137939174015,20.2528063674303,20.3868900009526,17.4617143278068,21.3927387328327,18.1918652320212,17.7018533935096,17.3176993365547,18.9589135634958,17.3660599001632,19.1693836506287,17.8601648477024,21.0621556520699,21.2350611857374,19.6980474622765,21.0746834367348,0.0864605973311185,-0.716730074807987,0.889651269470224,18.5964174973235,0.217554580639959,-5.47361448163228,0.828881025559769,0.951343256582596,0,0,0.983904137255311,0,1.07586819763987,0.334809666184434,1.81692672909531,18.5964174973235,2.93410205117812,-2.23766973450473,0.00551387800334967,0.233615286754175,1,0,0.00371625561025086,1
"P29692","EF1D_HUMAN","EEF1D","Elongation factor 1-delta","=""EEF1D""",23.4096194484508,23.1907229693581,23.1853151175002,23.8378237930532,23.1526903618383,23.266481344306,23.1088936648034,23.3306113056408,23.0142179460396,23.4876572894328,22.9188183414129,23.5680457227768,23.3166756744029,23.1014643027609,23.2780009360945,23.29796563269,23.6869637908915,23.437816655876,23.5310594220164,23.2412542199335,23.1608188850605,22.9699095497408,23.1908159449436,23.0125470623702,23.2344499341509,23.0041434674535,23.7580871406634,23.2092138918891,23.4281680149975,23.3325064945,23.4775705809787,23.939554721685,23.364710938457,23.5192896810632,23.5822590724715,23.23394528035,23.5940054948208,23.0039615556578,23.0010122292918,23.1739860263218,23.1625459088551,23.5985350720339,23.3244239188849,23.4477739553054,22.9990889600775,0.020787747700858,-0.153466681523481,0.195042176925197,23.3130093715845,0.240123365270471,-5.5621015637202,0.811300559860347,0.948679518362231,0,0,0.995662369829347,0,0.061796219271848,-0.111442611760284,0.23503505030398,23.3130093715845,0.718005003839102,-5.719940675757,0.476381938858127,0.834663611429138,0,0,0.955209986681689,0
"P29966","MARCS_HUMAN","MARCKS","Myristoylated alanine-rich C-kinase substrate","=""MARCKS""",NA,NA,NA,15.1495179992106,NA,15.8807927930729,15.1910166400707,NA,NA,NA,NA,15.5577928521593,NA,NA,NA,NA,NA,15.3958423339552,14.9647221858882,15.5161382291632,16.7512891785223,15.4076940575716,NA,NA,14.6754245024835,NA,18.3170822795194,15.4423632125221,15.3520831927405,14.6143951144761,16.6501299794871,16.3434632545981,NA,14.7469559220367,17.5073043137047,NA,15.5563763307286,NA,NA,NA,NA,15.0982132785152,15.4985138756983,NA,15.126633087116,0.2784991132265,-0.725794836859712,1.28279306331271,15.6701702096927,0.573599559361454,-5.08588176056585,0.571795761899503,0.908333320164605,0,0,0.855838491090536,0,0.139493401471146,-0.657990389223704,0.936977192165996,15.6701702096927,0.361807561263235,-5.66744823332977,0.7207928346835,0.923201669288604,0,0,0.955356576405615,0
"P29972","AQP1_HUMAN","AQP1","Aquaporin-1","=""AQP1""",17.2113272988559,17.9205967996111,19.2992132752383,NA,17.3452517734899,18.1838699758539,18.5222187417489,19.0780869787945,18.1721206744865,18.9116820242667,17.9694085017552,17.7604150271887,18.3775647893458,19.1659710371681,17.7296055645444,18.3865510627868,18.8476108897609,16.8149045460934,NA,18.4043715213382,18.6262563011835,17.5716571217212,18.0969904808629,17.3141535034715,17.5252273787429,18.129634380468,19.0780043794608,NA,18.0360650146902,18.2970806543291,17.7233433619947,18.9708503309525,17.3920916590354,17.7923834679181,NA,18.5186517681153,18.1944525371256,18.6798591918548,18.5454558350245,18.2991007438261,19.4918058320638,19.293822009487,18.2718112518,18.7333535414693,19.3329503122396,-0.162329828355901,-0.623874158398581,0.29921450168678,18.2930675985406,-0.70975931594671,-5.32590691611646,0.481771722020556,0.896077533266722,0,0,0.888210051314049,0,0.435333448805711,-0.0233498323172633,0.894016729928685,18.2930675985406,1.91529343114212,-4.25002266157192,0.0622741069038892,0.467370238367444,1,0,0.298621951461816,0
"P29992","GNA11_HUMAN","GNA11","Guanine nucleotide-binding protein subunit alpha-11","=""GNA11""",NA,NA,16.3636291741474,NA,16.8298619116011,16.4434010274455,17.1886718612228,16.7861069350079,15.7739106549594,NA,15.6025878423539,16.9334079544235,15.6459928020956,16.7168133850028,16.4706309217199,17.2641144640801,16.5524266115729,16.6095544733703,16.11663473239,NA,17.9494599877468,16.7420621912026,16.5982962368664,16.8631033876686,15.3941870679077,16.6412722843872,17.2672322640181,NA,17.1703746308371,16.7305385553616,17.239459630815,NA,16.552705890524,NA,15.5214673945677,17.376056161835,NA,16.5805509974338,17.3200154396334,NA,17.0059956307446,16.8814252683806,16.4704772083568,17.0145850238438,NA,0.340836346761328,-0.0813352549821146,0.763007948504771,16.6652061765742,1.63892032546145,-4.38979570520749,0.110179051823991,0.679806474125127,0,0,0.471533478832307,0,0.0205976967206176,-0.409958000839132,0.451153394280367,16.6652061765742,0.0971158855199046,-5.83341740661818,0.923187723295738,0.979656818909501,0,0,0.998355131131427,0
"P30038","AL4A1_HUMAN","ALDH4A1","Delta-1-pyrroline-5-carboxylate dehydrogenase, mitochondrial","=""ALDH4A1""",22.5112802874156,22.6497626093047,22.5361713478432,21.7222665168,22.8955326135898,22.7298920528624,21.8680982524367,22.3872956360812,22.576900959954,22.5300703811146,22.3595019956717,22.9891785195654,22.8124625979871,22.6693728581175,22.8521865610901,22.9487458711421,23.153843575969,22.5740289318749,22.3876495405751,22.6238965462591,22.6106645157583,22.9572875397933,22.9627097884803,22.5458630218733,22.763216188869,22.4570509189995,22.58424365935,22.3819393625349,23.0572904217787,23.0411896993712,22.7666690878713,22.7496244960719,22.501366400862,22.0671914198388,22.8537082935769,22.6991205348884,23.1893840564347,22.3099146179317,22.7958904273403,22.7518340603846,22.6291668870412,22.5310990583352,22.8904860524038,23.0161163178971,22.8918102443757,0.181210626670421,-0.0225450715104099,0.384966324851251,22.6618438828382,1.7901305707981,-4.22875873575808,0.0800102637809543,0.632228637420987,1,0,0.632759020838326,0,-0.0270825084916488,-0.229650667740784,0.175485650757486,22.6618438828382,-0.269109182090033,-5.93025500561577,0.789048000138781,0.942584418301806,0,0,0.993603934555983,0
"P30040","ERP29_HUMAN","ERP29","Endoplasmic reticulum resident protein 29","=""ERP29""",NA,19.9799703626185,19.1193140226912,18.9310453693026,19.8891881456585,19.3451514997872,19.4337072527949,19.6780048713545,19.3994502656621,20.04888257303,19.513000583981,18.5478037617043,18.6200767998447,20.1678226431324,19.6101143812239,19.944786867159,19.5429691028482,19.6142635274257,19.469622325857,19.8483149998746,19.7375349951434,20.1325565143362,19.4535700279435,19.5711566919524,19.2947396108867,19.6700684794779,20.2314031805944,19.9151008759975,20.1383648712352,19.9315646845398,19.6361844948923,19.2809094675274,19.4652913528383,20.2603499217952,18.6301464306468,20.3841019778364,20.0615956227284,20.015389924376,19.8722914676366,19.4497235944225,20.1272244993662,20.1782301773453,19.9825804115289,20.3250118076788,19.4585553315884,0.310209178990991,0.000271364256246631,0.620146993725736,19.6797076311424,2.0158161599888,-3.87654198974806,0.0498081220113654,0.564734416417681,1,0,0.394357908275865,0,0.0421046484624128,-0.260945107916333,0.345154404841159,19.6797076311424,0.279825282768574,-5.9274271154168,0.780892656186106,0.942584418301806,0,0,0.989640809993664,0
"P30041","PRDX6_HUMAN","PRDX6","Peroxiredoxin-6","=""PRDX6""",27.0432346088005,26.9523927640143,27.4930637234852,26.8415165294832,27.576481776303,27.8128957623749,27.1648359853133,27.4719234712943,27.1750578651866,27.0277942526686,26.9590613986191,27.7913266586454,27.4583598846983,27.5584943336751,27.1082556420387,27.4945951949744,27.2627383569735,27.0824692672437,27.2116964338938,27.305766462993,27.5244541693773,27.3693741580829,27.2092886793904,27.1019859400818,27.1145580320176,26.8720864436765,27.6341797783572,27.0339679915327,27.3639436968754,27.0289064723979,27.4299165284616,27.5189194212809,26.9373544509794,27.5076652056953,28.2421558687371,27.5595248156847,27.2489065424767,27.4054511159691,27.1274391865752,26.7974518820643,27.1357734822913,27.5807325449998,27.4191963973275,27.3064381242709,27.6598788635609,-0.05650427625908,-0.258357409181157,0.145348856662998,27.3093668925521,-0.563451620323893,-5.44813803217392,0.575861519878558,0.909103615062236,0,0,0.969297171438771,0,0.15111955683377,-0.0495571257805625,0.351796239448102,27.3093668925521,1.51577440070827,-4.89515215380493,0.136412611659092,0.626842806368387,0,0,0.740047505414685,0
"P30044","PRDX5_HUMAN","PRDX5","Peroxiredoxin-5, mitochondrial","=""PRDX5""",24.8600082996043,24.8363584532958,25.2754315149121,24.9731554613959,25.2380685789586,25.1834792292996,24.5792375022474,24.6290755422974,24.677208469692,24.9096112862561,24.8725786518433,25.0137188949273,25.386264718306,24.7816262267692,25.4811695639989,24.7407074897129,24.7818623681455,25.0585396868541,24.9167283857047,25.014688016087,24.9151640761884,25.102164153311,24.5571926008821,24.7654741279768,25.222479103209,24.9198481632739,25.4444919973009,25.1596158930096,24.6182875086005,25.1467534160677,24.9688757191551,25.2456465548554,25.1098995050231,25.4616651823504,25.9837163138831,24.9261186427858,24.883573827985,25.0356848157595,24.8537273687277,25.0405219760859,24.7456292624505,25.0087786629285,25.040880203923,24.6579354968428,25.430919027585,-0.0266420573335573,-0.222651668951624,0.16936755428451,25.0101013764549,-0.273590617958439,-5.55453786319746,0.785622878836497,0.948679518362231,0,0,0.993592463420706,0,0.135305038267788,-0.0595621805393726,0.330172257074948,25.0101013764549,1.39760997474285,-5.0519315542996,0.168928640331365,0.655071957582339,0,0,0.786148090034337,0
"P30046","DOPD_HUMAN","DDT","D-dopachrome decarboxylase","=""DDT""",21.5493481637838,21.5029151249133,23.2092715062532,20.9511874325107,22.3624245662427,22.1489550613537,21.0411868213366,22.4725858142184,20.9942057645866,21.6913544275958,21.8470281189628,21.1434964529773,20.7307185952132,20.6156679455505,22.0538861997735,21.7216938778994,20.8651222478358,22.7931647620768,21.3759984791946,20.1641056224097,22.230007329308,22.210414390854,22.1639022677976,20.3434970041291,21.54410799622,22.0604782996971,20.3552216921232,19.475329836522,20.8336307067195,22.2508964547659,21.9742108896083,21.4975142555535,22.5614771835553,20.8991775145408,21.6782023132996,20.6180683893911,21.0245075648726,21.8351157234452,21.0334167022,21.2695774254522,22.3226021688362,21.6989645803271,20.6873330525214,NA,22.3908839374391,-0.27304519793357,-0.757473036026042,0.211382640158903,21.5043830605424,-1.13521022819285,-5.02841240193941,0.262292269627534,0.785815429528459,0,0,0.693908439254262,0,0.158093877174025,-0.331580382158779,0.647768136506829,21.5043830605424,0.650247393692689,-5.74860499778026,0.518835571782103,0.836220118666653,0,0,0.901463085683996,0
"P30048","PRDX3_HUMAN","PRDX3","Thioredoxin-dependent peroxide reductase, mitochondrial","=""PRDX3""",25.6061345703317,25.9193448114316,26.413672433011,25.9734533176155,26.1856509444324,25.7281257418302,25.6480024888314,25.805225717129,25.8782498376506,26.0481300918717,26.0372147946077,25.6946362862456,26.0244519940059,24.7575979113546,25.9348697485886,26.3276616669179,25.4624091775351,26.3564439820787,26.3301499273857,25.7238845034321,25.9090251340806,26.1523603690702,25.4265070887705,25.695177471852,26.1192912644525,25.7363789403919,25.9844351971308,26.36307170009,25.2801115201489,26.1340060891829,26.1488759673476,25.3106186593548,26.1094951974632,25.8561563379569,26.2587360459948,25.8685598071299,25.8183766759484,25.6362068781024,25.908695964367,25.9888036904485,26.1338530019227,25.9208752930321,25.9876926547757,25.5021861403506,25.8928695449476,0.0856533032491456,-0.132602801210493,0.303909407708784,25.8888372573467,0.789929852756678,-5.31462481497379,0.433618445386132,0.873144117382484,0,0,0.930930115462409,0,-0.043927478225168,-0.260911531775604,0.173056575325268,25.8888372573467,-0.407492166056815,-5.88563645415632,0.685535115788146,0.915228679438145,0,0,0.983551711569225,0
"P30049","ATPD_HUMAN","ATP5F1D","ATP synthase subunit delta, mitochondrial","=""ATP5F1D""",24.4749648465885,22.2475618467533,23.315779386617,23.7046599197129,22.8360014702067,24.0400552310602,23.6143822144787,23.0469553281863,23.3789211260688,23.0313170694273,23.6674881664695,23.5890656401871,24.2579878979098,23.017942723484,24.0287448873453,23.9718430114824,24.4887202779566,23.0410558210761,23.8687677123459,23.3157892761223,22.6153689996546,21.7781778678887,23.7463742145677,23.9874471047851,24.2177027526067,23.9233604071029,23.2870324024392,22.9425335584565,23.1477734045303,23.4034535576637,23.3140318842111,22.0810226104376,23.8583662998416,23.4549220077943,23.5373523276083,23.3374538263271,23.9285118652207,22.6303988079842,22.8390448082606,23.7453250136002,23.6778924697498,23.5523631270425,24.1337177386639,23.5800876714685,23.5060377358779,-0.0204030517296232,-0.439707997713341,0.398901894254095,23.4480834737169,-0.0979435757666675,-5.58326485583986,0.922402259672721,0.974846535306287,0,0,0.998353324011905,0,-0.0372581449726788,-0.454119277349936,0.379602987404579,23.4480834737169,-0.179903923219174,-5.94937198743016,0.858017476644529,0.96254478959715,0,0,0.994310874771318,0
"P30050","RL12_HUMAN","RPL12","60S ribosomal protein L12","=""RPL12""",20.4475964886529,20.4214621364274,18.6586263637713,20.181191197132,18.8809911040355,18.355987921912,20.516250543379,20.2475061410896,20.2912230629092,19.3314167674451,19.5858139160836,19.2682199443736,20.6852960746417,19.0566162731012,19.1235726174821,19.6485100375034,20.3351686538718,20.0044878453594,19.7497265456067,19.3662744973433,19.1440100770243,19.93157278397,20.8887518644576,20.5324287338972,18.5838817746596,19.510046544942,19.1243527608011,20.771558822098,19.9122032910273,19.3890050937092,20.3515618143771,21.6651424895733,20.0995065328592,20.6932629181288,20.6542218053152,20.6367917368669,20.0764089518002,19.9765365727591,20.3533739336818,18.6566152081368,20.3056523083254,20.7528410619696,20.1511262245807,19.1183846730967,NA,0.133785867209109,-0.315743510539203,0.583315244957422,19.896254002504,0.599408647084333,-5.42980512310215,0.551903840595714,0.905137078267613,0,0,0.923559698485698,0,0.446477829206952,-0.00792001457514241,0.900875672989046,19.896254002504,1.97894844785538,-4.16300424720139,0.0539551719988288,0.437405817443497,1,0,0.271569431188626,0
"P30084","ECHM_HUMAN","ECHS1","Enoyl-CoA hydratase, mitochondrial","=""ECHS1""",25.3892817630053,24.7785666224115,25.2133290983336,25.6658194310439,25.4763046392049,24.9628977631327,25.099850493986,25.0234685958908,24.9372264306361,25.1493700017392,25.3000414878162,25.1546791500417,25.6668803456687,25.1869404623727,25.4063552684547,25.3552188965482,25.0478890864714,25.0408585634831,25.0943323298628,25.5782327641601,25.1033027975028,25.373528197166,24.8046728329781,25.0388902764067,25.5057259717315,25.3587696684187,25.4135005462721,26.2072498914584,25.3067864196437,25.1870352083122,25.0185772727342,24.6754413736901,25.0480309273187,25.180729010973,25.7107870715752,25.0686532888356,25.3408401284255,25.1392439364617,25.0790720087922,25.3238306595881,25.1990833590549,24.8376025189602,25.2034802067851,25.3545951948978,25.4400074587552,0.0627392546722731,-0.128664561787164,0.25414307113171,25.2321550982445,0.65978064623179,-5.39669269549811,0.512681731816328,0.896077533266722,0,0,0.95895023497838,0,-0.119734602237877,-0.310022869607153,0.0705536651313997,25.2321550982445,-1.26653872762794,-5.21218919371843,0.211690531726123,0.701115954106001,0,0,0.830353708014856,0
"P30085","KCY_HUMAN","CMPK1","UMP-CMP kinase","=""CMPK1""",22.461026053397,21.0397790618593,21.058212003514,23.2826738306088,20.5710367781439,20.857286059703,20.6239374795811,19.9410664814816,20.2761261960506,20.3374092616027,21.6007906720064,20.2837006133723,21.6895302986133,20.9927024606124,20.3491673859186,20.6191439260738,NA,20.7638386516743,21.1927191127804,22.0917746091558,20.3080767173341,20.071129265789,18.5749668687053,20.6073620150938,21.1252776076069,20.7083400259571,20.9755866274779,22.2236724860263,20.0184029269207,19.7846353630828,20.2596353025102,20.6374363963741,20.6721853697334,19.9858762385181,22.7878409506645,19.9767408605029,20.4401575658319,21.2760876804274,20.1908115064021,21.3877764197191,20.2572931099359,20.3692079087408,20.2025541820793,19.8576181219596,20.8839335118826,-0.373671964249993,-0.95180753799967,0.204463609499683,20.7639664992142,-1.30176223018746,-4.84511765103256,0.199616386794191,0.735164347255353,0,0,0.547649803058822,0,-0.0354024195682214,-0.610161168128732,0.53935632899229,20.7639664992142,-0.12405612145208,-5.94196339712215,0.901822826050993,0.977865538778253,0,0,0.996348296774383,0
"P30086","PEBP1_HUMAN","PEBP1","Phosphatidylethanolamine-binding protein 1","=""PEBP1""",25.6582279972368,26.5612632856631,26.7015107017943,26.3529297487769,26.9630801159588,27.0843695638253,26.721761237397,26.6187948838843,26.5424899290062,26.5148514330256,26.3863239025217,26.8398908095321,26.1777575482575,26.6744784202522,26.1021281705483,26.4709249992961,26.6183005166729,26.5116965307748,26.5114936701379,26.577293292526,26.9818438726695,26.6932829240085,26.2831925212349,26.3398861175678,26.6033548598213,26.3423306779961,26.9294548748143,26.0106850138298,26.5541816367806,26.6041463204423,26.4866348656315,26.894441553854,26.3162648917604,26.5726922746617,26.5238322883347,26.9241316735744,26.4233389728104,26.4807868011404,26.2836739916743,26.4183579992365,26.3199554156955,26.722207765137,26.5420660105433,26.404379369089,26.488840677407,0.0106622011133517,-0.178617715109514,0.199942117336217,26.5274117805956,0.113384357886901,-5.58182735186737,0.910218811658765,0.968448297926498,0,0,0.998997506844061,0,-0.0153642185348204,-0.203540964286825,0.172812527217184,26.5274117805956,-0.164344559608967,-5.95192975754227,0.870179296496606,0.96987668945597,0,0,0.99786579388099,0
"P30101","PDIA3_HUMAN","PDIA3","Protein disulfide-isomerase A3","=""PDIA3""",22.006659018049,22.5190249434402,22.6216226110002,22.9693607808002,22.6101641072931,22.8843617626687,22.7619683252874,22.6089345258361,22.3756300044268,22.0653510096491,22.2635186479169,22.0487757723331,22.6058488411031,22.4757455738225,22.8232668272879,22.5126862779598,21.6333253645898,22.4884567835386,22.7959026017907,21.9890579559794,23.0145418998947,22.7064645401417,21.7979928872786,22.4449288282185,22.5034872101952,22.4255915524634,23.7494821105406,23.0843220822566,22.5771617905816,22.2913299256845,23.2272725811956,23.4130404982924,22.4252082794834,22.8249528191018,23.5389232403282,22.4067689041837,22.2766716024276,22.5112336028963,21.8523734126489,22.3885745522431,22.0036106719688,23.3190290140608,22.906151308175,22.5969227994798,22.8018999099499,0.0308871490012628,-0.284443535442006,0.346217833444532,22.5810577279659,0.197161629852241,-5.57037016523282,0.844568884333536,0.958290008794964,0,0,0.994795854222072,0,0.165193425688109,-0.148299433028185,0.478686284404403,22.5810577279659,1.06065933157973,-5.43412661726759,0.294377255632225,0.754001885643784,0,0,0.817083563051442,0
"P30153","2AAA_HUMAN","PPP2R1A","Serine/threonine-protein phosphatase 2A 65 kDa regulatory subunit A alpha isoform","=""PPP2R1A""",23.7959772194393,22.7380555869428,22.8628195177409,23.7872837844244,22.7388159083392,22.8384501910015,22.5799201473128,22.8272987958542,22.7083291048376,22.5038366355352,23.0205979120888,22.705865981902,23.5687047765004,23.3629223917636,23.0960345384219,22.8118351006443,22.6373773901311,22.501595207525,22.8676604441661,23.2779284312166,22.791423582774,22.7711317176824,22.3998812016502,23.1927953625578,23.1679460440951,23.1337215814802,23.4357307797301,23.1238871515686,22.7174985462083,22.5947410970299,22.8130415495602,22.8648395798702,22.7052831309589,23.208678361929,24.474227864041,22.7548397772235,22.5629495433972,23.1573695845451,22.7966490118693,23.1438523884724,22.5159485356227,22.7747701029616,22.5764239988769,22.9422955613793,23.3139880926728,-0.113765342408097,-0.399912286892587,0.172381602076392,22.9592271825321,-0.800261042296782,-5.30749691978828,0.427669651954715,0.872297158372813,0,0,0.907889356180272,0,0.0786668963280341,-0.205812312530924,0.363146105186993,22.9592271825321,0.556611653330183,-5.81731286276367,0.580488388056348,0.869847439875183,0,0,0.958116613163326,0
"P30405","PPIF_HUMAN","PPIF","Peptidyl-prolyl cis-trans isomerase F, mitochondrial","=""PPIF""",21.1879712407944,21.0781617699575,21.1150792741158,20.4443461200107,21.3239614805663,21.0226578948041,20.9473303200232,20.7360972917542,20.8112809194333,20.7230059660108,21.5489580515027,21.0191741306355,21.1984028875398,20.5331568948038,21.4270716350154,21.2571916063046,21.3886242111622,21.1129158977177,20.6136609685364,21.2207624866242,21.0572067660215,21.4550995591473,21.1941407780002,20.7969792030102,21.1908582934658,21.0100059630242,20.7184823964489,22.1053657448396,21.1840182700186,21.4404112364097,20.7527328397974,20.5778278160445,20.9999434136831,20.7359603667649,20.3455087604553,21.0325401234233,21.2212046543289,21.2377460274293,20.9982797454297,21.1588976995944,21.6067151720099,21.2479324048901,21.6303189129136,21.0684021773512,21.4236286117675,0.16995930630106,-0.0620176136538343,0.401936226255953,21.0866670663018,1.47472479392258,-4.65408811950739,0.147092337611995,0.712175410110782,0,0,0.721978362910332,0,-0.113872310323199,-0.344497211040541,0.116752590394143,21.0866670663018,-0.993854355707984,-5.49814705281022,0.325488580040655,0.770746018696202,0,0,0.880017523704835,0
"P30419","NMT1_HUMAN","NMT1","Glycylpeptide N-tetradecanoyltransferase 1","=""NMT1""",21.5636575490223,18.6473092832703,19.3420528145136,NA,18.9316787551222,NA,18.1232519530493,19.3688695839127,18.6309240912018,NA,20.1423382267033,NA,20.3509649805874,20.5780686506701,19.8824861492269,19.4110462197259,19.2293603689508,18.9695344093237,18.6523638996479,20.2456726519476,19.2299889432562,19.093633169603,17.8772310546589,17.9247447187808,18.7733579180498,NA,19.9638943026718,NA,18.9713058386846,18.1818441630388,19.6742837652223,18.5020687165565,18.6560107623857,18.9141196780244,18.9737239508196,18.7534845444925,19.2759268794559,18.4522836124605,18.6844731657911,19.5435862433464,NA,17.9234227752743,18.5567764705396,19.4311286834479,NA,-0.657271694589166,-1.20060760540308,-0.113935783775257,19.1196451065794,-2.44881636813729,-3.139806452965,0.0190524925233137,0.473767971577395,-1,0,0.0740390784824237,0,-0.102504773811567,-0.620602432213301,0.415592884590166,19.1196451065794,-0.400508891219096,-5.82472998669572,0.691022247924638,0.915228679438145,0,0,0.962824575496972,0
"P30520","PURA2_HUMAN","ADSS2","Adenylosuccinate synthetase isozyme 2","=""ADSS2""",21.1862328004039,22.5845823257896,22.864151947912,20.6983249648766,23.1655349206048,23.1274532844703,21.554584952692,22.5120622793723,22.7702457017556,22.56292516886,22.5594406193335,23.4328860125622,20.8855312526699,23.0870679121814,22.506319174729,23.1980953533786,22.4642981362391,22.6078450245629,22.2740358928585,22.8498041641143,22.8352979992595,22.6194036101403,20.8513423113116,21.9027857948655,22.1027484890091,22.4463956749504,22.753909980626,21.8248848531498,23.1776621627259,22.7582214672594,22.613617584415,20.9762401941572,22.57100194852,22.4178247711164,20.2276479041569,22.7409966634344,22.8193780611256,22.842103152134,22.450458781327,22.3107885880008,22.5551004604707,22.1379104506496,23.1033270682283,23.711898777031,22.7120950706095,0.061327905201285,-0.458906400882037,0.581562211284607,22.4078769712898,0.237284818449232,-5.56269788206629,0.813488543556696,0.948679518362231,0,0,0.987420277735329,0,-0.0317560959382952,-0.548958346979263,0.485446155102673,22.4078769712898,-0.123588342812343,-5.95753466668296,0.902179188473961,0.977865538778253,0,0,0.996736297597065,0
"P30533","AMRP_HUMAN","LRPAP1","Alpha-2-macroglobulin receptor-associated protein","=""LRPAP1""",NA,18.4058183161404,18.2868638307209,16.8783473477046,19.3085201281024,17.1761406336055,18.1098489625509,18.3880167218223,18.4205361124665,18.145533661197,18.2174078997625,16.8285965402735,NA,18.9914965088726,17.3251640610902,17.4504673517339,16.8184471355683,18.2186276525214,18.493226726001,19.2283194786013,19.1647621828768,18.7736802958627,18.7530369319031,18.1627580182615,17.4946911124096,18.0937994844584,18.5848481714941,16.3478382725292,18.8467638047862,18.5464467801122,17.7086088700619,NA,18.3310389043968,18.0898560792285,NA,18.5035870540642,18.3660115095427,18.8560180411026,18.5431315440049,NA,NA,NA,17.7156841396082,19.0194965386919,16.8591704000847,0.197457606045838,-0.311159373307999,0.706074585399674,18.1434896632688,0.785231928637138,-5.28946359927537,0.437057081397539,0.873144117382484,0,0,0.849222565812718,0,0.00323679321993708,-0.540617207834718,0.547090794274593,18.1434896632688,0.0120378122375296,-5.86422964137921,0.990456753125734,0.999903966701438,0,0,0.999968962627245,0
"P30536","TSPO_HUMAN","TSPO","Translocator protein","=""TSPO""",21.6649023876052,19.4975844088284,19.2270105337428,20.5264645902919,19.695157111754,19.1113208550661,18.8501757290146,19.2631418143,19.5902548917554,20.2513750142709,20.6925563939368,18.7365655901682,20.9636931531815,19.0293158807231,19.9646119255809,20.0639522606606,18.8232664507144,18.8000943272526,19.175703967669,21.118521822504,18.4172900174221,19.0637121896185,18.6467193936261,20.5182684760809,20.2672699423702,20.4629081647878,21.173479040393,20.1780354942048,19.7213710562852,19.3063683001936,19.1482740398421,19.1469378747413,19.2358148063647,20.1422617540996,18.1742735878681,19.2285887630821,19.0677617157311,20.9055224635566,19.4760849484802,20.8072454324228,19.2103274644724,18.7888510165952,19.515748806005,20.0998406731251,20.1597902823616,-0.0886760887753866,-0.646139901263002,0.468787723712229,19.6868536625056,-0.320184761545338,-5.54237303107828,0.750276884416506,0.948679518362231,0,0,0.974844030335008,0,-0.175309151668998,-0.729523926283067,0.378905622945071,19.6868536625056,-0.636703590305681,-5.77201666136011,0.527471074139527,0.840054692381709,0,0,0.89392046664626,0
"P30566","PUR8_HUMAN","ADSL","Adenylosuccinate lyase","=""ADSL""",23.4346988864655,22.8399709942893,23.0839145013067,24.0520108734773,23.4866532539853,23.1870685105713,23.0399935749441,22.6529403109216,22.8459711440951,23.0466341545412,23.4786477746756,22.8790030966576,23.1214608051261,23.4943807358403,23.4451532212895,22.8096339383796,21.855029813974,23.0612842042213,23.1696317434932,23.4558647322047,23.13460292972,22.9366641551536,22.1664438320447,23.1202973285701,23.3747111110256,23.1010663104482,22.8993094591006,23.637830270728,22.9375488818155,22.7624637902541,22.61165235042,21.7426212490347,22.9006409927594,23.1275628484984,23.3629992223183,22.9921672601069,22.6872682378683,23.1062736309729,22.7603200744495,23.1010519197189,22.7177575030692,22.3268274701356,22.598095860397,22.8390648068613,23.46692263996,-0.244819877404893,-0.513848450091359,0.0242086952815728,22.9967135645753,-1.83171996278378,-4.16739667724775,0.0734671298209376,0.613628538063867,-1,0,0.527712091408756,0,-0.138743762304163,-0.406204369497364,0.128716844889038,22.9967135645753,-1.04415374573496,-5.4503126858348,0.301865768981371,0.754001885643784,0,0,0.846890807527612,0
"P30613","KPYR_HUMAN","PKLR","Pyruvate kinase PKLR","=""PKLR""",NA,NA,22.3732242878784,22.7668910497438,21.5976825581998,NA,NA,NA,NA,22.2573456373375,22.4588272802875,20.7778306999551,23.0901311608604,22.6603430976187,23.0465611827402,21.3786544188606,23.0501896098446,20.9593234168578,NA,22.2962558505293,NA,21.6272863643563,NA,22.1062372254354,22.201431361228,NA,22.0775200613593,22.4722687444947,21.960093930906,21.4257135567507,NA,19.7333203220896,NA,20.5066718911591,NA,21.8082173402694,22.4041465580949,20.749254016813,21.3335578971653,NA,20.912308746074,21.5487594803828,20.3073645986861,21.8814366067168,22.7798921102502,-0.384420826876831,-1.02640010941777,0.25755845566411,21.8241529375144,-1.21966597921424,-4.81602233980333,0.231493697235679,0.759363408233298,0,0,0.569791049306624,0,-0.710758151218354,-1.3167027500021,-0.104813552434609,21.8241529375144,-2.3891529026106,-3.36670797304694,0.0229441744738184,0.344080314270748,-1,0,0.0683651186267768,0
"P30622","CLIP1_HUMAN","CLIP1","CAP-Gly domain-containing linker protein 1","=""CLIP1""",18.8093467169672,19.5628817413902,20.1731979688766,20.0496784567878,19.9495412985901,19.3538673447963,20.0072680861456,19.9022927015757,19.690155171701,19.962605668169,19.6910223842526,20.6910683198077,19.7613882829487,19.7500149959613,19.3139516858662,19.6100223658964,19.8762847809626,20.1127171910193,20.2569411278841,19.293926619538,19.4889267125166,19.3316938888368,20.2259865597239,19.6658893452133,19.8398680109546,19.5220914370127,19.727499345987,19.4891829996565,19.6003261779822,19.6355329752372,19.9576373181257,20.177055050621,20.0043841405269,20.0687506564478,20.1051235053795,19.7207549189432,19.9900940142044,19.6629447035483,19.6883396453527,19.778777403674,19.5188489864433,20.2470791979409,19.5341710282276,19.6699882280777,19.3784815617969,-0.0607609716000148,-0.289942926225417,0.168420983025387,19.7743911271459,-0.533648263679674,-5.46243991612944,0.596152031612937,0.922697348520922,0,0,0.969059569930769,0,0.121702721392595,-0.106143503748971,0.34954894653416,19.7743911271459,1.07515050132351,-5.41971739664144,0.287909537842542,0.751286587429498,0,0,0.859389394762571,0
"P30626","SORCN_HUMAN","SRI","Sorcin","=""SRI""",NA,NA,NA,19.4963902525671,20.3656365617629,NA,20.5209259508207,17.9558969415033,20.4363100435199,19.4902848185419,19.5746953799276,20.7752565806314,20.6581615755871,20.8139840481383,20.6071733643124,19.4955552801055,20.6424050925566,19.7646901401946,20.1715523199357,19.8424655427358,19.6058928503683,19.757360333807,20.512142424387,19.7456806715467,20.3575833532243,18.5453988346334,21.383950775658,20.2361434180246,20.0649128725675,20.591780540064,NA,19.1568438369465,NA,20.9446353912289,20.1497656638554,20.1535051786546,20.0908139857189,20.5241192554043,20.0004459983826,20.1970407384507,20.4300014092337,20.9962285012089,21.3100356118972,20.3394176452858,21.9930383817614,0.0370809215504124,-0.476468415014462,0.550630258115287,20.1973877324398,0.14592745311087,-5.50914146818541,0.884710841661926,0.962924583781994,0,0,0.995468094239963,0,0.424386505406037,-0.063658982736401,0.912431993548475,20.1973877324398,1.7573971590326,-4.51557975873506,0.0864942042092243,0.52497025745656,1,0,0.353892721677405,0
"P30711","GSTT1_HUMAN","GSTT1","Glutathione S-transferase theta-1","=""GSTT1""",24.1721848504048,23.0618919502208,23.3018861183387,23.1620656796019,23.6978613754882,22.498402762774,22.3884786226292,23.2947356969986,23.234628395086,NA,NA,24.1221070863951,NA,NA,NA,23.66244578947,NA,24.0290684209407,22.415356385673,22.5047059251815,NA,23.5142060836798,23.4788894943865,23.2104366092289,21.4798208646024,NA,24.0547258007243,NA,NA,NA,23.4903825577795,22.3015331993499,24.1135137571586,22.490069211619,23.8863108055163,NA,22.8548645230761,23.479610638813,22.8386922035665,21.8470069050326,NA,23.7004759036047,NA,NA,NA,-0.152272029136487,-0.714421658913485,0.409877600640511,23.1822881937014,-0.553167966145698,-5.27340604886354,0.584241970057175,0.912902949081589,0,0,0.921422058190204,0,-0.0294702012759771,-0.58863677581827,0.529696373266315,23.1822881937014,-0.107629349537351,-5.75083256889902,0.915005336152372,0.979656818909501,0,0,0.997385721312032,0
"P30837","AL1B1_HUMAN","ALDH1B1","Aldehyde dehydrogenase X, mitochondrial","=""ALDH1B1""",21.2717001238562,21.4248300289793,20.7073387549261,23.1362569664628,22.2217755218993,20.9716663280711,22.5676393211051,21.5099140962632,22.1497017404342,21.8588860863723,21.7781564616821,22.6782490543474,21.9204758682138,21.4785943292944,22.8358541582008,21.8410691675421,22.0540796115684,21.4083438751919,23.0240506846129,22.8782126774642,20.7286062257727,22.4970218776992,21.2487886550158,22.8894710636671,21.9747691570603,22.4976580535595,23.4059490663301,22.8626623602351,22.4276555360321,22.7675985241057,22.5941563084282,23.3960575412525,21.4910273110823,22.8057835030062,24.1911802812271,20.882918027485,22.9487191984151,21.4352537598869,23.00745730739,21.9386839912974,22.6645509073646,23.4707743975801,22.1056285015834,22.4774538572731,22.6959220540715,0.401737450840429,-0.0542537686993341,0.857728670380192,22.2471676071846,1.77335894281156,-4.25316490208918,0.0827839499491781,0.632228637420987,1,0,0.367534779607361,0,0.239975360765754,-0.213358228432627,0.693308949964136,22.2471676071846,1.06551499129598,-5.42931907866607,0.292198953059499,0.754001885643784,0,0,0.74434802879957,0
"P31040","SDHA_HUMAN","SDHA","Succinate dehydrogenase [ubiquinone] flavoprotein subunit, mitochondrial","=""SDHA""",24.653811077488,24.0637494247845,24.4159391030562,24.2988436645896,24.4819177132718,24.4670223836723,24.5079441768593,24.1746156587101,24.7023724355526,24.5677850620866,24.8061712838269,24.581641381509,24.7927816737105,24.3935056988241,24.5848875241354,24.6266809998848,23.9363362319849,24.7262296436465,24.5560572031706,24.7650885500456,24.5087375801154,24.4841362241052,24.2573310871278,24.8630145561601,24.9860017587705,24.6771408249296,24.7266029745548,25.0640519322826,24.5693403001522,24.8958693250227,24.3531591119075,23.8443492135015,24.5912321589424,24.2982697573235,24.3646969330903,24.4462555879226,24.6891904480487,24.5285155035765,24.4266279028985,24.8381494628938,24.6016155038226,24.5717210653725,24.9080743060327,24.5087133278011,24.483850361078,0.143057917568882,-0.0259088364857046,0.312024671623469,24.5464450688498,1.70420347976697,-4.35171813262701,0.09508401236925,0.657193415298184,1,0,0.714184116046394,0,-0.145879903182738,-0.313861876932315,0.0221020705668382,24.5464450688498,-1.74800872700527,-4.55412892827683,0.0871287832698115,0.52497025745656,-1,0,0.700472167920316,0
"P31146","COR1A_HUMAN","CORO1A","Coronin-1A","=""CORO1A""",NA,NA,NA,NA,NA,NA,NA,NA,NA,NA,NA,NA,NA,NA,NA,NA,NA,NA,NA,NA,NA,NA,NA,NA,NA,NA,NA,NA,NA,NA,NA,21.3093315966262,NA,22.2602159883406,NA,NA,NA,18.2590259038727,NA,NA,NA,21.9146448517252,21.8714575525074,20.4564896581216,20.8491629076738,NA,NA,NA,20.9886183512668,NA,NA,NA,NA,NA,NA,NA,0,NA,NA,NA,20.9886183512668,NA,NA,NA,NA,NA,NA,NA,0
"P31150","GDIA_HUMAN","GDI1","Rab GDP dissociation inhibitor alpha","=""GDI1""",22.0017112670521,20.8302950524823,21.7278740971248,21.548696760777,21.5268801744081,21.5936772303659,21.1928241422012,21.4335404948616,21.2333992990552,21.534942512858,21.2981296249992,21.5680889053398,21.4569619485527,21.5417887935312,21.6185933375406,21.5291021677433,21.3015861403376,21.3931243115665,21.2386583083158,21.1200388557601,21.663310486585,21.6396507664356,21.3106316593763,21.4436584797861,21.4501360768973,21.2949579195248,21.5670459783898,21.7351765056452,21.661273471554,21.3489761204243,21.4523521492807,20.9943224671525,21.239911015692,21.1108033541953,22.0077193593861,21.3075459020273,21.3741211895818,21.2470775653263,21.5266912680217,21.3547062062922,21.5334058323615,21.2260868699907,21.3633431437667,21.4476374224323,21.359646257476,-0.033054812307455,-0.204099685517026,0.137990060902116,21.430002242055,-0.388987319388928,-5.520939213082,0.699078784510946,0.947110987403691,0,0,0.988236385927264,0,-0.0767971496905702,-0.246845130799371,0.0932508314182309,21.430002242055,-0.909043009336324,-5.57368065418484,0.368061633913999,0.791831108546088,0,0,0.926112903980625,0
"P31153","METK2_HUMAN","MAT2A","S-adenosylmethionine synthase isoform type-2","=""MAT2A""",21.1397022269566,21.0068995162567,21.4030635145084,20.861707176344,21.8413844294275,21.6602388609804,21.5456655958387,21.4295602984724,21.695510306529,20.8072782519996,21.4072680134492,21.928557421483,21.0229890304783,21.4292499299547,21.1069028369466,21.553671470928,20.6802990066402,21.8182655657361,21.3812619484627,21.5811453253607,21.6992429697543,21.8083908601177,22.1848858375255,21.4306453319714,21.6039316368577,21.2780986317477,21.8593945409505,20.4080825167768,21.9213605650151,22.0532417585646,21.5536925935225,21.7716908428808,21.9491154788478,21.806915253664,20.7029597159495,21.431666164938,21.6984062996244,21.8474207248498,21.5015513233191,21.6193069805062,21.3884794045256,22.1602509414343,22.1009633744871,22.0850370471696,22.0334118020701,0.198242560586074,-0.0792114914915727,0.475696612663721,21.5377502960849,1.438191231882,-4.69863495656108,0.157142861825941,0.720861261794311,0,0,0.692901330183504,0,0.159263332091971,-0.11657364870109,0.435100312885032,21.5377502960849,1.1621819261154,-5.32929506651231,0.251150711396885,0.729789526030434,0,0,0.802475080642355,0
"P31415","CASQ1_HUMAN","CASQ1","Calsequestrin-1","=""CASQ1""",29.4595825595075,29.4671244063834,30.142629944233,29.4267967591131,29.9591133612385,29.6151351119409,29.7004829753538,29.6894900105307,29.2442560280982,29.5832155009944,29.6226412730273,29.02524253245,29.1482862008034,30.0245606875534,29.0921071744682,29.7022062158356,29.1565165793785,29.7565266374115,29.6200914407932,29.4599106469927,29.8955799468916,29.4280961337771,29.0339578128216,29.5762629142437,29.3524629559039,29.5055171289626,29.2304690585431,28.6830610998172,29.8674634040362,29.3896143727096,29.6720171645522,29.4279245555481,29.6896892604005,29.7461762071444,30.1834662075202,29.9889301852929,29.1969917580457,29.5868643010496,29.5431324580786,29.2042768039044,29.6275832758757,29.4292929038781,29.4324014341414,29.7529443241025,29.0645927280227,-0.0967340779275929,-0.308005014453438,0.114536858598253,29.5201040986971,-0.921617152152218,-5.21708337811712,0.361532623898195,0.84082823932612,0,0,0.906270419999034,0,0.125903147962607,-0.0841364489516341,0.335942744876848,29.5201040986971,1.20655249681661,-5.28065273366618,0.233767666242177,0.714839559457683,0,0,0.832775565625853,0
"P31749","AKT1_HUMAN","AKT1","RAC-alpha serine/threonine-protein kinase","=""AKT1""",NA,NA,NA,17.64103113835,NA,NA,NA,NA,17.2475273168957,NA,17.3858501724858,18.1682096511123,NA,NA,17.3364579209122,16.9352324400543,18.5732359930536,18.3996346927685,16.4096958952363,18.1214945701266,17.4498709470749,17.3412605263432,18.0617546891351,17.804457342583,17.1721725893522,NA,NA,NA,NA,17.5978412562244,17.8579018610219,17.9193836676147,17.2883169542921,17.5937547304198,19.5188448051691,NA,17.8857672136491,17.2142723921749,17.5525447480949,NA,17.5877858775323,17.2193385334091,17.4107289602272,NA,NA,-0.00608646422098857,-0.603784145170042,0.591611216728065,17.6553469216783,-0.0208579280986185,-5.27485959444933,0.983506703079879,0.99399184916815,0,0,0.999898782197644,0,0.102496813331381,-0.36708002625896,0.572073652921723,17.6553469216783,0.447086295921217,-5.7303641003891,0.658247112830562,0.905507449629859,0,0,0.958043982554612,0
"P31751","AKT2_HUMAN","AKT2","RAC-beta serine/threonine-protein kinase","=""AKT2""",NA,NA,NA,17.5244469947414,17.149552681324,NA,17.3231611795026,16.2810796634592,16.3062878057344,NA,16.4880400478839,15.871613567335,NA,17.1999421318472,15.1004709755274,16.8899890088092,NA,17.2656676880775,16.8721425933657,17.5945113420691,16.6469072743101,16.8866256160635,16.9030024834988,17.310850095708,16.9852974604113,16.9318306012588,17.5528126252177,17.6120133857684,17.3756190576754,16.4717444974114,16.7764134761046,17.3838156959657,NA,NA,17.3176008092083,NA,NA,16.4968944185157,16.0033062785511,17.2175973121996,17.4398249659506,17.9349790678478,16.7929287541724,NA,17.063128232373,0.533378407080729,0.101522455236963,0.965234358924495,16.9384878117542,2.50988143059614,-3.05114508142099,0.0169961488365092,0.473767971577395,1,0,0.113790808260512,0,-0.0346001431754566,-0.450680561307481,0.381480274956567,16.9384878117542,-0.168988559345236,-5.83781755854737,0.866805813013821,0.968392595575512,0,0,0.995066455157232,0
"P31930","QCR1_HUMAN","UQCRC1","Cytochrome b-c1 complex subunit 1, mitochondrial","=""UQCRC1""",26.0115341465405,26.2870312360169,25.7796039566578,25.657208413613,25.5724697820859,25.323528411614,26.1960204951574,25.9394959230817,26.0362590933445,26.0748474512751,26.3432970883689,25.5269089203562,25.8468449378507,25.7202029483251,26.163590209573,26.3902358166949,25.8668000224667,25.9037014565968,25.7783449088563,26.1298991307376,25.830791416415,26.0252896403797,26.1736349369459,26.2279963313395,26.0851388329665,26.2907504821771,25.7335354027154,25.9507977568861,25.983409723787,26.0946913166359,25.965644058926,25.853105101548,26.0736923418025,25.7895334347281,25.617129523729,26.0183022750058,25.9805383777957,26.1756420073201,25.9935311281091,26.1832635770983,26.3017774377523,25.7815775210288,25.9038230048136,25.921720685563,25.7515785091533,0.136002514092638,-0.0302432406529529,0.302248268838229,25.9612159816408,1.64667231017235,-4.43112000707517,0.106435323260963,0.679806474125127,0,0,0.737362794776268,0,-0.0769438794151185,-0.242220712517035,0.0883329536867976,25.9612159816408,-0.937071881694797,-5.54943267213163,0.35361128277842,0.786466622673627,0,0,0.923127837813808,0
"P31937","3HIDH_HUMAN","HIBADH","3-hydroxyisobutyrate dehydrogenase, mitochondrial","=""HIBADH""",23.2920620933254,23.8180242469455,23.8359919542347,22.994683799581,24.2103145875066,23.1266534156738,23.3795894850607,23.4859513311365,23.5859184949003,23.4644700774881,23.9356471052064,23.1161704786408,22.9296084049572,23.5949510397674,24.0025194836072,23.837380489029,23.8734443135206,23.7402657429897,23.6698340910052,23.9885363950818,23.8341845272812,24.287314290452,23.4316636699231,23.5291877204279,23.7226056493054,23.997673356394,23.4515149703317,23.0061970360316,23.5650025608038,24.1362941591977,23.5269804957425,23.5804914749742,23.8099199588266,23.6537561550602,23.6573312158134,23.6060293146734,23.8165231443028,23.7025442592177,23.5934007013114,23.5564498669496,23.7369709420269,23.174768378743,23.7078696844898,23.7336403902805,23.9777777709053,0.210529031222823,0.0045842370050567,0.416473825440589,23.6372913049583,2.05765226888978,-3.81365298037672,0.0453116743644166,0.549949756433459,1,0,0.521306591683473,0,-0.0824430145638289,-0.287187511253245,0.122301482125587,23.6372913049583,-0.810498912152639,-5.65328704108611,0.421823280546305,0.814231438285388,0,0,0.931310784449243,0
"P31939","PUR9_HUMAN","ATIC","Bifunctional purine biosynthesis protein PURH","=""ATIC""",23.441354564121,22.7041803972398,22.9395370134637,23.9577699354435,22.5607900221522,23.180836167263,22.4150627446427,22.5785423275049,22.1704050569227,22.4492008106048,22.6933789320791,22.4754296080607,22.9925536698199,23.0315240709632,23.2453030804487,22.6085483651992,23.1768946956924,22.5369579548557,23.138892286621,22.6907694994196,22.680310619476,22.5437485989347,21.9758737221859,22.6133094752605,22.6629661850443,22.9042896983328,23.0864323471911,22.859070166358,22.3614615477115,22.8566757815274,22.8536094582682,22.7688533044073,22.4879718256224,23.6087499681757,23.739379275643,22.595747242786,22.54521905729,22.8109819407689,22.4161208336004,22.7070331376792,22.5579927495708,22.8027338995816,22.4850979695133,22.6948475873695,23.3046676169448,-0.143486251288468,-0.408641740542349,0.121669237965412,22.7980238935947,-1.08923221378447,-5.07221168449775,0.281720045682978,0.798683993712781,0,0,0.833789480291982,0,0.112186994894074,-0.151423102160948,0.375797091949096,22.7980238935947,0.856626063175025,-5.61712217273882,0.396088342430167,0.802565618275863,0,0,0.901316870192999,0
"P31942","HNRH3_HUMAN","HNRNPH3","Heterogeneous nuclear ribonucleoprotein H3","=""HNRNPH3""",NA,16.6805689803648,16.5826605284928,17.0264863705783,16.2622408704796,NA,15.6917545230163,16.9634759899753,16.5391476249959,NA,17.3953071084379,16.0090093328091,NA,17.5897351469697,17.1094826666377,NA,16.659952833436,NA,NA,16.8524139794613,15.8478423545815,16.5226997683047,15.9116855786407,17.265675736908,16.4321307132171,17.8425828242385,NA,16.863511436924,16.5428409971187,15.9311621881517,16.5928197796912,17.0404916668483,15.6383638612859,17.5994463066679,17.7965452934237,16.3733633234972,16.2844545996162,17.6248617459037,16.0867790012471,17.4309927985181,16.7620620686649,16.3870083770414,15.8860614396236,16.5838608740358,16.97523361585,-0.11616239524378,-0.597950565566811,0.365625775079251,16.6914787109636,-0.488077880251655,-5.36190706786611,0.628296220705831,0.934833173270874,0,0,0.947445633877593,0,0.152102601126497,-0.295569788571456,0.599774990824451,16.6914787109636,0.687790274681653,-5.66653724613976,0.495757487180873,0.834663611429138,0,0,0.898772271135188,0
"P31943","HNRH1_HUMAN","HNRNPH1","Heterogeneous nuclear ribonucleoprotein H","=""HNRNPH1""",19.5089084491055,19.8680508341701,19.7223983556376,19.7081168267161,19.5407404088411,19.1516609292509,19.7407739325828,19.8522774174861,19.706899153972,20.1113424816918,19.4458319771321,19.0014540035161,19.648532036471,20.1517246491806,19.7358324040564,19.6443035846149,20.0067795880248,19.3234764062861,19.3166003916306,19.2061692993165,19.7294780830811,19.7206099329931,19.8327351581061,19.8187446211191,19.0836359261869,19.8291499366242,19.74586991745,20.1465711606512,19.5509766709218,19.2300563691191,19.9372733709512,20.3508412281028,18.999348517033,20.2873336164161,20.6629233076794,19.7890630057902,19.6294686746461,19.9418167113802,19.0987020381088,19.7354120769426,19.2829237507921,20.0835324271959,19.8666467758712,20.7366797704765,20.0954768184451,-0.0445181254885796,-0.31672454083489,0.22768828985773,19.723936511017,-0.329192038193565,-5.53980226002596,0.743503409411775,0.948679518362231,0,0,0.98689229625374,0,0.287485669580381,0.0168657409854456,0.558105598175316,19.723936511017,2.13829310682966,-3.88829176487424,0.0378322623960287,0.382557248031346,1,0,0.390081896028187,0
"P31946","1433B_HUMAN","YWHAB","14-3-3 protein beta/alpha","=""YWHAB""",23.1239506023136,22.0594350953039,22.5868181707497,22.505467852464,22.0460421351911,22.7356291400988,22.3021911819936,22.2227050214202,22.1603308725542,21.9427990528894,22.383735043452,23.1853458802095,23.2209346357773,22.8559843065074,22.7180092685059,21.9535209759049,23.000121795839,22.3013672120333,22.4390613787184,22.602770643093,22.3044280009636,22.1054030845189,22.1920966323374,22.2243769823275,22.535085647853,21.925659741726,22.9813476124573,22.9429211486163,22.6885792540397,21.9551637962314,22.2103255689493,23.0133916640721,22.1374523927646,22.9716989511131,23.1883274510281,22.0296415617349,22.4167978179112,22.3020486001581,22.3866372505288,22.4940796373924,22.2349626485449,22.8558694839925,22.6940985218493,22.6102137160264,22.8409991918358,-0.124721324319033,-0.386413872884607,0.136971224246541,22.5019517027554,-0.959312640118331,-5.18650934764735,0.342412183705556,0.829196193509929,0,0,0.874879743015864,0,0.148976036749467,-0.11119130249764,0.409143375996574,22.5019517027554,1.15258894822349,-5.33958674150705,0.255028481054743,0.731904733072387,0,0,0.81582297945849,0
"P31948","STIP1_HUMAN","STIP1","Stress-induced-phosphoprotein 1","=""STIP1""",23.2914290772257,23.5794526772701,23.8354774028872,23.3416252973408,23.7491864762337,23.4004281247516,23.6042966219875,23.676496605804,23.8283605833215,23.3784703217025,23.4892161039509,23.2476233926126,23.0675881674697,23.8242784003705,22.6340361146752,23.4146890965954,23.8256882127827,23.5777140683416,23.4559363183627,23.642889815655,23.4391027213923,23.7012761371905,23.4369312393262,23.3429925744578,23.4457338454107,23.427045990252,23.1922937544954,23.8381818898578,23.6357876705943,23.0797105669951,23.3192811267201,23.2367537853696,23.6693871560958,23.8670090439418,23.4953792887512,23.5475849465322,23.4940763896376,23.2511766894136,23.6034043395179,23.2192638845576,23.5632972436751,23.5483472615261,23.3596788488263,23.7255203567804,23.3850891321301,0.0334016420719436,-0.147863818555333,0.21466710269922,23.4819819725064,0.370905752348472,-5.52697236535809,0.712408934318602,0.947417763940137,0,0,0.988737301209011,0,-0.0113816272155915,-0.191590627614327,0.168827373183144,23.4819819725064,-0.127127260756727,-5.95711083861018,0.899393282721063,0.977865538778253,0,0,0.99879387855016,0
"P31949","S10AB_HUMAN","S100A11","Protein S100-A11","=""S100A11""",22.1233702069585,20.7444915152282,20.2875286418595,20.3340902481169,NA,19.6667300787828,19.8079293277292,20.1661902430406,NA,19.5321628388728,20.9624776766687,19.7401433671428,NA,NA,21.5255062666571,19.6499728215366,20.1763132582528,20.3687244135397,19.5700073071235,NA,20.6548345823356,20.5810745449765,19.6073044841876,19.124443000117,20.8722039589097,20.3175219593253,23.1218792808988,18.9775359116326,19.9327137547399,19.2901231190756,21.1090358304089,21.6289806615798,19.8091475474846,22.5573142690773,23.5074408089475,19.6213561855218,19.9217490112505,19.3965191878535,19.2247252931076,19.9441787416931,NA,22.1259486940093,21.5989692436838,20.4250907829015,22.1685910298486,-0.234507113385039,-1.0341131012912,0.565098874521117,20.5172902588481,-0.592718714036311,-5.35659000380782,0.556702314525391,0.905137078267613,0,0,0.871659344538591,0,0.743981647435554,-0.00328449273810105,1.49124778760921,20.5172902588481,2.01212786176709,-4.09955216361869,0.0509677616000759,0.429114709889593,1,0,0.109207287850407,0
"P32969","RL9_HUMAN","RPL9","60S ribosomal protein L9","=""RPL9""",NA,19.7444812517679,19.7644673475542,19.2932177036613,NA,NA,19.6049392436124,19.5498057752415,20.0489175505152,19.7899630894284,18.6970495775435,NA,NA,18.6316514820809,NA,20.0891436361731,NA,19.2191745756772,19.0979134862887,18.5924752769397,18.7194154899391,19.5240865228147,18.8291163454166,19.6064811167276,NA,19.1022359058156,18.400636621414,19.3632053938821,18.6650378748235,18.5499232447305,20.2600850767614,20.2655796316614,19.4530579042746,NA,18.2383909656183,19.7613894751642,19.5116100398,19.3628531713055,20.0658062872829,18.5698579554113,19.6309250616057,20.1753991343129,18.6241266400736,19.3689125249238,NA,-0.38038415434114,-0.813440446057291,0.0526721373750111,19.3191809251498,-1.78134887615141,-4.17877127436471,0.083284647151041,0.632228637420987,-1,0,0.388508040559748,0,0.409976504762181,0.0197199674517636,0.800233042072598,19.3191809251498,2.1304909872981,-3.87467729306421,0.0400254906374683,0.391383277006584,1,0,0.267295022049933,0
"P33121","ACSL1_HUMAN","ACSL1","Long-chain-fatty-acid--CoA ligase 1","=""ACSL1""",23.9969925887028,24.056338267786,24.0894060323274,23.7268706298874,24.4956532649886,24.295241223172,24.0806903149245,24.3055198483452,23.8748670559344,24.3269571096196,24.364895456788,24.3184780812654,24.0678271345576,24.1744995671697,24.3054344560399,24.632070536587,24.4409388498707,24.0008040466746,24.1489457832517,24.0368300666117,23.9749850133454,24.5531442455447,24.4455660088717,24.0152934121157,24.5230389296286,24.4744411444513,23.9008045044247,24.5382520092983,24.3185947637058,24.510881436889,24.2338398781335,24.1528328804761,24.1184040107405,24.0810754306059,23.1018537054007,23.980099444468,24.2309534414818,24.3347792444177,24.2970366157348,24.3911205851587,24.5126141722194,23.9024544097004,24.495880552705,24.4015711846512,24.4030756299762,0.131289035847576,-0.0663883520334931,0.328966423728646,24.2140411770811,1.33684875301986,-4.81690095883081,0.187840460814876,0.735002747790118,0,0,0.80289079165129,0,-0.125133304360027,-0.321658579214955,0.0713919704949011,24.2140411770811,-1.28163780829561,-5.1944702213055,0.206386727098047,0.697888808030293,0,0,0.820812316643315,0
"P33176","KINH_HUMAN","KIF5B","Kinesin-1 heavy chain","=""KIF5B""",19.5185215934784,20.4107278055098,19.9485330913397,21.02564276103,20.107721875801,20.0772423967349,20.1835898544178,20.6428129061567,20.2055490763366,20.7278351509385,19.7345619525892,20.2636919361744,19.3165090248644,20.2094159166667,20.3504421816125,20.3139604077059,20.5407634274192,20.612260239512,20.3860695199435,20.1280241028775,20.2539854706271,20.3795103107028,20.4619424379074,20.7124076227169,19.8341017116125,20.1397986578578,21.0227987596338,19.9647571640046,19.9826055636497,20.4841413721152,20.5382372878898,20.9437166035421,20.3260726858583,20.6708796453088,20.7605281416129,20.4713677234306,19.8758329686133,20.3843982224753,20.3645343464937,20.2553547950139,20.403182762025,20.6687480437658,20.394116010007,20.2864402130771,20.3221286175211,0.172058356750032,-0.0661080369533783,0.410224750453442,20.3245658301905,1.45413959513573,-4.67931208996069,0.152691131327906,0.720861261794311,0,0,0.723716286091577,0,0.0965607532232546,-0.140217547448797,0.333339053895307,20.3245658301905,0.82086087345967,-5.64533184619136,0.415955599600037,0.81367516752135,0,0,0.91878710003164,0
"P34896","GLYC_HUMAN","SHMT1","Serine hydroxymethyltransferase, cytosolic","=""SHMT1""",19.1212776845443,19.0328770331357,19.2861847517602,18.3172289013496,19.4372083985043,19.5141360206386,18.5172569461065,18.5095762185306,20.6821745803074,19.7066906303929,19.0309425896961,20.5184654582435,19.349331587808,19.4040354979366,18.6084248120393,20.1163691266235,19.0294056892627,19.4472242423784,18.816173262307,20.1312465579214,19.5856180834132,18.9446929573568,19.0142608468789,20.3877874095332,19.4868280453406,18.8844833782363,19.4364825033461,19.0285107231389,19.6137504913332,18.8773984746901,19.2253445191932,NA,18.7912035913635,18.7534057276704,NA,19.8363561118509,19.4871050311708,NA,20.7406685236879,19.3460769270508,NA,19.784180564346,19.3918676964902,19.3572283990265,19.1087231758001,0.111929370689836,-0.244548228048025,0.468406969427697,19.3575171504977,0.633633325414541,-5.41116162357949,0.529752542549923,0.899103645978957,0,0,0.93135590001159,0,0.0266668050969443,-0.357391624862535,0.410725235056424,19.3575171504977,0.140119918756944,-5.88076232236835,0.889234416700358,0.975133831606227,0,0,0.99687436162869,0
"P34897","GLYM_HUMAN","SHMT2","Serine hydroxymethyltransferase, mitochondrial","=""SHMT2""",NA,NA,19.0408588650467,20.0268235161257,NA,18.510736579124,NA,18.6479714261774,20.3015567263322,19.0528904614486,NA,20.1195705736452,NA,19.5078293581118,19.8923272582807,20.2876007779313,NA,19.3080314714919,19.756842877978,20.0749983526913,19.3248739212097,19.1620684472787,18.3996238900017,20.3349033168911,19.191472207374,19.4824754356796,19.1783255218431,20.5862318052757,19.4367326972823,19.5677762089893,19.796854043922,NA,19.0373283526416,18.067164175261,18.1468440409376,18.8592723668215,19.716531870554,18.6111298238785,19.8012481050903,20.2010909578551,19.0877333566896,NA,19.8492949218359,18.2746061281561,NA,0.0755951581739218,-0.420454713622545,0.571645029970389,19.389760566853,0.309057692636251,-5.41693782626833,0.759057261442355,0.948679518362231,0,0,0.979375723986839,0,-0.449353541837521,-0.904202406640096,0.00549532296505384,19.389760566853,-2.00351211818936,-4.09274062181645,0.0526848031844223,0.430239685589521,-1,0,0.266431021470466,0
"P34913","HYES_HUMAN","EPHX2","Bifunctional epoxide hydrolase 2","=""EPHX2""",NA,16.6237798312404,NA,17.2488004298096,18.3626338310306,16.4001994846494,16.388404192636,17.4981791693711,16.4999611634567,NA,17.3610379881788,NA,17.4184106387602,17.1584778262559,16.5384712136847,NA,NA,15.6429544394706,16.9367916778155,NA,16.9459226872785,18.0942533223615,17.4355639572772,16.9737901135541,17.1050550538687,16.5759561195673,NA,17.0710706115536,NA,16.6914609241703,16.7586891133367,16.2599425759781,NA,NA,18.0291825287126,NA,NA,17.882434887062,16.4183012218927,16.7996594509651,NA,NA,16.3896427329991,NA,NA,-0.0836279189949494,-0.568830223819628,0.40157438582973,16.9824652566763,-0.35248762217899,-5.3883028806606,0.727017982417782,0.947417763940137,0,0,0.973691344172628,0,-0.0718527532088942,-0.614601319649223,0.470895813231435,16.9824652566763,-0.270744825541637,-5.66342452977098,0.788502337522978,0.942584418301806,0,0,0.983071284066001,0
"P34932","HSP74_HUMAN","HSPA4","Heat shock 70 kDa protein 4","=""HSPA4""",22.3233786032438,23.2122475069582,23.7060960977525,23.8435991673514,23.3890311042589,23.4871092835069,23.2654280489446,23.8925442237328,23.6616136867835,23.8420327879243,23.393508614277,24.0198670483756,23.8847962393953,23.7003000460399,23.366573423624,23.4024167096353,24.1718076641564,23.5431882639944,23.6504566470558,23.5225945102646,23.2052831420676,23.4231688294418,23.5451389268243,23.7975358342279,23.7134938303992,23.5358052294509,24.2758160824443,23.5850408426623,23.75748698389,23.3086555742677,23.8007389032705,24.4177119854333,23.6077187591629,23.7294278831528,23.9925687241645,23.2640509114139,23.6456662405043,23.3656595878901,23.8038873034563,23.4697846606617,23.5121493085728,23.9889461810727,23.7110971404496,23.5937932354609,23.7005192048322,0.0960858002282627,-0.135347206126611,0.327518806583136,23.62288299961,0.83568907452473,-5.28237315058502,0.407645905228253,0.869020715339718,0,0,0.917389443361773,0,0.0777220639144005,-0.152362093266784,0.307806221095585,23.62288299961,0.679936599764668,-5.74508639071926,0.499949313076682,0.834663611429138,0,0,0.9475451335054,0
"P34949","MPI_HUMAN","MPI","Mannose-6-phosphate isomerase","=""MPI""",22.2652241091779,22.7624665070485,22.7571883384311,22.9707418647751,22.5111830472041,22.7616846307331,22.2924816156452,22.3798946664753,22.1263207958594,22.1147695366482,22.5374911988602,22.872723040576,22.985840434688,22.3029782855434,22.7398118632768,22.3840871383858,22.9917869491892,22.8104221652347,22.7652621171127,22.5692175793897,22.6347375071709,22.3884408553038,22.3854254829664,22.3321633067564,22.5344375082243,22.6470715701225,22.3070408891091,22.9132262727471,22.3420091239657,22.7280980201228,22.2354255264943,22.2474566740503,22.5951785530261,22.3558462377958,22.4201542086378,22.6243950241174,22.6454781058075,22.6517920571428,22.1119338955276,22.3120086149044,22.532679982354,22.2047615607645,21.9838039703831,22.2807648200197,22.6629066273976,0.0194456477971769,-0.16087487499972,0.199766170594074,22.5106402728704,0.217064132828974,-5.56674116518713,0.829117400452092,0.951343256582596,0,0,0.996362642938715,0,-0.191256041825213,-0.370525611726476,-0.0119864719239492,22.5106402728704,-2.14743188353664,-3.87138226553329,0.0370571451462938,0.38205111055717,-1,0,0.532461382507286,0
"P35052","GPC1_HUMAN","GPC1","Glypican-1","=""GPC1""",NA,16.5011885101448,NA,NA,15.1667157006032,NA,15.1123475778721,NA,15.4488205470693,NA,NA,NA,NA,NA,NA,NA,NA,14.1283873091149,NA,NA,15.079811853339,14.1236252443983,13.0999262626912,14.6723936266979,14.2524793737303,NA,14.7821709301785,NA,NA,14.0825088128616,NA,16.690137305457,NA,NA,NA,NA,NA,NA,15.5889543849703,14.6053264951427,NA,NA,NA,NA,NA,-1.18953604288296,-1.93722786124461,-0.441844224521314,14.8889862622847,-3.37195054151155,-2.30895932127443,0.00387169472914231,0.407818511469657,-1,0,0.00135120557383483,-1,1.24727018123672,0.425750661159196,2.06878970131425,14.8889862622847,3.21787278834049,-2.17310070988567,0.00535781867005378,0.233615286754175,1,0,0.00147039651669467,1
"P35080","PROF2_HUMAN","PFN2","Profilin-2","=""PFN2""",22.7610490373302,23.2028375913013,23.2001003130066,23.2402685500007,23.7389490198892,24.4546606535549,23.7803415819725,23.5874757008172,23.7977789568373,23.2809583970536,22.9761769896414,24.0556753481428,21.9362843615268,22.697180434575,23.5383747556712,23.503699201039,23.2019545153803,23.1872490059212,23.8340458194003,23.4815024560052,23.3325012454956,23.2864904432587,23.106864503217,23.052618489719,23.4467386113633,23.2735829446884,24.2267202755305,22.3937097864112,22.7379659147429,23.5710326366287,23.9975195386989,24.3457076007264,23.1701305078924,23.7558406813903,23.7460100239152,23.4867042652687,23.6764334247421,23.1207588361066,23.4550280152049,23.2004188309169,23.5657471632203,24.1449910869,23.4019111749432,22.8707963551561,23.5247189308589,-0.0362026401628697,-0.349332522571928,0.276927242246189,23.4077223105792,-0.232716158164871,-5.56364280990489,0.817013270102062,0.948679518362231,0,0,0.992710149334583,0,0.25506937247599,-0.056235511028213,0.566374255980193,23.4077223105792,1.64923745790924,-4.70440138458515,0.105906551501731,0.574013509139384,0,0,0.564011133969385,0
"P35232","PHB_HUMAN","PHB","Prohibitin","=""PHB""",25.4505540999979,25.2002197977943,25.3532685407939,24.7643733753688,25.3267518651861,25.0055629398872,25.2657079918853,25.5232410775394,25.304954059363,25.5810626994491,25.5121623614855,25.3441387846941,24.8008667830257,25.1562701786003,25.8059866587465,25.4440990800427,25.8510619333788,25.1144297682733,25.186785648194,25.3455540858872,25.569666339635,25.6618816462163,25.0409946123201,25.531610934773,25.437648427826,25.8834746691832,25.4916280751052,24.675575819993,25.246584712508,25.4988550194815,25.2176725526818,25.388857135463,25.3810532800548,25.4771247407871,25.5254267068762,25.4353089874573,25.3995577968929,25.7471045758198,25.5244517205728,25.4573248012946,25.6078210309884,25.3697238189246,25.3587787398231,25.7396253620798,25.2463664284296,0.103112244801409,-0.08506727700789,0.291291766610708,25.383359325884,1.1029318825653,-5.05936046691015,0.27578853650272,0.794236235660287,0,0,0.875621783379887,0,0.0597564603552385,-0.127326304355773,0.24683922506625,25.383359325884,0.642927341179999,-5.76824668406074,0.523460446937941,0.837978453874493,0,0,0.962058531425092,0
"P35237","SPB6_HUMAN","SERPINB6","Serpin B6","=""SERPINB6""",22.1975562428689,22.308986673151,22.9599042618034,22.0945504116661,22.4331277593172,22.2786429679492,22.4778396539905,22.5270517793906,22.4233285286053,22.545186080237,22.5851928906733,22.5359489502393,22.2929252088642,22.5757887880253,22.6104788890387,22.8216643786404,22.1209274821467,22.6454907192782,22.4116790198683,22.7835270936103,22.1778188236494,22.524500055018,22.0394143272173,22.2490317572263,22.7112684568975,22.5717974890301,22.8832442699321,22.1385465857463,22.013855502064,22.7926574610957,22.7141606807418,20.0984940197885,22.6736733458042,NA,22.5367054154196,22.2673912688416,22.8241540921728,22.4573645780367,22.2942389409977,22.6384992712101,22.5247711135871,21.0964806296779,20.3822445542295,21.5023550145423,22.6246849855131,-0.00621387445227128,-0.368203589033211,0.355775840128669,22.3265261458592,-0.0345730017595924,-5.58696299875826,0.972572996208304,0.989269528332052,0,0,0.999827206175215,0,-0.418379015408995,-0.784289129228007,-0.0524689015899825,22.3265261458592,-2.30285357561178,-3.56684975628281,0.0259606229033831,0.344080314270748,-1,0,0.217061458314105,0
"P35241","RADI_HUMAN","RDX","Radixin","=""RDX""",21.742482170171,21.2210954413629,21.7138564713672,20.873357919531,21.3020290611382,21.2530039384896,21.4448553452814,21.3871593841614,21.4794316009807,21.3412050261532,21.2899908299752,21.1614182726151,21.7439039538242,21.822163737988,21.1444315440303,21.3278107940361,21.1164339833702,21.4333728983861,21.2118995521712,21.2809800398952,21.3043848402116,21.3369404546529,21.0923010613415,21.2657898854718,21.2015700713474,21.1690856593542,21.2130101312814,22.1392890728156,21.2041306698607,20.9662652130824,20.9302128584149,21.0210495214018,21.1704119132838,20.9438480185869,21.3969614581604,21.2202139856148,21.1661359040711,21.2842840069234,21.2070937045401,21.1766431334734,20.902748451619,21.0606559749732,21.2785165821871,21.3170471049262,20.8998564493328,-0.110763915483368,-0.279277631967652,0.0577498010009164,21.2702072909302,-1.32304267500381,-4.83240263307153,0.192354681511863,0.735164347255353,0,0,0.833113973297472,0,-0.152505683984597,-0.320037260579609,0.0150258926104158,21.2702072909302,-1.83231511774022,-4.41988607474214,0.0733768762903492,0.498910158863055,-1,0,0.671415453438809,0
"P35244","RFA3_HUMAN","RPA3","Replication protein A 14 kDa subunit","=""RPA3""",NA,NA,NA,NA,16.8264771458667,17.0815055478363,17.1957225745721,16.6575906371825,17.2651354452507,NA,16.8907590220273,16.5241263044261,NA,NA,16.7165703064996,16.6665940437203,NA,16.5935533557599,17.1426201019192,16.7656068716665,15.902397839964,16.7509618712372,16.1977439590086,16.7194052192392,16.7194012423772,15.6614518667934,17.1423270403959,NA,16.7205182303572,16.5928886477039,17.0411867179441,17.4344912837951,15.5320770444591,16.090312157458,14.5576486131339,15.8447399872366,NA,16.4553361867288,16.3982353800959,17.3228905988487,NA,17.584263100532,17.4513856794057,16.9472657799843,16.2673153643763,-0.349963666100955,-0.860290616934086,0.160363284732177,16.6370736814059,-1.39211594810856,-4.63912427530794,0.172660260415847,0.727577717533431,0,0,0.540810422620668,0,-0.0869035263992615,-0.530708486735734,0.356901433937211,16.6370736814059,-0.397508302203155,-5.82555171540446,0.693403881751144,0.915228679438145,0,0,0.968681813126302,0
"P35268","RL22_HUMAN","RPL22","60S ribosomal protein L22","=""RPL22""",20.8108150731893,21.2164531668021,20.1093013343851,20.846939197703,20.4477276357149,20.3047560432515,20.954771475294,21.0814439712246,21.071069531242,20.9289108958502,21.1510967929059,20.3679874111261,21.7160860049041,20.9940884463952,20.1873109397577,20.690327659786,21.7548214393352,21.1296272258576,20.5666850588951,20.4627401050172,20.3198910055735,21.0718776027047,21.5800679425055,21.3054112962713,20.2546462783226,20.8427849292766,19.744808659501,21.9491353151858,21.2686573867425,20.9415634033388,21.0891934019708,22.2059223927171,21.1085237536163,20.9126679641268,21.3412626972198,21.1594742670092,21.093447838349,20.9362596792162,21.534101138586,20.2694914512382,21.4493408325982,21.8353518909729,21.2820691713882,21.1105729531688,19.9037325476321,0.113801509868807,-0.231903355643771,0.459506375381386,20.962293671286,0.662602914992064,-5.39506569217464,0.510888465448292,0.896077533266722,0,0,0.926418180987057,0,0.223224444766398,-0.120465566730621,0.566914456263417,20.962293671286,1.30733127465689,-5.16387186187372,0.19759155737907,0.679928456791111,0,0,0.696303035701706,0
"P35270","SPRE_HUMAN","SPR","Sepiapterin reductase","=""SPR""",22.5078119430868,21.0165665360092,21.3581858339764,22.6981030638978,21.4823866010544,21.2402627455024,20.4645323419368,20.8459550283721,20.8307744250562,20.9902399831344,21.9982486802653,21.1081118128072,22.218475605364,21.9885490964439,22.2064092995729,20.9794620126584,21.3186081048603,20.8880511556799,20.8591458659271,22.3569027598593,21.0083103274339,21.16645846671,20.4190950643542,22.3467378215646,22.3287013961356,22.0401725939205,21.7978894228699,21.9645444160558,20.8371303860051,21.4596649464178,20.745118992878,20.238958543352,20.894812462543,21.6850516782653,22.8386831879487,20.9713503460514,21.1652511688165,22.1294233143454,20.9066217539408,21.9430924754646,21.1092218168651,20.727819964551,20.6249502142757,21.0687762067703,22.2380586729406,-0.0882411609401323,-0.54472187534112,0.368239553460855,21.4225039674653,-0.389098529222426,-5.52090122455275,0.698997088606974,0.947110987403691,0,0,0.96889413235748,0,-0.1655789294296,-0.6193991605913,0.2882413017321,21.4225039674653,-0.734398916633436,-5.70869986858114,0.466429638949518,0.834663611429138,0,0,0.881369390425576,0
"P35573","GDE_HUMAN","AGL","Glycogen debranching enzyme","=""AGL""",25.4068882579273,25.6294532477083,25.4036638461606,25.2429098662355,25.257246695287,25.0349730597773,25.1649217116859,25.2999450008633,25.3866141278951,25.4221839403793,25.4825860055554,25.2187152834334,25.3040549702597,25.219989781671,25.0260946664623,25.2043513295725,25.4717301429226,25.7812658722188,25.3109740015924,25.438112812438,25.1966765257199,25.1113955002224,25.4986638918874,25.6633043260926,25.5387564765829,25.2819511958844,24.7327840344744,25.3077292444865,25.5152329862985,24.9981672317977,25.0703855489754,24.3895236951713,25.5239576946448,25.3334473918271,24.2711711122452,25.1616876862924,25.3542941571526,25.5052912402495,25.4055673301759,25.5009502417407,25.0539923546483,24.8075124902404,25.0504957035345,25.3065965547966,24.916025763456,0.0347896572334108,-0.167276466737496,0.236855781204317,25.2489385555254,0.346551233416128,-5.53464771489897,0.730507377633605,0.947417763940137,0,0,0.98913494851269,0,-0.226679773802683,-0.42756820610099,-0.0257913415043763,25.2489385555254,-2.27126940564445,-3.63658946148269,0.0278513331614042,0.344080314270748,-1,0,0.444097205558706,0
"P35579","MYH9_HUMAN","MYH9","Myosin-9","=""MYH9""",22.5767719126478,22.5980379147549,22.626228621027,22.2069315314575,22.3979687396198,22.4050187274191,22.8817069274847,22.8393316930707,21.6556626769876,21.9848091596432,22.120612101332,21.808532667703,22.3996680659735,22.3711268614125,22.6086024585784,22.2050333135682,21.9723180168366,22.1917912801015,22.2848154006818,22.0427069442022,23.3674046535103,23.1428032614612,22.0760828694138,21.8478787993786,22.2805840761134,22.1757177161196,23.8527875026056,22.3149549415588,22.2373885088062,22.354514934516,22.999773061411,23.4244905342602,22.3239429358379,23.5007630574828,23.2077840968738,22.526767118878,21.9265130214714,22.1593682431901,22.3466757895377,22.4720702701876,22.700475242155,23.3325707828888,23.1913956891757,22.5900176290149,23.2595199184329,0.0659556656565279,-0.266998465278156,0.398909796591211,22.5286648815285,0.398729630467488,-5.51757042746521,0.691935730227368,0.945624054281237,0,0,0.976003624704143,0,0.374356344794922,0.0433427534205255,0.705369936169319,22.5286648815285,2.27640841265621,-3.62662156444488,0.0275176670785064,0.344080314270748,1,0,0.26053058018812,0
"P35606","COPB2_HUMAN","COPB2","Coatomer subunit beta'","=""COPB2""",15.6899233945388,NA,NA,16.9363098087382,NA,NA,16.2536796398572,17.0233118114804,16.3933162769521,16.377305229367,16.9705351374078,16.3450510478999,16.5265957918039,16.2022415005357,16.4257315617074,16.7391980080101,NA,17.0332712847154,17.1975708708669,16.3126333807104,16.0526258400792,16.4252096260157,15.8554137238979,15.800660820907,16.8463244377345,NA,18.2115500662147,NA,16.4324304195713,17.0111290672164,17.1387000053275,17.2755130703628,16.2751004732744,17.1961968946957,16.6376802926393,NA,NA,16.0326187185701,NA,16.4674427301906,16.5645177154987,17.2801586129806,16.9818329002958,NA,16.2388420585302,0.219900513549856,-0.182295606117655,0.622096633217367,16.6220771240763,1.10991398389661,-4.96370936068208,0.27459504925943,0.794236235660287,0,0,0.75260697183471,0,0.0207547852446517,-0.378948937223406,0.420458507712709,16.6220771240763,0.105409804264201,-5.8404401381503,0.91665174431325,0.979656818909501,0,0,0.998195389958603,0
"P35609","ACTN2_HUMAN","ACTN2","Alpha-actinin-2","=""ACTN2""",27.6525841598924,26.106209486727,21.3944045071508,22.3703778707691,24.0888085129088,22.2469769742316,27.8657783325022,24.3064691711455,25.8115579178143,23.226385329176,26.352027908998,22.9883565813919,22.3892248252352,23.3634346731703,21.1903060240635,23.3015708795969,23.8743410899358,21.8914422797464,21.4099013545382,24.2436134577896,26.3965368315727,22.578066540338,28.624720571509,24.4436257241249,22.9764384100814,22.7974942610851,21.1979556673316,23.5558586667484,22.96698069739,23.7900024992231,24.6295141889561,23.5557081045388,25.0517678745074,23.0595457978416,24.6412432335904,24.3962588427578,22.9880931261979,24.6597361921624,24.6747537249131,26.0020322186997,24.1742015942588,23.6817783092578,22.8712326911947,22.4806705657052,22.5228120573103,-0.417195733087322,-1.5501137242629,0.715722258088257,23.8842399939573,-0.741228644831275,-5.34701430725235,0.462318919750317,0.894151228917902,0,0,0.724794840303985,0,0.356053306058737,-0.770261757037033,1.48236836915451,23.8842399939573,0.636305885572151,-5.77225634388978,0.527727906966413,0.840054692381709,0,0,0.796458560369619,0
"P35611","ADDA_HUMAN","ADD1","Alpha-adducin","=""ADD1""",NA,NA,16.2857167340602,NA,NA,NA,14.3242410972643,14.2408522114728,NA,NA,NA,NA,NA,15.6165771848142,NA,NA,NA,13.6286520124701,13.7229848221976,15.9418010953378,14.5065359409627,14.58331907288,NA,13.6337061793435,13.5359209925533,NA,15.7188424906467,NA,13.596516746316,NA,NA,NA,15.0768722194737,15.8516339538834,NA,NA,NA,15.1346238357702,NA,15.0049722402339,15.7765775852804,16.018714701513,15.189208671826,NA,16.9322768108714,-0.943011670378374,-1.8497304812741,-0.0362928594826457,14.967645076151,-2.15665044124539,-3.69906682385325,0.0422046390336612,0.540930776568028,-1,0,0.0505473761449832,0,1.335929393725,0.60980729813978,2.06205148931022,14.967645076151,3.81512849746872,-0.660258285709473,0.000943258678334804,0.11183510705007,1,0,9.08490460956251e-05,1
"P35613","BASI_HUMAN","BSG","Basigin","=""BSG""",21.6944885760856,22.0514348378494,21.8436048747995,21.4904223576251,21.8187779348267,21.8554402299151,21.7654553380595,21.8223664050343,21.3669280046043,21.9864236060382,21.8555737440589,22.2211101657146,22.0219078654849,21.9508261443706,22.1866395276017,21.9636306328765,22.1440499105649,22.105395678523,21.83301757323,21.8249422112837,22.0436699984854,22.0901696219819,22.4749262483475,21.6524842267016,22.0148253751507,21.6792944035941,21.8020402497166,22.7979899613767,22.2793040113446,22.236300435001,21.7189682835069,21.4990973304842,21.9635803976912,21.6476608439568,20.898354841472,21.7708368610236,21.8456714624022,22.109602609234,21.8069588356573,21.9503781498331,21.8927540320717,21.8653938794501,22.340745098998,22.115367070902,22.0640815212887,0.199038184988368,0.000125862656488063,0.397950507320247,21.9191753637382,2.01412084786783,-3.88443280626623,0.0498611370452573,0.564734416417681,1,0,0.550560370445818,0,-0.23017262134708,-0.427925633147416,-0.0324196095467443,21.9191753637382,-2.34283318591857,-3.49620311747488,0.0235145394240271,0.344080314270748,-1,0,0.421819106619121,0
"P35637","FUS_HUMAN","FUS","RNA-binding protein FUS","=""FUS""",19.5488290739522,20.0182344909418,19.3843828240437,19.6951934854888,19.1113185502216,19.2915787151329,19.3422169196729,19.634286053809,19.5839477490639,19.7521735038704,19.4353236525651,19.4220553390255,19.7480913243893,19.2269928336468,19.128082372135,19.4437057890657,20.0610003005281,19.1742722517086,19.548300217861,19.3710640921532,19.401621157211,19.9031169462981,19.7501989829581,19.5090726621219,19.2753271287038,19.3635027853781,20.0100806008712,19.6381547141579,20.0093169402079,19.3290797099031,20.1520497775824,20.467680077765,19.5943481157637,20.1824213486226,19.8212411771124,19.9674372384599,19.4865896281649,19.4921495590061,19.9400003469623,19.2635007553241,19.4932980203837,20.3553689273397,19.6352247965827,20.0195461105701,19.6198524675181,0.0961113245311047,-0.112634105272549,0.304856754334759,19.6355828780943,0.926762380373572,-5.21297935018985,0.358882761666075,0.838764416179628,0,0,0.906203853740042,0,0.246859604535342,0.0393307950614185,0.454388414009265,19.6355828780943,2.39432138348402,-3.39312299722253,0.0207794276465263,0.342581481084033,1,0,0.384318854387941,0
"P35749","MYH11_HUMAN","MYH11","Myosin-11","=""MYH11""",19.9846714730425,NA,20.587420433054,20.3256772989186,20.059147388555,20.052979439641,22.3306465352933,23.4387678903258,19.9234648755285,NA,20.1115026257032,20.3020574856827,20.0665369189631,20.3333046710432,20.7692299535028,19.8491725173179,20.3411919998781,20.328991376109,20.0478646607789,20.2035415518505,22.4375808407445,23.3561794360114,20.4183801491797,20.0699427478373,19.6908848928526,21.0520508242504,22.7912616546322,20.5854713389294,20.431439460665,19.9087571914941,19.8339620548375,20.1233052950359,20.6021957783302,19.2279718794915,20.127458105652,19.4452251788221,20.3490003996369,NA,19.691732384762,20.0926638200449,23.1123394552454,19.7610439609303,19.8273056082489,21.2567828613285,21.1741437178105,0.145929913377007,-0.58226344247749,0.874123269231504,20.5815059079038,0.40413388226922,-5.48596612176685,0.688115430349122,0.944726180986195,0,0,0.946912668873676,0,-0.408182074004767,-1.11873361925905,0.30236947124952,20.5815059079038,-1.15847319656168,-5.31886023467783,0.253058586559352,0.731611920386068,0,0,0.570696937325499,0
"P35754","GLRX1_HUMAN","GLRX","Glutaredoxin-1","=""GLRX""",22.6329939493207,24.0074875077933,24.7265632292933,23.4268814927928,23.7838118917071,24.5908018905331,23.6331366639155,23.6010517231758,24.3433308207204,24.3958572387093,23.2281130754717,24.7558743949859,24.2294873842695,23.657101763713,23.6554137574146,23.6398748452778,24.4575855008965,24.2888172912865,23.1545794964831,23.6602177954203,24.0513205509836,23.1640718463583,22.8845620205759,24.0771648911101,23.6962754136639,23.4077634949013,23.8998687720302,24.5008919761631,23.8745120432316,23.2875484930824,23.6052427261407,24.2863769838872,23.9666640322182,22.8365031262099,24.763801825692,23.6653124767502,24.2103769356694,23.0590376765614,24.3266863474292,23.4667737601932,23.8575061243954,24.4813565321925,23.7329626238182,24.1955416435879,22.5211581416352,-0.176707242066374,-0.538483404872304,0.185068920739555,23.8152947149258,-0.98316228574602,-5.16656085303826,0.33066606258031,0.826372714395847,0,0,0.822380238721923,0,0.0620164349943906,-0.297651206274585,0.421684076263366,23.8152947149258,0.347069332405242,-5.90735121105617,0.730120704128385,0.926345276578894,0,0,0.980682045104525,0
"P35813","PPM1A_HUMAN","PPM1A","Protein phosphatase 1A","=""PPM1A""",17.3035660382374,NA,17.7121905854917,17.9337712261643,18.0518211130719,18.6544101241262,17.7826512483885,18.1348487517792,18.1764514220862,NA,17.5664634737127,18.8085482081963,18.2015595146974,17.9055970740824,17.8811084942393,17.5777053066268,NA,18.2442749744768,18.3783216325162,17.861666166845,17.9093979749959,17.7190952022302,18.7594414613282,17.8829617108498,18.3577063607061,17.9241094871187,17.8715362245375,17.835860827142,17.8623745477025,18.2893323268842,18.172085454388,19.1912005690211,18.5265794081458,18.2157407040809,18.6103195221004,NA,17.8057031982848,18.2467964077977,NA,17.3497523284642,NA,18.0214850443693,18.3312979778352,NA,17.9395571936963,0.0366787665351858,-0.25578788767177,0.329145420742142,18.0788760338531,0.253660767879912,-5.51547162045154,0.801088770273372,0.948679518362231,0,0,0.99189825178598,0,0.166624671631315,-0.136981609945216,0.470230953207845,18.0788760338531,1.11005242772568,-5.30339881734611,0.273766982421858,0.747796548567826,0,0,0.80584924873411,0
"P35914","HMGCL_HUMAN","HMGCL","Hydroxymethylglutaryl-CoA lyase, mitochondrial","=""HMGCL""",NA,16.9358028840621,17.4519103196618,NA,16.7511418011972,16.2473641434546,17.4481015525754,17.223067259539,17.7633569333687,NA,17.2225066675575,NA,16.6864632480775,17.8849994870231,17.8298671328929,18.1041290217297,NA,17.5134017845344,17.1840421033166,17.6705230200185,17.3676507255994,17.9737154694064,17.7546456254181,17.6463660433838,17.1073868429203,17.646657831793,17.1327711138075,18.1808720323709,18.0616579825563,17.5211474370336,17.3874424257796,17.2527569793239,17.1415799959969,16.0487346372578,16.5617784288709,16.5638536395005,17.5948971173104,17.2742104326787,17.9164519057041,17.3285904942017,17.9808100218468,17.1295626525651,18.0911356693113,17.1747748618238,17.2982631070215,0.432029817594596,0.0863167581213389,0.777742877067854,17.3763597708123,2.52369823209265,-2.99459451344662,0.0155782331579436,0.473767971577395,1,0,0.165620452729005,0,-0.380770037474797,-0.698808920290639,-0.0627311546589547,17.3763597708123,-2.41780925003716,-3.34868351124047,0.0201393223681437,0.342026657891323,-1,0,0.226063837381459,0
"P35998","PRS7_HUMAN","PSMC2","26S proteasome regulatory subunit 7","=""PSMC2""",22.1927578281597,21.0492785981048,21.7112471738314,21.8916355233974,21.1673975851768,21.1879019439001,21.1090399281559,21.0506306182101,21.1005314236122,21.4057632727252,21.7735958973607,21.39313837095,21.2945946983727,21.8505385715455,21.754481353254,21.2063337604391,21.3528425174087,21.5190689090591,21.5976106069175,22.0708168598612,21.0625153567909,20.8137392397579,20.4281689311929,21.3380436555684,21.5917700287987,21.871653505939,22.0122767915714,22.0393642496173,20.8800150869337,21.043296648274,21.296747903593,21.3978129267623,21.4033251367492,21.5424447779922,22.2259246796539,21.1709615538402,21.32760750803,21.6066418179514,21.3657293739998,22.0920741353534,21.1476051583754,21.1908474094222,21.3415861260541,21.5591704895615,21.8771867960568,-0.0701690999171056,-0.348170510439455,0.207832310605244,21.4512381050729,-0.508053814259783,-5.47411037370721,0.613841200979946,0.931559875931908,0,0,0.966335830081829,0,0.114543309684382,-0.161837839412107,0.390924458780872,21.4512381050729,0.834203714899985,-5.63494390960621,0.408473664267586,0.810538222924278,0,0,0.902529580078958,0
"P36405","ARL3_HUMAN","ARL3","ADP-ribosylation factor-like protein 3","=""ARL3""",NA,18.6531893030934,18.5772483871715,NA,19.3870772454899,17.746333472668,17.8846800395539,17.7401689812993,18.8592083858449,19.22327897084,18.2179011481321,19.0115851908372,NA,18.0010000476065,17.1698619260594,19.2541334583809,18.1506316354008,18.6026182668807,18.3250105361466,18.4505452789171,18.8122784752304,18.6766311556685,18.5652811603845,18.136331429417,18.5982173519236,17.8580016905049,18.9297358008029,16.47985651067,19.193919638149,18.311387930783,18.6205392248601,NA,17.4537158003809,NA,NA,NA,18.7581387716079,NA,19.2044208620702,18.2042867783681,NA,18.4438539447538,NA,18.4839524890598,NA,0.0526747697495509,-0.401695426174554,0.507044965673656,18.4113241555576,0.23533892499232,-5.51434642151662,0.815315658400106,0.948679518362231,0,0,0.98930249883935,0,-0.0684990478672596,-0.602126080544381,0.465127984809862,18.4113241555576,-0.260583953366453,-5.72737191810548,0.7959386572589,0.943095335927629,0,0,0.984487818621891,0
"P36507","MP2K2_HUMAN","MAP2K2","Dual specificity mitogen-activated protein kinase kinase 2","=""MAP2K2""",NA,NA,NA,18.9859983484061,19.3836399201406,18.7124094375156,19.0837789873679,18.8436273909058,18.7530797916336,NA,NA,17.8263369063291,NA,NA,18.5993436316763,19.4641549661039,NA,19.1076084420397,19.5861462234029,19.1486629215443,19.137675673992,19.056654693242,19.2406493785628,18.7668750925389,18.8471608328328,18.72581442908,17.6401839837068,NA,18.3942105702528,19.0173758422244,19.469294349751,18.8504641274503,19.5648024026799,18.4562019809316,19.2524101918599,19.1019947056531,NA,18.3086445292029,NA,18.4424260504811,NA,18.1197786108298,18.4890439500926,NA,18.1117258346663,0.142611813297155,-0.242429111313936,0.527652737908245,18.8277554436593,0.753510120897169,-5.18393993642054,0.456479603036713,0.889501878065372,0,0,0.894189292219126,0,-0.202067293146847,-0.551307816385374,0.14717323009168,18.8277554436593,-1.17709597096174,-5.21877613393988,0.247567312370586,0.72771949909063,0,0,0.754197774769002,0
"P36542","ATPG_HUMAN","ATP5F1C","ATP synthase subunit gamma, mitochondrial","=""ATP5F1C""",26.151806759445,25.533473042668,25.8154959251881,25.6358955697475,25.878334618172,25.8056862907599,25.9106774536898,25.3801847590233,25.4864767699982,25.6819839649412,25.9354605244404,25.8024440945575,26.4249460992442,25.3458050865715,26.1141699408923,25.8353823549176,25.3660972081796,25.9235176406312,25.8747696615685,25.6392987204114,25.9049377023178,25.9636940897076,26.3424420382627,25.8411693110978,26.1437249511486,26.0020321105118,25.717257894192,25.2953628242501,25.5679288198671,26.2219632800352,25.5809220441479,25.6372821694367,26.0799436029749,25.8226228207666,25.8413788629184,25.8572535675626,25.8142218447476,25.6342331792851,25.4733819008404,26.027258790132,25.8621666163445,25.7645767518025,25.9677474838634,25.3765278161266,25.779036368337,0.0488271746338498,-0.144100041026882,0.241754390294581,25.8013549627939,0.509423421106067,-5.47350019924933,0.612888586653471,0.931559875931908,0,0,0.976379024737924,0,-0.0747349858541853,-0.266537773674978,0.117067801966607,25.8013549627939,-0.784295731378796,-5.67296630006048,0.436883344875557,0.822190183758861,0,0,0.939988888483314,0
"P36543","VATE1_HUMAN","ATP6V1E1","V-type proton ATPase subunit E 1","=""ATP6V1E1""",20.0985218901955,17.9424327039278,18.4588597561903,19.2890728595081,18.1771617987729,17.7083571545929,18.154300282862,17.9710765166974,18.2118954532469,NA,18.2428518400625,17.303650999503,19.0470884468977,18.9199720703006,18.9386164065199,18.3242586246722,NA,18.1155519426748,18.0256879004512,19.0752368966576,18.1802730841684,17.9580642115601,17.4081933192576,18.6302779730619,18.1119443459132,18.0809065066767,18.5345317274799,19.6827823830427,17.5465457311116,17.6995274381698,18.2239509550339,17.7595302301254,18.4494471420426,18.1389932688263,19.774017562262,18.4529107236704,17.449926132905,18.1919136683856,18.6767241976204,18.5833561050717,17.8406706969566,17.0857654814824,17.4158779227216,17.2902018919696,19.218319262372,-0.227418930559189,-0.700681545632373,0.245843684513995,18.2881219885028,-0.968427820234949,-5.1545234125494,0.338119223987294,0.826506778828922,0,0,0.781450677443303,0,-0.0602153152533482,-0.523250269170723,0.402819638664027,18.2881219885028,-0.262081298040067,-5.91653695833813,0.794480737173197,0.942866632673364,0,0,0.986241989390393,0
"P36578","RL4_HUMAN","RPL4","60S ribosomal protein L4","=""RPL4""",18.4327004404003,21.4452396947533,20.1108212295259,18.4032775735114,19.3283731735057,NA,20.9761426978361,21.0419657559518,20.5303237352823,20.8175487706616,20.3382455637989,NA,18.7608359969048,19.2525736927761,19.3319540474966,20.4487718811589,20.8012298726174,20.409316538418,19.6787395290321,19.6021716238104,20.0900250059111,20.8981853270369,21.1518011948003,20.6607835675255,19.0865827494381,20.8557884946746,19.4017510371502,19.7116120467996,19.8006495905602,20.0920435786289,21.1658906251909,21.40033839648,20.6134866927422,20.7113668710083,19.7430579687477,21.0473227064041,19.9045522440476,20.519073841002,21.5838096050204,19.2581686728331,21.1985259860307,21.235926441697,19.627417270895,19.7217829558021,18.7616318279417,0.279189786321307,-0.276819073955357,0.835198646597971,20.1849257329258,1.01195373398044,-5.11585715144445,0.317087747436159,0.825960254803846,0,0,0.725662031461694,0,0.253526671218687,-0.280072975251347,0.78712631768872,20.1849257329258,0.957526857558129,-5.53106774886111,0.343528505028082,0.779513844543387,0,0,0.762700775806089,0
"P36776","LONM_HUMAN","LONP1","Lon protease homolog, mitochondrial","=""LONP1""",19.6514944236963,20.0242275832022,20.0478061492607,20.0799454554679,20.1821898828254,20.1431549557281,20.1997958756314,20.4116221475043,20.5944342292668,20.4629307080573,20.4023926491279,19.9858663256666,19.5770106080538,20.6698333098196,21.0732014536714,21.274882754145,20.1913399482266,20.1049344022514,20.8144621075869,20.2448764899582,20.52386795772,20.7486285590685,20.5200116774125,20.4504653092802,20.9795785544924,20.5323173799601,20.1840192385595,20.1728025685135,21.4377173487995,21.2920723471523,20.7569852060407,19.7650722810044,20.137122699844,20.1865811364758,20.6749955017362,20.4838317919907,20.3306892480314,20.5394295721146,20.225853205761,20.8161978117861,20.1970454107927,20.026895593172,20.4124071402837,20.6044274397146,20.9093661125629,0.396838830185668,0.147397283514403,0.646280376856934,20.4232173900315,3.20225697265283,-1.56702489786979,0.00247405316158349,0.407818511469657,1,0,0.0923854306612296,0,-0.227005099454399,-0.474992838695986,0.0209826397871889,20.4232173900315,-1.84253698370238,-4.40324121850395,0.0718413212659194,0.498910158863055,-1,0,0.550036027390055,0
"P36871","PGM1_HUMAN","PGM1","Phosphoglucomutase-1","=""PGM1""",27.2792606715857,27.3380198936072,27.7366298525416,27.6185365714406,27.4323910057639,27.8635721060748,27.0120971787345,27.0890821542113,27.3149754435746,27.4651581605898,27.0872227094272,27.5750611668032,27.6857600932313,27.6945003078322,27.4050036521221,27.0886721060274,27.8770591807805,27.3337291347408,27.5749875206236,27.4843042340388,27.2758165907837,27.2200833178126,27.229538049741,27.3821615676387,27.5124604331558,27.2188736248177,27.1127120209116,26.8543341238255,27.6528256424944,27.4348315827387,27.1155871802978,27.012604128189,27.2381209788491,27.3991516927153,27.5719309633255,27.3695706363796,27.4927360345663,27.2021234194364,27.1611152252646,27.2210322460174,27.1467094892223,26.8303514535164,27.2761731634759,27.3850393832528,27.7487968895192,-0.0960471977877049,-0.277368580998404,0.085274185422994,27.3560156218155,-1.06621916652687,-5.09345836873907,0.291883983115872,0.799489091675277,0,0,0.888453994842032,0,-0.0720897497402184,-0.252354346791639,0.108174847311202,27.3560156218155,-0.804959232131585,-5.65749980940486,0.424980704544119,0.817635290588431,0,0,0.940176148961616,0
"P36873","PP1G_HUMAN","PPP1CC","Serine/threonine-protein phosphatase PP1-gamma catalytic subunit","=""PPP1CC""",NA,NA,NA,NA,16.2773308533839,17.3606520881811,NA,15.1262315425829,NA,NA,NA,NA,NA,16.0353833635761,16.4120028045716,NA,NA,16.5986516775526,16.5271393075491,NA,15.8779847150028,17.3535201025671,16.9030490401782,16.463906636397,17.2791100019391,16.2527309866288,16.5928464796979,NA,16.5431035701038,15.6359533587421,16.422574046925,NA,17.2371124368381,17.1127172712023,NA,16.4832733339466,NA,16.0933750856503,NA,16.4425548087155,NA,NA,16.8017246407233,NA,NA,0.236871513979562,-0.334065948534098,0.807808976493222,16.514475137072,0.856196475502073,-4.99534762769014,0.400342825981696,0.867495161100663,0,0,0.805058570697665,0,0.0972305064576631,-0.410521563023671,0.604982575938998,16.514475137072,0.395184576321434,-5.63840681184319,0.696191346562595,0.915228679438145,0,0,0.965402511164911,0
"P36957","ODO2_HUMAN","DLST","Dihydrolipoyllysine-residue succinyltransferase component of 2-oxoglutarate dehydrogenase complex, mitochondrial","=""DLST""",24.5278826693463,24.8553040118367,24.6602841456208,24.1692798098887,24.8963444494328,24.6948352310852,24.6816501571825,24.8139215688183,24.9050430282892,24.9588369605362,24.9597812970776,25.0494087987593,24.6763803786587,24.6417290171645,24.9323916696758,24.8165515386598,25.4852670050306,24.7692034192685,24.7070179050229,24.662543515597,24.7204929456289,24.8566981892128,24.9709350234548,25.0225250318522,24.9569301956592,25.2008635984228,24.6470004054717,24.4341111481669,24.8878008360878,25.0433144018881,24.5620855379804,24.9752005032835,24.70004145667,24.68949158907,24.0405575742527,24.7338176642298,24.8138275713967,24.8719153438736,25.0814495062575,25.0828459830882,25.1739605524476,24.7293700258421,24.9373483751887,25.0774949076587,24.94337778634,0.11657035044216,-0.063052540063317,0.296193240947637,24.8226025051195,1.30628286839086,-4.85102251529123,0.197944808026103,0.735164347255353,0,0,0.827938162095888,0,-0.0512313854562869,-0.229807389040792,0.127344618128219,24.8226025051195,-0.577462532491835,-5.80609675571563,0.566440435054711,0.862573310642818,0,0,0.97130080822368,0
"P36959","GMPR1_HUMAN","GMPR","GMP reductase 1","=""GMPR""",18.7902901922146,18.8152992369275,19.9754907153586,19.599113250665,18.1656303285357,20.2222650778565,19.2359754010158,19.4728072376007,19.5580969441515,18.6122954545132,19.307429283185,20.0438576126924,18.3413793578716,18.9570623922468,18.8693760155314,18.3700471707736,NA,19.9571439229843,19.7960109772254,19.8644626961672,19.8024154978957,18.4685004098298,19.6032411264576,19.753941742799,19.1901947367302,19.4707049297443,19.3025003172617,18.8162288600887,18.940723432681,18.9082916440629,18.3982418226617,18.137197540227,19.6684805139812,18.6710219624521,18.101763369089,19.5362504352183,19.0924367401831,19.6897056062575,19.4635109607304,19.2950444154904,17.9837009943718,19.3428324688938,19.1638587133761,18.3974939572339,19.5684116710809,0.0997439863986855,-0.28221529662633,0.481703269423701,19.1527437985526,0.525945200974082,-5.45221411001176,0.601506459414479,0.923983206133899,0,0,0.95056221501611,0,-0.322236290267309,-0.701964591863887,0.0574920113292691,19.1527437985526,-1.70911909794317,-4.60203419994238,0.0943117079280578,0.537339073041768,-1,0,0.467269921598886,0
"P36969","GPX4_HUMAN","GPX4","Phospholipid hydroperoxide glutathione peroxidase","=""GPX4""",21.3581718887905,21.4482778116833,21.1744578689996,21.2522344692834,22.2161067834628,22.6292452488093,22.1660892105781,21.9276639286165,22.0796850490424,22.2313843848681,22.0005048708767,22.9414462720962,20.7740037924878,22.0150131191002,21.8199374625558,21.8037724746233,21.477555561434,21.5056240062995,21.9866773935057,21.7781878506935,21.9409028449402,21.4468973428082,21.8963090518856,21.7274781173052,21.6625024168559,21.5856145959822,21.8672068629517,20.6423221140844,21.9921908535616,21.6205939076661,21.2253054510594,21.7334420044869,21.6378711231316,21.7405888457961,21.3284501830103,21.8962209791995,21.4999081952704,21.780277377617,22.3360370917649,22.1011123495958,21.8099091793745,21.7287066007266,22.0305532026965,21.8192761209203,21.6769754482636,-0.197836056059778,-0.47648634358248,0.0808142314629247,21.7625042601947,-1.42908071973266,-4.70958691370382,0.159731148884195,0.720861261794311,0,0,0.695667545985379,0,0.0940532505544383,-0.182972993725716,0.371079494834592,21.7625042601947,0.683382267435641,-5.74286552480525,0.497790172054569,0.834663611429138,0,0,0.936496635486826,0
"P37108","SRP14_HUMAN","SRP14","Signal recognition particle 14 kDa protein","=""SRP14""",NA,19.5131815431637,20.0569809548024,18.6979727629303,19.9499793291807,19.3959772512205,19.1689876781558,19.5699109559858,20.4794240416551,19.5681053721563,NA,19.2198246599431,19.4974773282477,19.3073558191597,18.6147220376745,19.700647941503,NA,19.3960993010972,19.9359671502857,NA,20.0171094454558,19.8969788112144,18.4938882115817,19.1436051438167,18.3797112177892,19.440649145037,NA,20.5702731485868,19.921341466139,19.3636627399364,19.7016546623137,19.5019209668301,19.8027442388017,17.9580963514667,18.6322050100475,19.4117622783315,19.9262528565951,18.4591917232013,19.1870137915179,17.6324001613003,19.7984155374835,19.4737181105763,19.6634082014776,19.948234740682,NA,0.0266590153170725,-0.428511585523699,0.481829616157844,19.3947910791627,0.118369157649362,-5.5069205174772,0.90636699818792,0.968065142292613,0,0,0.997382557577956,0,-0.314025585475097,-0.759136745120498,0.131085574170304,19.3947910791627,-1.42582165867251,-4.95913105343759,0.161669832901255,0.652706866863196,0,0,0.56427298044254,0
"P37235","HPCL1_HUMAN","HPCAL1","Hippocalcin-like protein 1","=""HPCAL1""",NA,18.5431144433477,NA,19.0423547121951,18.6848405234843,18.1885796007296,18.2266323012725,18.2994064970607,18.1570927840519,NA,17.908212008383,17.6951976843705,18.1338714134038,18.3295812318395,18.4488860844194,17.6669265051956,NA,18.0635517488153,18.1050001186335,NA,18.6992632624273,18.7514027268079,17.0188516895178,NA,17.9265375910923,17.6930558316897,19.0305997719019,NA,18.4077329874867,18.1542200921533,18.8194899430996,NA,18.2449385199517,18.308696887415,18.3281809601934,18.0383701616779,18.0836148126398,17.6276238063785,NA,17.7850288289064,18.5928679594711,18.4996451198872,18.3899930104027,18.0443240860516,18.6059745447628,-0.156896295780463,-0.494833054586894,0.181040463025968,18.2373238958644,-0.940679585637738,-5.10705641730062,0.352963632991125,0.834437715899217,0,0,0.849259680866234,0,0.115165887383295,-0.215078175368677,0.445409950135267,18.2373238958644,0.706566923770825,-5.62710324964416,0.484256836072187,0.834663611429138,0,0,0.919880622555249,0
"P37802","TAGL2_HUMAN","TAGLN2","Transgelin-2","=""TAGLN2""",20.2336872922714,20.37595775257,20.3104694924001,19.9227417940965,20.0275862770398,19.8240758790394,20.5739429465206,20.5803997031359,19.3146026039451,20.2185894357198,19.9167634323827,19.7780212408624,20.4051964870761,20.6479715433356,20.4166343866518,20.4099281589564,20.0637921324399,19.8833649231357,20.0183855207469,20.0541985224387,20.6022424348257,20.9595655159947,19.8121464310732,19.7398819599319,20.2797670928332,19.6650562121339,22.2207617820597,20.0614823735584,20.8290772349631,20.4340497328827,21.038211425151,20.5651851702129,19.7400765386773,20.675344349272,20.8073760169556,20.1818858592021,20.2284253236033,20.2183014954431,20.3173241231844,20.375823409438,20.4435119521675,20.6281477110564,20.3760266918781,20.6263281160596,20.5020410734815,0.166661815459783,-0.148625249605627,0.481948880525192,20.3178744344623,1.06399788448767,-5.0954864784548,0.292878339554857,0.799489091675277,0,0,0.814924039906334,0,0.11268728185393,-0.200762211709097,0.426136775416956,20.3178744344623,0.723632628294831,-5.71610990063785,0.472952076848715,0.834663611429138,0,0,0.919085738215201,0
"P38117","ETFB_HUMAN","ETFB","Electron transfer flavoprotein subunit beta","=""ETFB""",23.8053227113372,23.3444747341845,23.4106974947482,22.7538058725275,23.7064185465209,23.8003062950237,23.3091522242431,23.3659325776579,23.469221399865,23.4750861965038,23.5417272991314,24.2739729055811,24.131677703094,23.238030878349,23.8955910516173,23.6205581378563,24.400461806864,23.2265586692025,23.59485274,23.6923318234743,23.5901943771156,23.7199213628778,24.0309036123383,23.6734162750611,23.8346360713907,24.0468489681584,23.628933010116,24.0380405622195,23.410392379352,23.8199750064844,23.4504223559127,23.9275670525478,23.4716748196632,23.4684900658497,23.4692495085135,23.6524815967158,24.1100310630885,23.2569157322048,23.7301354872623,23.5466055630578,23.9263667733798,23.6364299609864,23.9156564015521,23.5067466554752,24.0140493742418,0.17948072852953,-0.0355921294100117,0.394553586469071,23.665161446741,1.67974372546424,-4.38576560753408,0.0997815706303036,0.661354198276587,1,0,0.661224329718925,0,-0.0830134928039499,-0.296832852587442,0.130805866979542,23.665161446741,-0.781470291273488,-5.6750507525868,0.438526141310678,0.822236277634361,0,0,0.93385789551855,0
"P38159","RBMX_HUMAN","RBMX","RNA-binding motif protein, X chromosome","=""RBMX""",NA,18.3261156339152,18.4516032984011,NA,NA,NA,18.1657944318284,16.4985027948491,17.3882782968736,NA,18.2090336101634,18.6078116784706,NA,18.7044777211392,NA,17.1471805014149,NA,17.0297338111125,NA,NA,17.8181793483333,NA,17.1184331827494,NA,NA,18.1925100089059,NA,NA,17.5819079037527,NA,18.0531009034215,20.3573569483793,16.4260000825984,19.8926309092744,18.1436358192169,NA,NA,19.2850074368146,NA,18.697448044021,17.4642207514238,20.04849362646,18.3517120204352,19.0710846246785,NA,-0.458988852926751,-1.34315066959479,0.425172963741292,18.2012101355453,-1.06699109088981,-4.84940132193035,0.29576836987957,0.799489091675277,0,0,0.571705987169626,0,1.12789451612888,0.297955758887877,1.95783327336988,18.2012101355453,2.79326956503561,-2.59044657562239,0.00965384529899076,0.281743762033623,1,0,0.00533279095308658,1
"P38606","VATA_HUMAN","ATP6V1A","V-type proton ATPase catalytic subunit A","=""ATP6V1A""",18.1721600701685,18.155923767476,19.7597648261006,18.7881286661716,19.0106436454966,18.7001965419782,19.1280795231256,18.5218551658412,19.3096213804271,NA,19.1618586039922,18.5290027631719,18.823418153272,18.8233109782059,18.5015081863363,18.9796205310864,NA,19.3097771909418,18.5109958963197,19.0838701404306,18.730286582877,18.9379814263842,17.8133727860271,18.92470240398,19.3814386572831,18.4043260924295,19.2247369901326,18.939361675449,18.8771527098712,18.3868489789508,18.8158780992245,17.3385112477912,19.1198119409787,19.1928763300879,20.0822064065205,19.0232256148045,18.724930548251,18.4375598726112,18.8161635560166,19.2629537068435,18.3215207498542,19.5595033903654,19.1571456805971,19.1207323387283,19.1997086129387,-0.0223193559067063,-0.356927801189701,0.312289089376288,18.8619226146405,-0.134427339283198,-5.55157440835201,0.893677127396464,0.963281315260771,0,0,0.99749420978834,0,0.14859227490139,-0.178784959444528,0.475969509247307,18.8619226146405,0.914725106628422,-5.55394285204406,0.365317181227013,0.791831108546088,0,0,0.861025780207772,0
"P38646","GRP75_HUMAN","HSPA9","Stress-70 protein, mitochondrial","=""HSPA9""",24.307193804532,24.3556886193472,24.4235416996471,24.5027985040228,24.6850341400551,23.886111200783,24.2082235822486,24.3680699253605,24.3181439799428,24.4866900727187,24.4153344698292,24.5194926546683,24.6506846406994,24.3109687319675,24.6544490304993,24.5425300934139,24.7626989354772,24.5150067151818,24.4738293395764,24.3637616160701,24.2157753728496,24.5990641632473,24.4141273581008,24.3107432450856,24.5360590963056,24.4360782524693,24.7617756885887,23.9116223676308,24.6226148889144,24.8221026208443,24.4399539710222,25.0046250995897,24.5043312895644,24.2579194815706,24.9390847312516,23.8427882928164,24.5984163559664,24.2319258915072,24.392469139314,24.4974152998864,24.4795241678103,24.7298934040844,24.5015644281337,24.5996310075551,24.8144691645569,0.0751275585375382,-0.0978203920630231,0.248075509138099,24.4714272563268,0.874368826341316,-5.25374420131378,0.386455716752206,0.860654333525107,0,0,0.931064592708239,0,0.0364147980582494,-0.135525168832758,0.208354764949256,24.4714272563268,0.426296608019466,-5.87817421700893,0.67187829267119,0.912350122546348,0,0,0.98562298416668,0
"P39019","RS19_HUMAN","RPS19","40S ribosomal protein S19","=""RPS19""",20.8270183203065,20.434641847043,20.1582466942016,20.0942854210324,19.0493997844417,18.7229554427456,20.6718952287103,20.2165529799278,20.4166317108588,20.2782088097405,20.2403788555384,19.0930378927565,20.4486375900508,19.8543412945108,20.062333144615,20.3934464674933,21.3006494918658,19.987590971147,19.3490379434588,20.333869001306,19.569384862416,19.9614326283191,20.7450477334176,20.3537939526772,19.6807887660727,20.156029626754,19.931814317842,20.2818684568153,20.2752687816252,20.0590337543539,20.624851742958,20.7014728729607,20.0875627310382,20.4508202544043,20.345782001664,20.6165505016605,20.3070964892381,20.3957475066191,20.5752185191123,19.8974972284007,20.2610876318196,20.6444476223187,20.2220937189787,20.4329157889129,19.4172952749674,0.131203422132277,-0.192651795489825,0.455058639754378,20.1761791479355,0.81546452794603,-5.29684432788389,0.419005162327555,0.872297158372813,0,0,0.892141801920013,0,0.173425541965965,-0.148542166827707,0.495393250759638,20.1761791479355,1.08420536820277,-5.41061966733115,0.28391876641078,0.747796548567826,0,0,0.803840512613018,0
"P39059","COFA1_HUMAN","COL15A1","Collagen alpha-1(XV) chain","=""COL15A1""",18.8795908958476,17.8649574707919,NA,17.2314441338953,17.5696767331661,17.837665574633,NA,17.538053795078,17.6853757103377,NA,17.7215229079699,17.1720992084971,NA,NA,16.6944298752867,18.0443041127503,NA,17.3788054535002,17.0554536518681,NA,18.6074289426709,17.9411859282684,20.0894395745826,17.3473627907017,16.7625557884928,NA,NA,NA,NA,17.0970026935752,18.4679735991911,18.1856209941256,17.4362743128776,18.5240418019279,18.4477303436907,17.436905502551,NA,17.5981167055926,17.7622931184297,17.7379021179039,NA,17.2292224120237,17.0748892877792,NA,17.9210472850032,0.228657160514462,-0.354601197568587,0.811915518597512,17.7529152491294,0.798507224303335,-5.14116714012615,0.430455396144071,0.873144117382484,0,0,0.824698209581442,0,0.0170537381133506,-0.540698454001169,0.57480593022787,17.7529152491294,0.0622778079804784,-5.79257583519966,0.950728482798461,0.987878263296057,0,0,0.999138700925958,0
"P39060","COIA1_HUMAN","COL18A1","Collagen alpha-1(XVIII) chain","=""COL18A1""",NA,16.4578593705219,NA,16.3295140265033,NA,16.5246865223669,16.2043158344302,15.7698318846709,15.4529462466609,NA,15.5184445959077,NA,16.0012849393368,NA,NA,NA,NA,15.9647955780753,NA,NA,16.4027880798457,NA,17.1450098137226,15.3916372776811,15.0803478407829,NA,15.4537065554551,16.1632466052101,15.4968374569679,15.9066227058648,15.3968905537883,16.1465289516618,15.4244443691513,NA,15.7337356307197,NA,NA,NA,NA,15.1861054132447,NA,NA,15.6345399502701,NA,NA,-0.0755629232601631,-0.510615402815351,0.359489556295025,15.8602660957756,-0.358439813786554,-5.3042383753289,0.723142610919166,0.947417763940137,0,0,0.975803901869906,0,-0.319128741327159,-0.788372633484907,0.150115150830589,15.8602660957756,-1.40351297309947,-4.77745074273935,0.173249290576722,0.656645627477197,0,0,0.571528882883455,0
"P39656","OST48_HUMAN","DDOST","Dolichyl-diphosphooligosaccharide--protein glycosyltransferase 48 kDa subunit","=""DDOST""",19.6520515828767,20.5693890738151,20.2349205164158,20.0490480038566,20.3159986184073,19.726891481141,20.4943040633383,20.6062302760932,20.7097158821238,20.5213605129876,20.1357229037056,19.5140953034523,19.8655204599666,20.2929224163039,19.8519308357076,20.8444668414686,19.2438381836419,20.3226692950976,20.4159381226037,19.7319072205271,20.1315747489118,20.5537580829499,19.6086189058634,20.1459705029713,19.8798321891372,20.3571976490692,20.1071211765072,19.1750030526131,20.2830088295601,19.7049207474343,20.649882162442,20.5550151281216,20.2996708698592,20.0108268588092,20.7871349404418,20.599814976489,20.0763769227971,20.3421082275011,20.493131907165,19.953187326159,20.2764268568211,20.8301923695888,20.3622710668811,20.5526631663574,19.4812254070705,-0.13407433142444,-0.41860880781957,0.15046014497069,20.1847967925567,-0.948465533381434,-5.19542735263653,0.347844563049313,0.831668715689152,0,0,0.867983620774775,0,0.317606842543174,0.0347307039081443,0.600482981178204,20.1847967925567,2.25997869571291,-3.65842744125329,0.0285970975005689,0.345223569512202,1,0,0.323383078133662,0
"P39687","AN32A_HUMAN","ANP32A","Acidic leucine-rich nuclear phosphoprotein 32 family member A","=""ANP32A""",20.1873482869731,21.4661986288872,21.7341666558837,21.6104317598992,21.8505359839387,21.2000744282227,21.4894507962138,21.0418966950797,21.4111148968206,20.9827983279999,20.5558484610093,21.25317881907,21.345857962122,20.5744935244861,21.2858751097458,21.6000023532515,20.3599104816787,21.3293680035364,21.6178556042464,20.6072716519651,21.8718002680405,21.6472563763891,21.2029167347597,21.0558184981527,21.0998856092626,20.6754919674336,22.0554568510511,21.758811057098,21.635162174006,21.6408439437804,22.0932948548942,21.8328988950958,21.6001218983408,21.5608089954595,21.9460084560105,21.8318924329398,20.7966897771984,20.0334999794687,21.1920165757039,20.7796627189859,20.7941479499624,22.0522656524175,21.7569552525249,21.9153345043601,21.8386831819918,0.152231111380246,-0.199577763884714,0.504039986645206,21.3371422896968,0.870978503775817,-5.25630346625644,0.388284839661875,0.860654333525107,0,0,0.865876422206067,0,0.124428636713496,-0.225329808847542,0.474187082274535,21.3371422896968,0.716082305980703,-5.72124278098591,0.477556981846493,0.834663611429138,0,0,0.912140087881556,0
"P40123","CAP2_HUMAN","CAP2","Adenylyl cyclase-associated protein 2","=""CAP2""",22.7848973410785,23.0877803853678,22.7444122483153,22.3939219549506,23.0635711096632,22.921992928296,23.2656411306557,23.1323592497313,23.410643025229,23.0246286209769,23.0254794939734,23.0519906509605,22.5598242622604,20.8522799581058,22.8179144257712,22.7539848403184,22.3362783546847,22.8666736691916,22.6031064790079,22.8039976339753,22.8361110317233,22.9591451933188,23.1374882274785,23.024430532508,22.5530533772174,22.772177690166,22.9689783752894,22.6958897371117,20.6712178706927,22.9220550805716,23.1041297022349,23.3234086777959,22.9756066070463,22.3303599975707,22.8566196686261,23.1458276791469,22.7023432043094,22.8404502774289,22.9423767851306,22.5151928927972,23.1479963411707,22.7538859135472,23.0938827244315,20.5169516885139,22.5874794178197,-0.145979840928138,-0.503503575533682,0.211543893677406,22.730631921248,-0.821861843186452,-5.29230395061929,0.41539142680294,0.872297158372813,0,0,0.879634978720719,0,0.0621282322876588,-0.293311764991077,0.417568229566395,22.730631921248,0.351830519835242,-5.90576558390587,0.726570609728512,0.92533598327536,0,0,0.98035063972986,0
"P40227","TCPZ_HUMAN","CCT6A","T-complex protein 1 subunit zeta","=""CCT6A""",21.8289128486756,21.5519466284086,21.8047388828511,22.2919788999519,21.4633643121616,20.7054802449463,21.2435274321244,21.3407902431232,21.4564938827469,21.0917354073046,21.3011826835088,21.7666911324564,21.3499797031037,21.6027996277216,21.7097705581101,21.3244994897812,21.7199792944906,21.4055834679354,21.5319469320997,22.0869529303234,20.4117920770484,21.2377298716519,20.8841616554967,21.5263002261625,21.3757272135547,21.3143174326544,21.920792908334,21.7444457430067,21.3711303371153,21.1244009726414,21.3577419397894,21.6018904294105,21.3498322899377,21.6879362511117,22.5461956645638,20.3804656746655,21.5760242792427,21.3897385456621,21.7677509027727,21.3737290544005,21.5224613738223,21.8013893589081,21.3354788639831,21.4624220792248,21.8996483989914,-0.103969054165166,-0.36243685734174,0.154498749011408,21.4787079587995,-0.809670752080516,-5.30092672716666,0.422294397759098,0.872297158372813,0,0,0.914272335621321,0,0.138196303612684,-0.118765084864313,0.395157692089682,21.4787079587995,1.0825285689277,-5.41230985648731,0.284654853250602,0.747908942681983,0,0,0.840598956542827,0
"P40261","NNMT_HUMAN","NNMT","Nicotinamide N-methyltransferase","=""NNMT""",NA,NA,NA,NA,NA,NA,15.7751125039251,NA,NA,NA,NA,NA,NA,NA,NA,NA,NA,NA,17.8700007346652,NA,NA,NA,NA,NA,16.1140030662264,NA,20.2532069369274,NA,18.2867473883917,NA,19.8727054108839,22.6485822036191,NA,19.1003924115107,20.9761470080922,17.4211414244242,NA,NA,NA,NA,NA,20.4788098016311,17.3175559595535,17.8925657377228,NA,2.41059276821553,-1.0402171427746,5.86140267920565,18.7697669682749,1.49784858521049,-4.42667297814344,0.156313727074231,0.720861261794311,0,0,0.0114039494167469,1,1.229026398967,-0.61289772282358,3.07095052075758,18.7697669682749,1.43071976518276,-4.65529600392938,0.1743882662922,0.657682984406168,0,0,0.116897356309524,0
"P40429","RL13A_HUMAN","RPL13A","60S ribosomal protein L13a","=""RPL13A""",19.4820041921466,19.2629193236573,17.5483342713299,18.3014817826605,17.1577754168788,NA,19.7132704048851,18.8177177373123,18.1649640349407,18.3117779707749,18.5835067305577,NA,18.6925169410332,18.2257508782841,17.5640675747708,18.2526765727714,19.3176478012956,18.5734081101768,17.0413266907701,18.2385292895765,17.6081458437679,18.7002694083841,19.3788792787859,18.8203472716369,17.5383010179134,18.4920165814594,17.0604961924893,19.3335644895202,18.8523802788606,18.3247079478199,18.7556105796649,18.6995186624826,18.8706904211893,NA,19.5690103506787,19.2394737501813,18.5379824520912,18.4778781392599,19.1757809311159,17.4747394433814,18.6855623339708,18.6165506223065,NA,16.1807797376278,16.4926348451991,-0.0567884570602679,-0.637447021723228,0.523870107602692,18.39353649521,-0.197362857818557,-5.54013060929033,0.844494728820496,0.958290008794964,0,0,0.990447713313817,0,-0.00245027082906901,-0.579712872072709,0.574812330414571,18.39353649521,-0.0085657788947388,-5.93182664810429,0.993206099792456,0.999903966701438,0,0,0.999983296437902,0
"P40616","ARL1_HUMAN","ARL1","ADP-ribosylation factor-like protein 1","=""ARL1""",NA,16.92514927251,NA,19.1809672576973,16.9039070717851,17.9333679308124,16.9600892187333,NA,16.7650208655013,NA,16.9493783410767,17.5187216909369,NA,NA,17.0107977453933,16.2724619238084,NA,17.3470720508888,16.4976756195493,16.7771283641311,15.4422472060702,15.188434368853,NA,16.1982266879438,16.4881535622069,NA,17.4485656892374,16.9680911734613,NA,16.3376252132029,16.595150742644,NA,NA,NA,18.6395612711038,NA,NA,NA,NA,NA,NA,NA,NA,NA,16.2213761365221,-0.910939062880171,-1.55941605140528,-0.262462074355065,16.8943117132204,-2.89897117226431,-2.48239593322423,0.00787094430106702,0.416167334657996,-1,0,0.0121173781293328,-1,0.762989044761046,-0.177872312082275,1.70385040160437,16.8943117132204,1.67356201908975,-4.3307561477043,0.107180527422862,0.577617785571503,0,0,0.181965497536529,0
"P40763","STAT3_HUMAN","STAT3","Signal transducer and activator of transcription 3","=""STAT3""",NA,NA,NA,16.7494035024789,NA,16.8791553118965,16.4636705430841,NA,16.4104032514564,NA,NA,NA,16.5294579415409,17.4996191654794,16.2379648658771,16.8237546733613,16.5476743539126,16.8726295177415,16.4040274000576,NA,NA,16.241006892569,16.6230373911757,16.4197512255236,16.5777568051221,NA,17.0022968096609,16.1213588827015,18.0971012088808,16.6443380789704,NA,17.5434288024621,NA,16.4154965950696,NA,NA,NA,16.356451794068,NA,16.8452438982947,NA,16.6509479752273,17.0902506799953,NA,16.6991639090349,0.0200089874575831,-0.376674387920553,0.41669236283572,16.720976595217,0.103488424377888,-5.36646155207126,0.918339051193802,0.973809195225642,0,0,0.998296913876029,0,0.135855728074883,-0.258378118375283,0.53008957452505,16.720976595217,0.707024901115332,-5.49526443364389,0.485599763849249,0.834663611429138,0,0,0.906523637385959,0
"P40925","MDHC_HUMAN","MDH1","Malate dehydrogenase, cytoplasmic","=""MDH1""",28.3475650481017,27.9829625835874,27.9631915712794,28.5658465712613,28.5461736143816,28.6985891516632,28.2275080627102,28.0703055613912,28.2023798461871,28.1515160579806,28.0381784763591,28.5903319873162,28.5579212605252,28.2828572115922,28.5811586307947,28.3325367451802,28.6151106583561,27.9769013009488,27.986899382889,28.267266792311,28.1012286425551,28.3521869032158,28.0992874778154,28.0763185537649,28.4610138620773,28.1655939162093,28.3154660724019,29.2335292825498,28.3983866966204,28.6760896729882,27.9216253885519,27.6790372492521,28.0490251023376,28.2163393609646,28.548023783938,28.1588680584681,28.3344228966072,27.8743026857386,28.1119138305001,28.2233158533475,28.2032062466579,27.9440646883662,28.2808006355202,28.3247976279776,28.549779560766,0.013551488100898,-0.180111235343881,0.207214211545677,28.2729738792002,0.140848349790546,-5.57875180045011,0.888604189614571,0.963182196760887,0,0,0.998400803616855,0,-0.175886199392632,-0.36842020827501,0.0166478094897456,28.2729738792002,-1.83880264973852,-4.40933121663366,0.0723991216440269,0.498910158863055,-1,0,0.630148378939294,0
"P40926","MDHM_HUMAN","MDH2","Malate dehydrogenase, mitochondrial","=""MDH2""",27.9335731779435,28.0158244915065,28.3809575232538,27.9504358591422,28.2126944175497,28.1604107981775,28.1323107969922,27.7386184586491,28.0633189543261,28.1807776256484,28.2543615980232,28.3709856267564,28.33381498169,27.9236268290675,28.6691947926982,28.413744417334,28.6352244769023,28.2126948333598,28.1434445198967,28.3066347641318,28.1176744725235,28.4705282540585,27.8759385057781,28.2246357817598,28.3825333635382,28.4482958754931,28.2386468581739,28.5020177656499,28.452400969415,28.6909080600995,27.9491590085715,28.0953352593814,28.1859774707097,28.1886384908775,27.6496391904348,28.0792407646566,28.5476871450059,27.8921233759614,28.3614929351275,28.2259551251774,28.607931443036,28.2560013863067,28.5782792155583,28.4374505731542,28.675415108269,0.181422816830668,0.0082176085891128,0.354628025072224,28.2481456742615,2.10834543814955,-3.7296942807505,0.0404729841304386,0.532894291050774,1,0,0.558866389930509,0,-0.0923330950590611,-0.264528820229489,0.0798626301113672,28.2481456742615,-1.07930909772607,-5.41554809040525,0.286071882869532,0.749555748347379,0,0,0.890870689803428,0
"P40939","ECHA_HUMAN","HADHA","Trifunctional enzyme subunit alpha, mitochondrial","=""HADHA""",26.954521284861,26.2011630223557,26.3900675449407,26.5022600365292,26.3583286482136,26.4420169507212,26.1634028659357,26.4541830776061,26.1571803009065,26.2484803948519,26.4440959915288,26.5625517394472,26.8064854493905,26.5317618121409,26.3705901469328,26.3297049400828,26.3981703385737,26.0965752100596,26.1635486065748,26.4213056083114,26.3281087861547,26.3813706440905,26.5492022275663,26.4672695198207,26.647008503955,26.4204197598855,26.4801660419612,26.9833400458508,26.6676701773358,26.3865954628127,26.059269951132,26.5789710449676,26.16115856534,26.0522738800931,26.8271036272208,26.2521013544008,26.3602804352818,26.4689029309824,26.1383953375282,26.5943946965453,26.2336857049274,26.2535149422147,26.4685961795984,26.4897635466524,26.2736902812427,0.00593226381413103,-0.159194647900364,0.171059175528626,26.4115477248339,0.0723125052261833,-5.58518747443204,0.942666441691905,0.983220575615884,0,0,0.999649803989865,0,-0.100556892993836,-0.264721403960365,0.0636076179726928,26.4115477248339,-1.23294407726522,-5.25091266672019,0.223855019585532,0.709998759994718,0,0,0.860269815170377,0
"P41091","IF2G_HUMAN","EIF2S3","Eukaryotic translation initiation factor 2 subunit 3","=""EIF2S3""",17.9943485861296,19.1788244289779,18.8262588723877,19.2901851475695,19.16238168981,18.7563273308204,18.7096035562376,19.1031048674485,18.932586960254,18.4593454635253,18.6151929238038,18.9039232479973,18.3732111532692,19.2244471851243,18.6157677375432,19.076602498023,18.8554249427247,19.0587121490455,19.1344855426004,18.8877726545737,18.8417164653444,18.864268230734,19.1401655651756,18.8266687203499,18.5637850626089,18.9376678346728,18.2291428442298,17.8850663977275,19.0096976412058,18.6189141355641,19.2148036152673,19.4648714394118,19.0978090764177,18.7988196404621,19.555407829003,19.3542506058809,18.7184374144908,19.0365793924881,18.4084940951056,18.7168644046686,18.7848866200245,18.8761079223376,19.0815265643519,18.6187838941243,18.6296860903494,-0.0138280385307681,-0.254163516251051,0.226507439189515,18.8540650764414,-0.115811985139705,-5.58158224693242,0.908305213747925,0.968065142292613,0,0,0.998670974843041,0,0.161815861320221,-0.0771188814070843,0.400750604047527,18.8540650764414,1.36317808473253,-5.09543414721104,0.17945598041349,0.665692419259105,0,0,0.757318490905964,0
"P41236","IPP2_HUMAN","PPP1R2","Protein phosphatase inhibitor 2","=""PPP1R2""",NA,NA,NA,15.8648593548297,16.5860401486184,17.3641069595897,16.4333822661804,15.8759964447724,16.7678926397157,NA,16.630798338546,16.895725690942,16.6155260765663,17.3348663824139,15.8735665840314,NA,NA,16.3569387570187,16.8738896413228,NA,NA,NA,17.3132368834187,17.1503942013775,17.3571358337747,16.6527588141041,15.8033744514452,16.7924006888727,16.8595299687897,16.2554916939504,16.4394911977934,NA,16.2260126931313,16.1919449995315,16.3942792009917,NA,17.4686912873228,NA,NA,NA,16.6917546131194,17.2149700794368,17.0799369350237,17.1397555584496,17.3646142351672,0.184211296847312,-0.225742458122083,0.594165051816708,16.7054633103306,0.915242978644655,-5.09376613588618,0.366901116591902,0.845254577227516,0,0,0.831352127919388,0,0.101659238126132,-0.314907977794068,0.518226454046332,16.7054633103306,0.497069112684591,-5.66850048448898,0.622534084072041,0.885234347493014,0,0,0.952960239868586,0
"P41250","GARS_HUMAN","GARS1","Glycine--tRNA ligase","=""GARS1""",20.39793728906,19.2007089181936,18.4073942716156,19.9018104688376,19.707224060639,19.5226831010849,19.0984314336819,19.1410232093154,18.7821462306413,19.3964096045078,18.9870561941455,19.2762887677004,20.4924041277091,19.514369695673,19.4246111835971,18.8578496245337,19.3540748134486,18.9640799153926,18.9106699847199,18.4702916954421,19.1049151113204,19.5315341027725,18.2204602376025,19.45603115705,19.3858857524431,18.9604039871734,20.0011052886582,19.7300714347477,18.5578573474845,19.3072820668626,18.9370208556263,18.7176215204818,19.2020853638935,19.8366965798101,20.4685255090674,19.0950177733312,19.6162173973522,19.2716386435647,18.9221405672263,19.4852469032918,18.6704062940949,18.9569250884791,19.1843199282333,19.2993492272246,18.1610585459907,-0.308917901481404,-0.666962642470352,0.0491268395075431,19.2419395838605,-1.73666713928136,-4.30587360091995,0.0891333205095639,0.645025861397455,-1,0,0.473858403224535,0,0.0674505118677367,-0.288507455239501,0.423408478974975,19.2419395838605,0.38141462521244,-5.895431947103,0.704650185746919,0.918175376593411,0,0,0.97666525864615,0
"P41252","SYIC_HUMAN","IARS1","Isoleucine--tRNA ligase, cytoplasmic","=""IARS1""",NA,17.3330353857233,17.1510758888121,16.9402507578826,17.3533574321366,16.5235898398567,17.6324015149614,17.2539174696175,17.0054633714558,16.9552391566626,17.7852592438824,16.4467003182105,17.0052364370755,16.6569665678938,NA,17.7087993502716,NA,17.9494035245803,17.7249040743024,16.8413043022334,17.3526645118528,16.37002078089,17.48707697409,17.3049925429709,16.9695661415141,17.3567575993875,17.8281684391488,NA,17.8820422179901,17.1777471620623,17.3372218861911,17.7480072723834,17.5168100600816,16.8756358093748,17.048571011827,17.4408058116093,17.41500808924,17.2598700986469,17.2980656512503,17.4746019439322,16.8178603359033,16.4595928061915,16.6758880536661,17.582827904817,16.8607654611073,0.322703208388983,0.0150705838651259,0.63033583291284,17.2148164195533,2.11688411949873,-3.70091339785578,0.0402294536630858,0.532894291050774,1,0,0.354553612817801,0,-0.197543980295858,-0.493586244074762,0.0984982834830452,17.2148164195533,-1.34659276213781,-5.0870627626253,0.185326680546052,0.67048191514958,0,0,0.716779454253374,0
"P41567","EIF1_HUMAN","EIF1","Eukaryotic translation initiation factor 1","=""EIF1""",20.2994958859865,21.0746778178527,21.4684098424637,20.2343752692945,21.4129887666145,21.1467423939383,21.3877454754187,21.3150229912705,21.6241588830972,21.3100842316002,21.3424244785486,21.5632103683088,19.9602462974303,21.3137545038307,20.7454520178435,21.2056122468688,21.3189495817067,21.4180880893106,21.2181407601376,21.3548576322874,21.248213208657,21.3622740347999,21.9068722903561,21.619060002749,21.3975830077655,21.3544884753319,20.7966988483408,19.960819135457,20.9883783742639,21.4734156501745,21.3426183217396,21.5777724233227,21.5548471871341,21.4671453622578,20.587199711414,21.3909756446123,21.2388923809526,21.011193034078,21.7587105915449,21.5038379342515,21.437537491788,21.780465626494,21.7521223242133,21.1586835575669,20.9482566305284,0.165673396969254,-0.130586850748845,0.461933644687353,21.2296110840801,1.12561586444231,-5.03774920460627,0.266161655513936,0.792012700844304,0,0,0.80308571412199,0,0.125787125579432,-0.168746443664297,0.420320694823162,21.2296110840801,0.859631265146085,-5.61469884587884,0.394446348887131,0.802565618275863,0,0,0.889570729325228,0
"P42025","ACTY_HUMAN","ACTR1B","Beta-centractin","=""ACTR1B""",NA,16.4456131591202,17.1032401542374,16.6759368228413,16.8585894778795,NA,15.9012758664335,16.9265877138486,16.5751542277532,NA,16.180838362751,NA,NA,16.1762817591175,15.4840260087807,16.9293370597502,NA,16.461688274613,16.8193004868375,16.3834916088132,16.4878438183785,17.0603760466109,16.2444384538382,16.5461863964344,16.141204155471,16.134512773855,16.7382068722089,NA,16.8977692856256,15.9544149457227,16.9534786413351,NA,16.0735001641436,NA,16.8110437317951,16.934225105648,NA,16.6356030346998,NA,16.7131353197268,16.9538813217637,16.367117530171,16.4963016335005,15.6389509111454,16.3206401534064,0.0556343496563123,-0.274582265823248,0.385850965135872,16.5007115081841,0.342014918109532,-5.42192997930169,0.734382523240422,0.947417763940137,0,0,0.982970934137989,0,0.0314270445143308,-0.288465395067738,0.3513194840964,16.5007115081841,0.19943460645489,-5.84276261392185,0.843075596792728,0.959935715069946,0,0,0.994649809480437,0
"P42126","ECI1_HUMAN","ECI1","Enoyl-CoA delta isomerase 1, mitochondrial","=""ECI1""",24.4038694112683,23.9249998059762,24.5946764889908,24.3022618392324,24.6567976360774,24.5483786941013,24.313779156242,24.0099253858351,24.5991543437396,24.2434037944052,24.376431147025,24.5044871592128,24.6259393497776,24.1411235728875,24.505999382314,24.1138803813648,24.4530481865228,24.1835414259581,24.5215007043078,24.0957833268555,24.6387606171183,24.5510229648176,24.0820634461622,24.4079175152297,24.4989471731918,24.5181193541601,24.0439705190286,24.6327275523348,24.3954229266787,24.4344069981118,23.8486057455978,23.5937883666927,24.3395459635667,24.3112182897029,24.2185533870043,24.4637737292986,24.0064908993328,24.0752628630137,24.3125224837746,24.2572908987793,24.4619809532897,24.2631878805734,24.8678123212603,24.4878148717,24.466001661864,-0.0120571407727113,-0.189919644325575,0.165805362780152,24.3399153460973,-0.136449120406352,-5.57928910376429,0.892061148476855,0.963182196760887,0,0,0.998623774055756,0,-0.106484185092782,-0.283310061698062,0.0703416915124985,24.3399153460973,-1.21213251686615,-5.27441482005931,0.231645460666822,0.714839559457683,0,0,0.85578324492043,0
"P42330","AK1C3_HUMAN","AKR1C3","Aldo-keto reductase family 1 member C3","=""AKR1C3""",20.6751934634122,21.5812339092561,20.3493906506963,21.0534925118358,21.053149021298,22.835618890489,21.4964227924412,21.3825512856649,22.348538785163,NA,19.8082574647397,21.6141658274058,20.4928216429899,19.0561461889241,21.4486612018004,20.2878921089914,22.4554618230944,21.0621630657574,20.2075421147733,22.9092335412969,21.5921141142553,21.0300123227677,20.8613271609737,21.4170382453023,20.6900603227424,21.2100846533826,22.3695245136268,20.380686056179,20.1733869115941,20.8716943167147,21.054584210814,24.1744960645526,21.3783087142081,20.5523663851888,23.9182609550095,21.5947177390655,23.0216684500055,20.6699563958178,21.3591651540137,20.1609779856143,21.100919925675,21.925571674847,20.3254026468613,19.5781004119144,21.3322146633191,0.0922989885519989,-0.563830319279098,0.748428296383096,21.2468312791926,0.283320728302559,-5.53798663783553,0.778229178164228,0.948679518362231,0,0,0.977123218806224,0,0.308566007030318,-0.332981482298607,0.950113496359244,21.2468312791926,0.968701819952051,-5.52111214621598,0.337867190568404,0.777832597704202,0,0,0.71546277271134,0
"P42677","RS27_HUMAN","RPS27","40S ribosomal protein S27","=""RPS27""",NA,NA,NA,NA,20.0522271701697,19.1012268930653,19.4715270348295,19.3187493965898,19.6845392578321,NA,NA,NA,NA,19.7400854950125,19.3671026806745,19.767320266574,20.4804486156895,19.1298387201227,19.2144465760163,20.2230373166823,18.2190149688566,20.1450561048568,20.008410436835,19.7278905380771,19.5520811981845,19.3090711671943,18.8602069259744,NA,19.7918521283973,19.892828257378,19.8981937831886,NA,19.4097384448847,NA,17.7031642336297,19.8388689611811,19.5629806997184,19.8333474916276,20.3659790692544,19.7656752801954,19.7457930836903,19.0858620353043,NA,19.3752690695592,19.4777516400867,0.0552983509424685,-0.443449478082913,0.55404617996785,19.5490783315555,0.225313828402288,-5.371601241176,0.823082347596858,0.949618938478124,0,0,0.989291216651689,0,-0.081355161254006,-0.503375152678629,0.340664830170617,19.5490783315555,-0.391749788560784,-5.82353720298753,0.697684866146535,0.915820048362989,0,0,0.971137841757808,0
"P42704","LPPRC_HUMAN","LRPPRC","Leucine-rich PPR motif-containing protein, mitochondrial","=""LRPPRC""",22.6070924255521,22.4535063043763,22.3295256242932,22.2241644927596,22.5053438757393,22.2047080129371,22.1425636573534,22.3668895406648,22.2820413046898,22.3355145820371,22.7060962565252,22.1071101014716,22.5997587795695,22.3250780662273,22.8624607272054,22.3064160672438,22.7342695765811,22.459185618544,22.3941822835098,22.8535025172896,22.361540079048,22.7572211487454,22.2854107951477,22.5737774881421,22.8259824680704,22.8670604282843,22.737944036544,22.7782719370054,22.392990544754,22.7944845293777,22.0983628838131,22.8461523807863,22.419303045383,22.3538027320036,22.9423419316906,22.3512655028947,22.8295541417762,22.6918624896504,22.2742443334443,22.7615754991955,22.8352795595312,22.6872594830757,22.5752040807558,22.669296097804,22.7889883630283,0.19738584495687,0.0331830007090097,0.361588689204729,22.5399685732116,2.41961428320086,-3.17951809366598,0.0195436772079396,0.473767971577395,1,0,0.45990574084243,0,0.000150200436372927,-0.163095628758752,0.163396029631498,22.5399685732116,0.00185199542776295,-5.96483052617396,0.998530323635484,0.999903966701438,0,0,0.999999779091621,0
"P42765","THIM_HUMAN","ACAA2","3-ketoacyl-CoA thiolase, mitochondrial","=""ACAA2""",24.1755639998247,23.7421409989972,24.2000454664836,23.8847836444002,24.041452797737,24.1399218201219,23.6306151363912,23.9358462880212,23.8793978633876,24.0932978926324,24.1777587668078,24.3756803981638,24.8618196236008,24.0686582447708,24.3628122011417,24.0082139833166,24.4638225922173,23.8837944882247,23.9458181145859,24.3623468208731,24.0632358405883,24.0043857845429,23.6698916650623,23.9796066334337,24.6113916732753,24.451218887106,24.3402080280837,24.4475997930146,23.9766848462389,24.307586172912,23.6940115643213,24.1423521382002,24.1310201916766,24.1920176159061,23.8969128108721,24.0006188862418,24.2609339496273,23.8887027352423,23.7883500344932,24.321223458218,24.1103130316422,24.1402389453838,24.2864958697305,24.0664737558535,24.4151168173292,0.0568979661135387,-0.126127515769483,0.239923447996561,24.1204529393488,0.625742990315897,-5.41577914020072,0.534573315866053,0.899103645978957,0,0,0.964993009378246,0,-0.0787349012491383,-0.260693665061603,0.103223862563327,24.1204529393488,-0.870973856802443,-5.60547857629947,0.388287350496486,0.801609022432753,0,0,0.928222349664381,0
"P42766","RL35_HUMAN","RPL35","60S ribosomal protein L35","=""RPL35""",NA,NA,NA,NA,NA,NA,18.2974388156908,15.2864754612173,18.446324090744,NA,NA,NA,18.9906747212797,NA,17.9581499548027,NA,19.3308760497214,16.5586401544124,17.9403877374018,17.5861891646344,NA,16.7713809150531,19.1775158462506,19.0802694072176,NA,17.6247597425184,NA,16.8652890584559,NA,NA,16.8575259927459,NA,NA,NA,NA,NA,17.9881206859056,17.8116041228859,NA,NA,18.525706577366,18.610172882677,NA,NA,NA,0.147989524101089,-0.967725660405872,1.26370470860805,17.8793421779463,0.276647880460149,-5.22012272973824,0.784883577077032,0.948679518362231,0,0,0.964788854690259,0,0.166453536712194,-0.942677663228846,1.27558473665323,17.8793421779463,0.313011160255763,-5.54003120066683,0.757506261194279,0.935609023673648,0,0,0.954824185107969,0
"P43007","SATT_HUMAN","SLC1A4","Neutral amino acid transporter A","=""SLC1A4""",NA,18.402810736325,NA,18.1590612242934,17.8048044333607,17.4697238220998,16.928100948092,17.3666547443193,NA,NA,NA,18.1664045680878,NA,NA,19.8878949030988,NA,NA,18.2686129151194,NA,NA,17.5797005806261,18.1071377577112,16.8047806561634,17.3016285973947,17.7002759767145,NA,18.3066388317873,NA,17.7479272893202,19.6662530416046,16.9893913016089,17.1915308710358,18.151267153723,17.4919036135734,NA,NA,18.2720339174398,17.1318718793815,NA,NA,NA,17.6808998462024,16.6652144028775,NA,18.3499203701282,-0.118331018526359,-0.726200334968239,0.489538297915522,17.8304786300803,-0.399391707596594,-5.2929430283354,0.692741640008995,0.945624054281237,0,0,0.957490863945597,0,-0.406766756794529,-0.993188309050323,0.179654795461266,17.8304786300803,-1.42313530398646,-4.8304760308708,0.166132643524216,0.655071957582339,0,0,0.481844602709453,0
"P43034","LIS1_HUMAN","PAFAH1B1","Platelet-activating factor acetylhydrolase IB subunit alpha","=""PAFAH1B1""",20.256995493391,20.0585896183933,20.2748595258341,20.3908440836278,19.835197354706,20.3347997795644,19.9374438480681,19.7330408490164,19.9922002794436,19.8527394037591,19.810357768178,20.553120922336,20.1956680088887,19.5579895801964,19.8875356843874,19.8694938386286,20.5581639651935,20.2257528777093,20.3508692856704,19.7532087253072,19.5806751028145,19.8374573008487,19.8885851699503,19.795854505298,19.903670860889,19.507165329399,19.7879517540059,20.4418032337218,19.9678552037545,19.9016792637495,20.0581302485861,20.432146702285,20.112662987051,19.8849532733929,20.4349534360209,19.8341716145068,19.8018542218823,19.6335536524052,19.9865204077266,19.6911706002581,19.9424368298466,20.3387873975921,20.0974687586908,19.5422329709943,19.8563364735582,-0.0849641218876691,-0.28378336555654,0.113855121781201,19.9930877375895,-0.860177277222486,-5.26439315356336,0.394148473970132,0.866140483702139,0,0,0.923943882178801,0,0.0184795438571079,-0.179180931765838,0.216140019480054,19.9930877375895,0.188183794330957,-5.94791676166471,0.851559563858448,0.960892501602455,0,0,0.997035003474103,0
"P43155","CACP_HUMAN","CRAT","Carnitine O-acetyltransferase","=""CRAT""",24.5321726197162,24.0176068666235,24.6940310690585,23.4358230646938,24.1000971792806,23.7588668433515,24.0887735249244,24.1797247117667,24.4317142436594,24.1194614034826,24.4255036581541,24.1121037286561,24.4682131027147,24.0685637114112,24.5033581271759,24.5433454528757,24.3867222580938,24.5540293960249,24.41141003837,24.2934735055009,24.2517652720535,24.3259106971099,24.7275238185548,24.5373214235287,24.5959709543127,24.6352742032291,23.7183725595888,23.9556955283744,24.3355268303841,24.6292191309393,24.1529816907269,24.157184950927,24.6782711209173,24.3218975497621,23.2618172399067,24.2161957240712,24.4023495633191,24.2458157119888,24.3896811600163,24.3371934439234,24.4884527262092,24.0540684538302,24.6514197393666,24.2851968554139,24.1712469359379,0.195469923214016,-0.0187656269845455,0.409705473412578,24.2811410619984,1.83653501571181,-4.16021544958379,0.0727396236802531,0.612150491830663,1,0,0.599115388189715,0,-0.139185880174917,-0.352172812255383,0.0738010519055481,24.2811410619984,-1.31538544559183,-5.15416462929327,0.194893655131448,0.678189083962813,0,0,0.796434139289035,0
"P43304","GPDM_HUMAN","GPD2","Glycerol-3-phosphate dehydrogenase, mitochondrial","=""GPD2""",21.6630843379854,22.1590358474383,22.6507743013352,21.318425351598,22.4709739802788,22.2392036172261,22.0615797551977,21.870351765645,22.5806468085176,22.0831325339874,22.1841247856986,22.3377973983793,22.1019821468501,22.2220290295289,21.6452721290583,21.5963242671015,21.9373156091495,22.7147142960559,21.5577068995277,22.2401236104877,22.5099318879418,22.1607523476146,21.6231819728248,22.2247219107636,21.850109106345,21.7361976876006,21.6168370181391,22.1946932144914,22.3062992459641,21.6607840529644,21.4541211172696,22.3267849087184,22.4443748107425,21.1678995117707,22.342589637381,22.0126209609018,22.2144355949318,21.7943872825043,22.1903894848253,21.9626356760537,21.748713373451,22.2925527661617,22.1829847754543,22.1572468306365,21.4450382412769,-0.115401240280555,-0.344344502843883,0.113542022282774,22.0278862641728,-1.01459663809548,-5.13955575028306,0.315600507858059,0.82534974192949,0,0,0.875386548102313,0,-0.0128612103261396,-0.240470134562389,0.21474771391011,22.0278862641728,-0.113737417841003,-5.95865146806968,0.909940475427754,0.979102145142626,0,0,0.99878694556131,0
"P43487","RANG_HUMAN","RANBP1","Ran-specific GTPase-activating protein","=""RANBP1""",NA,NA,20.5994073769339,NA,19.9835373809759,18.1639947616213,19.0894133648085,19.6140380571822,19.5253547426525,19.8456795989038,19.1265704556214,18.8770549937361,NA,20.314123030443,17.823722748295,19.0916125778882,19.7736322552626,19.3662145403177,19.4643363695374,19.7742112359382,19.6640020459362,19.3850435216076,19.5617737175317,19.2583292257517,19.3234032991081,19.5530924279935,20.1261296465714,NA,19.4595486312964,19.8509347790706,19.1460510193874,18.9385295628629,19.8772248861937,20.2382435593004,17.7670969016572,19.4303338176865,19.3621732354009,20.0912513517502,19.7617513821075,19.4307144486664,20.4726708904867,20.6545219491543,19.3892386610473,20.0111998466596,20.9605512551401,0.206565132618984,-0.305691229913197,0.718821495151164,19.5536678388122,0.814346327460703,-5.2246895324997,0.42014679086713,0.872297158372813,0,0,0.836002907955473,0,0.159897621942772,-0.311269860590964,0.631065104476507,19.5536678388122,0.685340160504518,-5.72578602207043,0.496982279445207,0.834663611429138,0,0,0.894222581198602,0
"P43490","NAMPT_HUMAN","NAMPT","Nicotinamide phosphoribosyltransferase","=""NAMPT""",21.6454857794957,20.9249768207412,21.433516261775,22.6420719748365,20.909962809273,20.2023493452168,20.6520243857856,20.9928517855429,21.0661887341474,21.4520162112875,21.5045608820374,21.250909099094,20.905068023963,20.2970093376104,21.7735004467056,20.8268278229686,22.7732118845064,22.1659731923755,21.7254138787402,21.5734617511623,20.563443177837,21.9697365954763,21.4974834479649,21.7837896990554,21.8918535418436,21.9100393763804,21.6844029259176,21.1429826633241,21.4285244646768,21.9410251599923,20.6325541506854,22.2676590738358,22.1217076853297,22.1310531065061,21.1213996913105,20.2331436880962,21.3640936165931,21.8901234926503,21.8642870938984,21.8297713997239,22.1881611157475,21.4319219788524,21.7785093856321,21.7221495231204,22.1458044946791,0.474693495854268,0.112333165384824,0.837053826323712,21.4945111328088,2.63683797126461,-2.76255679224421,0.0113715246092621,0.424491504989523,1,0,0.119428995634497,0,-0.0103886723707056,-0.37063707662863,0.349859731887219,21.4945111328088,-0.0580455317725628,-5.96322220047762,0.953963559556926,0.987878263296057,0,0,0.999510503731132,0
"P43686","PRS6B_HUMAN","PSMC4","26S proteasome regulatory subunit 6B","=""PSMC4""",20.2606282431278,20.4951043457386,20.1950185958007,20.6379638709223,20.2931594811968,20.2122228527222,20.4190877178823,20.2809894991373,20.4256292184576,20.077496897867,20.5047047861008,20.4160347817451,19.9853699003394,20.0717888950393,20.4398951892195,20.243658249956,19.5407140269635,20.4945176165363,20.5332564537865,20.9311138276921,20.272223573884,19.9974254809916,20.098807139647,20.293116444472,20.5864157639177,20.5337657695751,20.6314582060453,20.9947225450432,20.1018894870581,20.1289537941806,20.5871670726381,20.4200682450027,20.4960283728577,20.4828129256845,20.7869483621378,20.2493421720929,19.8712072063602,20.2409132578482,20.229507652945,20.3652118319959,20.4025007917943,20.1306826202157,19.9180689542688,20.3393988996109,19.8196067546259,0.0541447833409343,-0.152576413344509,0.260865980026377,20.3208132838916,0.527208519604776,-5.46542955068873,0.600580135504753,0.923983206133899,0,0,0.972771353347683,0,-0.0695048839780235,-0.275021258068259,0.136011490112212,20.3208132838916,-0.680737544174153,-5.74457113128066,0.499446963890586,0.834663611429138,0,0,0.952891689123428,0
"P43897","EFTS_HUMAN","TSFM","Elongation factor Ts, mitochondrial","=""TSFM""",17.4123004560061,17.5160904876443,17.5228259829247,17.9563000567224,17.6696424118472,17.8993948346243,16.2788067975807,17.4117727941687,17.5579789323593,17.3654045216952,17.2367828962495,17.6497317113955,17.753255226209,16.9374328741068,18.3728271980272,17.9134016879828,16.9402295398293,17.5998627775453,18.0050511853247,16.73170155234,17.9721345154777,17.9502732778536,18.0815681980223,17.8617377437344,18.0487551205686,17.5393929531935,17.7592261797019,18.8922589725218,18.0688018709314,18.69957492565,17.9310162858765,17.4453013483259,17.6957605305469,17.5297666475308,17.079087707563,17.8426094835721,17.6567657405435,17.6999315299901,18.1573958289871,17.8122479859437,17.643194270671,17.6832395938841,18.2931209065105,17.2368874261408,18.513942287005,0.352665134694707,0.0523528032233829,0.652977466166031,17.7072174501184,2.36374253731777,-3.2825118769892,0.0223670800172893,0.488872265797768,1,0,0.261797043951144,0,-0.122913528505752,-0.421475564949871,0.175648507938368,17.7072174501184,-0.828659115042273,-5.63928030580286,0.411572671566584,0.811669521254881,0,0,0.896623799910115,0
"P45378","TNNT3_HUMAN","TNNT3","Troponin T, fast skeletal muscle","=""TNNT3""",28.14911782662,27.4071583924283,25.292755881052,26.089696652151,24.8735692045023,25.0348752030404,27.6805433514877,25.9322145398158,26.1129689333932,26.1956214224828,27.2856801318619,25.3305938229787,25.9664137895145,26.6119904582926,24.8206527368165,25.0877966511911,26.0522400811983,25.4626392450733,24.7278949145566,25.836638516827,26.7244840241069,24.6867874879606,27.0379411359508,25.7965054995986,25.9101108606282,26.0331676169211,25.2032262355978,26.114431192677,25.5108930690026,25.4015245992961,25.9603058002327,25.9914780526449,26.0831961697099,25.3465601351216,26.1879873632731,25.5388105154453,25.4342389627081,27.2365678363336,26.0176614423846,26.9315593329972,26.607376458123,25.4448782527998,23.9112004703304,25.4395729597049,24.2734534965634,-0.446282889610828,-1.01431471350041,0.121748934278756,25.8838884605644,-1.58142419381299,-4.51828461252689,0.120627309127822,0.685914930018244,0,0,0.389103292706937,0,0.054571074519103,-0.510150118495695,0.619292267533901,25.8838884605644,0.194508788483064,-5.94676108003618,0.846633256356674,0.959935715069946,0,0,0.990955736623943,0
"P45381","ACY2_HUMAN","ASPA","Aspartoacylase","=""ASPA""",NA,20.7904232713846,21.057934299248,17.9188471191824,20.9765545028979,19.2774036486717,19.9554645935705,20.2568095840599,20.1354186524697,20.6541431174837,20.169757148153,20.1084509981997,18.8889404852596,20.1631284619291,18.3543833694706,20.2805098004932,21.05468449891,20.7335213229478,19.8446196658136,20.20620075939,20.4039698477683,20.7147384616525,20.1519642527882,19.818227883714,20.5074764077307,19.9425397451486,20.1489038097439,NA,20.4672145404904,20.3259388712289,20.1990751115635,NA,20.6781175981353,19.8563901347683,16.9514422332064,20.336218108872,21.0654090967604,20.2782695124701,20.7265657647904,20.4516381491844,20.1318092245986,19.4555775287821,19.9481553270357,20.6980180419341,19.5555673744396,0.391073746840465,-0.166522903621187,0.948670397302118,20.0866767220558,1.41438016199355,-4.70731045944991,0.164443889225272,0.720861261794311,0,0,0.493634062571649,0,-0.273932949073767,-0.828260155045983,0.280394256898448,20.0866767220558,-0.996565226893857,-5.46692145797483,0.324545518816211,0.770746018696202,0,0,0.734720721404387,0
"P45877","PPIC_HUMAN","PPIC","Peptidyl-prolyl cis-trans isomerase C","=""PPIC""",NA,NA,NA,NA,16.9985732699149,NA,17.065069310595,16.2855499315027,17.8497352902613,16.8531598989089,17.6313215948568,NA,NA,17.3931655224414,NA,16.9669848011121,NA,17.7126353060508,17.2915981563363,17.8491717297671,16.8025321302201,NA,16.6187827618958,17.2872435115104,17.2693386935789,16.4583605961101,18.0815563309667,NA,17.4010736931975,17.612638441524,17.0649413871485,NA,17.1323133275184,17.365389905949,NA,17.5772594706747,17.9918464361106,17.734978558108,18.0133376025506,17.6126477326192,17.8712546770076,17.1432550225351,17.5351380866236,NA,17.2116267203661,0.140113321120211,-0.265204310145811,0.545430952386232,17.3445961257407,0.704107460423552,-5.17263779080125,0.486452055367163,0.896077533266722,0,0,0.903961930600399,0,0.244826895436454,-0.101554516496633,0.591208307369541,17.3445961257407,1.43965875224821,-4.91275417630548,0.159663368185173,0.651333371176197,0,0,0.63815066192113,0
"P45880","VDAC2_HUMAN","VDAC2","Voltage-dependent anion-selective channel protein 2","=""VDAC2""",24.6238146409534,25.2264216016246,24.8018779449359,24.0663082596974,24.5848199600524,24.5940605695133,25.0835438643401,25.4401346679421,25.4729850228166,25.4207140605455,25.3016066377267,24.848999988174,24.6831165562341,25.0301190604162,25.0899821790956,25.5732220829622,25.9999786586215,24.9464063195848,24.7700001144437,25.2266023876009,24.9574945498721,25.2184917798303,25.4449713577003,25.3735065519807,25.0912854365669,25.6061659040513,25.1090856726147,24.805791945112,25.2330689601197,24.8776069184375,25.3727443420505,25.5762867152599,25.1401597318217,24.9390134106831,24.2375886254,25.5086562318916,25.2733729868145,25.5356420912974,25.4181594052695,25.3615637463491,25.508247617319,24.9291915393465,25.2025261538456,25.4704431173683,24.8643050487126,0.265466008016475,0.0271778820547868,0.503754133978162,25.129779653711,2.24242190578374,-3.49986710742541,0.0297920475300969,0.488872265797768,1,0,0.393482581390289,0,0.0069481415953625,-0.229951181849062,0.243847465039787,25.129779653711,0.0590358267828239,-5.96316679998765,0.953179071519834,0.987878263296057,0,0,0.999666874808009,0
"P45954","ACDSB_HUMAN","ACADSB","Short/branched chain specific acyl-CoA dehydrogenase, mitochondrial","=""ACADSB""",21.0156116615827,20.3451937664098,20.1373521776221,20.7407588727274,20.5755783627708,21.1970824533187,20.4231184461667,20.1237599902811,20.9504078026205,20.8040968974383,21.0559583445035,21.6921979145145,21.4025623220645,20.2721451353746,21.6253308595118,20.9243000844707,20.430493388561,20.8527998540417,21.7840858165944,20.2033987114698,20.5813313625997,20.4546874314402,21.3341169978963,20.5786491068522,21.3877930988458,20.9616603083675,21.0497999923076,21.1657370730878,20.5137078756305,21.706351187448,20.8406212182126,20.2100760122694,20.593913821676,21.0791584375131,19.4495016869829,20.5471125702298,20.254822130787,20.7401185457374,20.6691363400828,20.9644364710852,21.4880830123141,20.7169008690173,21.321228800706,20.0012288566958,21.5995261929122,0.109192220524029,-0.214314609820177,0.432699050868236,20.8170207169498,0.679389848383478,-5.38524788465866,0.500292392382045,0.896077533266722,0,0,0.927166197171259,0,-0.230203154892756,-0.551824506896316,0.0914181971108043,20.8170207169498,-1.44071211422016,-4.99608038167196,0.156432511387808,0.65091009980405,0,0,0.652426417236966,0
"P45974","UBP5_HUMAN","USP5","Ubiquitin carboxyl-terminal hydrolase 5","=""USP5""",20.8157021177719,20.5436242878325,21.2458711301598,21.8861506910398,20.6992407968184,21.1109860690528,20.589528312235,20.8820983214516,20.7464528819966,20.700339451341,20.8954101725157,21.3228861070244,21.2635574554438,20.9382216246136,21.3542280462566,20.5770631417802,21.0859568616935,20.7944845961722,20.9682801191283,20.8808675055311,20.8172444865956,20.7338425735297,20.3693830202273,20.6087151069621,20.8654644317454,20.7793947001812,21.5158010507416,20.7771240936581,20.5549904805313,20.8841246172183,21.0375807865383,21.4764485947335,21.1059638830167,21.2298898036265,22.3824124619086,20.7431545381831,20.5476734523908,20.5469416577421,20.7482636008472,20.9404598998534,20.8099826416052,21.1688247045297,20.756256976737,20.4377814392881,21.4214368793274,-0.184744373862596,-0.443916203557823,0.0744274558326301,20.9457801238128,-1.4348094771765,-4.70270757054749,0.158099757263305,0.720861261794311,0,0,0.711225053638067,0,0.209355635642119,-0.048305676111721,0.467016947395959,20.9457801238128,1.63548382253891,-4.72471767920812,0.108767011672872,0.581214144066023,0,0,0.628471022640839,0
"P45984","MK09_HUMAN","MAPK9","Mitogen-activated protein kinase 9","=""MAPK9""",NA,17.2585444997331,16.6226922612007,15.5148516471821,17.3233313155487,17.3526879611669,NA,16.7429188147788,16.5285323595187,16.3460954127501,18.2125091793822,17.102492053754,18.7484995078887,18.2327013728502,17.6712917819163,16.4703158872715,NA,16.6565583242881,16.1689165433979,18.5288089747682,16.9690767744547,16.8958106816836,16.6893291319626,16.4363900517131,18.0983857633421,17.8698304880452,17.6095992132187,18.2694143129177,NA,16.6050961577082,16.6554620253098,15.6171284014694,16.3459980256589,17.1737201742163,18.8452893659315,NA,16.9046092634105,16.6896147862207,16.7490492227282,17.8066533342514,NA,NA,16.803840243047,NA,17.1562327466472,-0.0131867747853249,-0.573991116741259,0.547617567170609,17.1262777854414,-0.0475999965394483,-5.52714062637774,0.962284062452594,0.985435363040972,0,0,0.999493155169725,0,-0.149006126370029,-0.730279137434896,0.432266884694838,17.1262777854414,-0.518923890588799,-5.73488607297058,0.606819740121743,0.880375407265006,0,0,0.928270536905367,0
"P45985","MP2K4_HUMAN","MAP2K4","Dual specificity mitogen-activated protein kinase kinase 4","=""MAP2K4""",19.0850385643021,17.5505492376312,18.0217766962918,19.5696997378571,17.5947259190601,18.1952828681203,17.8119220653805,17.6720591179637,18.0299837494795,NA,18.1947981301964,17.8202710870248,19.6826589112612,17.3542575544768,18.5714743885227,17.0595292290274,17.8339181702568,18.0720901487433,18.1177846444154,18.8619423576154,17.7940438438523,17.5582409171952,17.7903983269918,18.7240731243107,18.5531661300588,18.6426297982725,18.2141672679803,18.1789597475198,18.4752371349743,17.9875232948024,17.9095015682972,17.6947466550991,18.0622833455184,19.0878519586985,18.6911108797057,17.4736995648323,18.395669513776,19.045546663497,17.9388923216049,18.8694869216559,17.6243591311793,17.4206069689143,17.9407434365105,18.0580983249843,18.5083280190022,-0.115275760438074,-0.525208631061223,0.294657110185075,18.1758892599286,-0.566364595290831,-5.43298294615043,0.573957361117294,0.909046723445544,0,0,0.938003947372359,0,0.0571480758172882,-0.343674446211222,0.457970597845798,18.1758892599286,0.287157617016966,-5.92544336015189,0.775308623737114,0.94164415266078,0,0,0.985561402502477,0
"P46019","KPB2_HUMAN","PHKA2","Phosphorylase b kinase regulatory subunit alpha, liver isoform","=""PHKA2""",21.0577639578585,21.9825790746488,21.3021480828564,21.8456911308085,21.3468323675371,20.9467190973891,21.6135263672001,20.9675898792085,21.4068650370178,21.8466281288775,22.1474658917941,22.1844758822628,21.7771203279082,20.7098486275012,21.0572538834897,21.2829994539818,21.6817748789741,22.1661008158777,21.6585707074669,21.7910787648542,21.2349453477658,21.3620100857414,22.0752154150412,21.7621083840704,22.0569295158813,21.9961421246071,20.8035148291032,19.0502359902357,21.1181433756093,21.6615383398511,20.8756471773147,20.3265941176035,21.7411392967662,21.6288261363614,19.1910561851792,21.0456715592649,21.9647322981817,21.5983521326556,21.710460338927,21.8074504521186,21.9867804937576,20.6179979932086,21.3842196804855,20.5555858410863,21.4126555642715,-0.0384121256576044,-0.491427475739089,0.414603224423881,21.3720218896134,-0.170673554307191,-5.57466001680266,0.865228299887949,0.95848719206779,0,0,0.99445482019777,0,-0.256942584125245,-0.70731764797336,0.193432479722871,21.3720218896134,-1.14834546817022,-5.34411370794076,0.256757473011,0.735753665108559,0,0,0.705149719653923,0
"P46020","KPB1_HUMAN","PHKA1","Phosphorylase b kinase regulatory subunit alpha, skeletal muscle isoform","=""PHKA1""",22.9839979773898,23.6346118818372,23.4227669579965,23.7941290032686,22.8919208275994,22.630400937775,22.8934652326374,22.7416327424633,23.0263092526926,23.4622808182128,23.555177141453,23.3179976576448,22.9852320004954,22.804449054052,23.2028388574918,22.8306822558601,23.9288276714882,23.9669623191936,23.4520658737859,23.4221827134608,22.815342568808,22.8138165155371,23.1438363400999,23.5373246400519,23.7238650897276,23.4673363718472,22.7869316752958,23.0190973571887,22.7542073899025,23.2132833176034,22.4884714211112,21.9996507316929,23.6791022349645,23.4079694653418,21.7545121874179,22.5989626222726,23.3575812525316,23.1924387210839,23.27360918415,23.7660918618531,22.9579503492282,22.5888111510688,22.9779735041314,22.6248750968023,23.015735035579,0.0985233789010884,-0.200898650636933,0.39794540843911,23.1090379391575,0.66231769463166,-5.39523042690436,0.511069540250683,0.896077533266722,0,0,0.936005637263542,0,-0.346135152041427,-0.643812075453541,-0.0484582286293122,23.1090379391575,-2.3405145653541,-3.50080445722187,0.0236449763235252,0.344080314270748,-1,0,0.273585994560451,0
"P46109","CRKL_HUMAN","CRKL","Crk-like protein","=""CRKL""",20.0760685855404,21.4980072389929,21.7791507661356,20.2018072499726,21.6703053747282,21.7845682512449,21.5701386594177,21.7342025904776,21.8638949327685,21.597938450771,21.4925540019097,21.4460640031174,19.3652814915962,21.7222145332121,21.5530620953071,21.6504671708519,21.4695223610681,21.5838249635967,21.5171860986244,21.4045287870448,21.7714863847839,21.6401525506124,21.4168174031786,21.5131539408098,21.4677544786895,21.0797243963397,21.9904738250119,20.2484096381809,22.0109687454757,21.3358238143279,21.766378232296,22.2710680102141,21.4464246822902,21.6681663373454,20.8718879564472,21.740203451154,21.4629293538146,21.6016617156045,22.0193766892974,21.3747343450655,22.0581064078925,21.9051866138446,21.8119346503066,21.8174200454838,21.2155400488516,0.187006634054491,-0.168904249423506,0.542917517532488,21.4774793627488,1.05761245034349,-5.1012943351687,0.29574984762422,0.799489091675277,0,0,0.796268209439019,0,0.195381598754132,-0.158454947494929,0.549218145003193,21.4774793627488,1.11145473828609,-5.38280593939505,0.272143114496564,0.747796548567826,0,0,0.775478573525247,0
"P46199","IF2M_HUMAN","MTIF2","Translation initiation factor IF-2, mitochondrial","=""MTIF2""",NA,NA,15.9966908091773,NA,NA,14.9240695872237,NA,NA,15.3403242655053,NA,15.4571162820603,15.8913356189723,NA,NA,16.6586142332874,15.8842693101421,NA,15.7042730967015,16.1992892543562,15.8065564079336,15.0852954085535,NA,15.6781112837334,15.8417989746336,15.5780725886241,15.9385206641827,15.742503412286,NA,NA,16.3490204606624,15.9202864547582,15.3727260663816,15.4213202404003,15.7978330086601,NA,NA,16.2063844989593,15.4883843467228,NA,15.4056438849501,NA,16.2215589210598,16.6452870352541,NA,16.5260215626448,0.101014004020708,-0.305861520634884,0.507889528676301,15.8178262102899,0.508519584704089,-5.21932649230323,0.615066746827991,0.931559875931908,0,0,0.952090410824786,0,0.0578636788218603,-0.290349349096736,0.406076706740456,15.8178262102899,0.340367973790826,-5.74803964872707,0.736116194355328,0.928991337066132,0,0,0.982428669349075,0
"P46459","NSF_HUMAN","NSF","Vesicle-fusing ATPase","=""NSF""",20.2159713588112,20.4282763043035,20.7472253927203,18.9370994364014,21.0345525358475,20.9651091715145,19.85475033581,21.3584969855832,20.2499090683365,20.5516617141813,20.4051957771717,21.0180417580502,21.0059125522278,20.861034297444,20.0155346888919,20.4635279824632,20.2349348092939,20.8169006770042,20.2245955526869,20.6892095761594,20.1582725627107,20.8624142674982,21.1249957650262,20.2283164481121,20.6891241981048,20.3835189814551,20.9382697238898,20.069784898787,20.6832148496054,20.4845801594874,20.617351296015,20.5948395673006,20.34382954948,20.649789703627,20.0252048442448,20.5353622273687,20.7509565985706,21.2321757418845,19.999993394767,20.4301028902219,20.8125489761654,20.9921358801628,21.714998780669,20.5260319573779,20.5975836990783,0.0139481207379184,-0.295172093875605,0.323068335351441,20.5671852652558,0.0908236814761569,-5.58385697317111,0.928026688702228,0.978393598362148,0,0,0.998958690628464,0,0.118082976976623,-0.189235608074119,0.425401562027365,20.5671852652558,0.773409101497524,-5.68095764410174,0.443233271235316,0.823519603852491,0,0,0.908391990514089,0
"P46734","MP2K3_HUMAN","MAP2K3","Dual specificity mitogen-activated protein kinase kinase 3","=""MAP2K3""",21.7779561978285,22.0892555020988,22.3198488891145,22.5304391013467,21.9097107216097,22.0196511887658,22.1951185725577,21.9431084800137,22.3192214751934,22.0615542548935,21.6217278746634,21.9075774848714,21.9574982014505,21.5244052372524,21.9423552133328,21.971444566847,21.5701055604216,22.279671426269,22.6328492458208,21.6507173844414,21.8243192943959,21.84519409785,21.5941342080141,21.2188073293245,21.5706456249934,22.0610244602538,21.2516402736361,22.1722377156024,22.0752731908629,22.116263872519,21.6429171020944,20.8806765210471,22.376129956255,21.8281692766185,21.795984879802,21.4806858949701,21.7643078830236,21.7241323428798,21.9509253760049,21.3017916001733,21.7397772018738,22.0131373938342,22.1014745343738,22.1255767807455,21.8288085914972,-0.149764976093014,-0.384986366593092,0.0854564144070649,21.8779611551431,-1.28157568331874,-4.8780738250509,0.20640834350194,0.744011823725626,0,0,0.78953273800304,0,-0.0853221944039007,-0.319172656084416,0.148528267276614,21.8779611551431,-0.734403258003282,-5.70869685904715,0.466427019299552,0.834663611429138,0,0,0.937000663670923,0
"P46776","RL27A_HUMAN","RPL27A","60S ribosomal protein L27a","=""RPL27A""",21.9691128808332,20.9556306144622,18.8077509241326,NA,19.8594974092425,18.0239070453588,21.330302480346,21.1201368603433,20.4663872348263,20.6802298135787,20.7728219267991,NA,21.4787454861792,NA,19.5425795491547,21.0248258232873,21.138586488285,19.9796683974487,19.91311635736,20.8763501779918,20.0185028021961,20.9161096507503,21.972588676281,21.0273231184436,NA,20.9273726264262,NA,21.794894093516,19.9496646327656,20.0012896950914,20.3883829002203,22.599251680584,20.1948842028433,21.8586604486952,18.2774657653609,21.3269683995829,21.3000871915092,21.6217113300294,21.3586920821177,NA,21.3470865107363,21.4021786930389,20.3256313667134,NA,NA,0.339112885131026,-0.352457419823779,1.03068319008583,20.7175241982846,0.992630589075397,-5.09340195528616,0.327162278442573,0.826372714395847,0,0,0.684620590811228,0,0.227381752635512,-0.460117913169405,0.91488141844043,20.7175241982846,0.669518863814248,-5.67122951202021,0.507208149706995,0.834663611429138,0,0,0.856968239640242,0
"P46777","RL5_HUMAN","RPL5","60S ribosomal protein L5","=""RPL5""",20.8329155021994,22.6229963294648,21.4169270893083,20.3677258427916,NA,20.6959500268933,22.8014629486962,22.7562687443861,22.4469731871916,21.7406311179336,22.2221342253073,NA,20.2299068436113,21.304413382386,21.5638713125642,22.4152362855019,21.1674974516539,22.0550313984907,21.7619746251936,21.3606870280281,21.1299532811004,22.0829910403882,22.8444756335769,22.3802194344173,20.1333471661321,22.4662598813301,21.5164692865239,20.2867507185039,21.6266653243761,21.5353394728047,23.1441314297053,23.8088391718061,22.0018368257772,21.185714316699,19.9233625391677,22.4042127955514,21.7066919160051,22.163222171449,22.7988962952855,21.0275314739021,22.7794928343143,22.6559143674731,22.8102102877132,NA,NA,0.0791165444405912,-0.514954097220512,0.673187186101694,21.8091495367221,0.268754294151679,-5.52560567911133,0.789433277212633,0.948679518362231,0,0,0.981467564452423,0,0.531074131521212,-0.0595221066085416,1.12167036965097,21.8091495367221,1.81464076760087,-4.42500973822165,0.0767186651341411,0.506860570999739,1,0,0.255740663183576,0
"P46781","RS9_HUMAN","RPS9","40S ribosomal protein S9","=""RPS9""",21.3831730035164,21.6439727141393,21.8174244799909,19.287451545326,21.4025476168732,20.3626629806515,21.7315118140533,21.8805211088255,21.4012816541043,21.9570561971502,21.4671406768153,19.7895705550205,20.7023533361614,20.9727668172575,20.6516648131933,21.8011138281052,21.440788456532,21.7572869132396,21.2576924892576,21.7415940497594,21.8748484882493,21.8799187062043,21.8118327085614,21.6666762112691,21.1954077356001,21.6334711299657,21.7714381598035,18.7854345721002,21.5689143106439,21.5887833602778,21.6334811904016,22.2999126016205,21.7717884890609,22.2432829047378,20.4166053828511,21.7669507943031,21.6875082695886,21.8491008791176,21.6109684384337,21.40129525455,21.8583264690145,22.042007643038,21.960824735318,21.2375667980419,19.9632337834005,0.357376971059477,-0.136338106495009,0.851092048613962,21.3770923125806,1.45700480249265,-4.67582031302208,0.151901957507026,0.720861261794311,0,0,0.509928865042759,0,0.131176834260597,-0.359660748917066,0.622014417438259,21.3770923125806,0.537935426884717,-5.82701393766497,0.593212632628289,0.870763502460968,0,0,0.933792662493486,0
"P46782","RS5_HUMAN","RPS5","40S ribosomal protein S5","=""RPS5""",23.444714159708,20.9153775316269,21.1500595237672,22.5665282871202,20.5232601392782,20.1238231340365,20.4264120259178,20.8790797147487,20.6436265051273,21.2309728608647,21.6897562284042,18.9630561745391,22.3691290758288,21.6271895111102,21.7597301965065,20.5343049757019,22.0519662715959,20.0635289422551,19.7316109763919,21.9530116374081,20.611966312566,20.9128629408002,19.7048424583579,21.7527910435254,21.3908815686542,21.9005299645343,21.1576957706721,22.74168374133,20.2510301008588,20.4001748793638,20.568352833092,21.3774799007021,20.6125981618773,22.2708320773925,23.1758516469998,21.0228079160948,21.5215744554943,21.7465444012489,21.2300081852662,21.8688964463846,20.392096205172,20.2389902541174,19.6533201114839,21.3621020521561,19.3974463189564,-0.223948493868885,-0.902887642506379,0.454990654768608,21.109122169312,-0.663938884563648,-5.3942931523851,0.510040773851793,0.896077533266722,0,0,0.860039814499575,0,0.0853346254948448,-0.589647496770097,0.760316747759787,21.109122169312,0.254474240375574,-5.93391082110071,0.800262380678501,0.945754716778154,0,0,0.981165735448177,0
"P46783","RS10_HUMAN","RPS10","40S ribosomal protein S10","=""RPS10""",23.6970953268092,21.7010783576861,21.7871121746156,22.8854455621933,21.2375216078203,20.5268166722664,21.1705010075933,22.1438612152615,21.6378145480339,22.1185704510806,22.8872282997483,19.645315564114,23.1817795025346,23.1693874452208,22.395016107028,21.4500117630656,NA,21.1375659466607,20.6745449589786,22.7151401244485,21.4902386970369,21.7981071088165,19.6292246851074,22.6270162107734,22.0038001704247,23.0665648821369,22.6061286272562,22.8456967806489,21.3819255860977,21.217362519115,21.292000412173,22.4915717011581,21.7299230211139,20.6768956786072,23.6301283757709,21.264057599971,22.2647431492979,22.8767127688606,21.2949950056224,22.2946990030137,21.3872910527266,21.4848636935262,20.7006179331873,22.4019908041279,22.2008963258235,-0.264633197742302,-0.930802482879004,0.401536087394399,21.8822558733535,-0.800074750139322,-5.29453249068901,0.427867277049956,0.872297158372813,0,0,0.798789120361895,0,0.102991324192754,-0.559286940698112,0.765269589083619,21.8822558733535,0.313206657296402,-5.9025612121975,0.755569463273021,0.934364583982348,0,0,0.971545890247293,0
"P46926","GNPI1_HUMAN","GNPDA1","Glucosamine-6-phosphate isomerase 1","=""GNPDA1""",21.1264656608438,21.6908017453513,21.3196098141235,21.2648032563334,21.9517417274073,21.842819602804,21.5968553951686,21.5873363239255,21.4550457225956,21.304380370418,21.2221049248968,22.0202080589657,21.6401133603698,21.53090659215,21.3172233531626,21.8678221959959,21.0917329373287,21.6625880829153,21.8393126420272,21.2572809724523,21.9091432723789,21.7834206233603,21.2344020261973,21.0507610434494,21.4147556521349,21.2787990709662,21.6063059350641,21.0809234835886,21.6790644633041,21.7046408434461,21.4499110718733,21.3508001860145,21.4789514047797,21.5536492167358,21.0919973611605,21.6744639414375,21.4307042853549,21.3489576686083,21.530973653478,21.4546920148675,21.5838946140075,21.6683375111811,21.9443372675974,21.3510259117727,21.4725076949458,-0.028772888900729,-0.223869333641967,0.166323555840509,21.5048127323764,-0.296855379501286,-5.54870149306173,0.767912070804751,0.948679518362231,0,0,0.992430448699517,0,-0.00504996271964941,-0.199009336813862,0.188909411374563,21.5048127323764,-0.0524068682812416,-5.96351978908794,0.958431228640757,0.988659075982336,0,0,0.999785614353263,0
"P46939","UTRO_HUMAN","UTRN","Utrophin","=""UTRN""",NA,20.0762614090089,NA,NA,20.5320666525778,18.4753155744214,20.5436080038598,20.438580950379,20.5940250787426,19.946358204525,20.3724278578645,19.1130266619463,NA,20.5897535612324,19.3488385535158,20.2855560966514,NA,19.9336828167956,19.950998159273,19.92198517074,19.3744194609574,19.8668231208347,21.2782156635666,20.3407611168219,19.7414290037892,20.0836381526502,19.7177982485055,18.4064138271056,20.374234440569,20.4890397808591,20.0873203801836,19.9006027038452,19.6480601645537,20.648924199314,18.6678514423754,20.3071281851899,19.7778161560188,20.494282573582,20.1759196973461,19.5548242285688,20.350986846604,19.8972368273636,19.5394711301721,20.2301394486983,20.2331781248996,0.0125826946745455,-0.422281281998343,0.447446671347434,19.9827249918977,0.0584332056808103,-5.50580886420484,0.953687156853619,0.983781746134092,0,0,0.999403511758141,0,-0.0164058688957667,-0.416459177638644,0.383647439847111,19.9827249918977,-0.0828172598850531,-5.94596565900236,0.934399460998665,0.983221640851135,0,0,0.998887460721833,0
"P46940","IQGA1_HUMAN","IQGAP1","Ras GTPase-activating-like protein IQGAP1","=""IQGAP1""",NA,20.0452735060362,18.5827146855489,20.266941050807,19.3084344985353,19.5238607719544,19.7296504689124,19.9443541967549,18.625470443392,19.7828526228219,19.769152596732,19.1335197262497,19.7044726094993,20.4945699563258,20.5325083332511,19.3866045757915,NA,19.7644923424543,19.413725898605,19.729515709492,19.8553049708032,20.1858133654339,19.4158514449695,19.3774363608498,19.7978155640277,19.7985057787121,21.7396512138221,20.0813518052429,19.603260504149,19.6125282713431,20.0489288348384,19.7269573849798,19.0673369441185,20.4614985453974,21.0995112140265,19.2374667706448,NA,19.0117394968362,NA,20.4992526853638,19.2703759210901,20.3198231234807,20.1213707223873,19.627572394756,20.2219942811479,0.16739901880209,-0.257359092374359,0.592157129978539,19.8029136973557,0.79531178779324,-5.28482601327617,0.430899659955415,0.873144117382484,0,0,0.868550203717991,0,0.045115109136681,-0.38479268265607,0.475022900929433,19.8029136973557,0.211774121126711,-5.89607635123751,0.833306602470894,0.956145428959168,0,0,0.991806844249188,0
"P46976","GLYG_HUMAN","GYG1","Glycogenin-1","=""GYG1""",24.0413030619589,24.6533044566672,23.9769950307672,24.6201784405231,24.4884587796022,25.0575291450123,24.4430524202703,24.5642541860788,24.3509351191118,24.2995699882744,24.4160572610506,25.1462924046207,23.8160906683895,23.9880264444632,24.6310384820084,24.0183287926157,25.0396773967722,25.026386302209,24.8311973702192,24.4334521422137,24.1046836930389,24.1874450209162,24.8322045397974,24.383811509616,24.8804889970047,24.1661396784504,24.0416637241526,24.5850414611104,24.2817419687694,24.9351877455072,24.3488778898771,23.991148499376,24.6457061313734,25.1155075966341,23.5315975702127,24.3546186753103,24.4086898985701,24.6488138310679,24.2202423206639,24.6844263824013,24.4441987278117,24.1964068676273,24.391195997605,23.9690085084284,24.9223558751625,0.0870913997871128,-0.175779452493165,0.34996225206739,24.4469629111847,0.666873788182775,-5.39259066492281,0.508181207965464,0.896077533266722,0,0,0.942750450199794,0,-0.124977038018077,-0.386315813532512,0.136361737496358,24.4469629111847,-0.962580779580796,-5.52675059163362,0.340786496161098,0.778269017459071,0,0,0.874119950122017,0
"P46977","STT3A_HUMAN","STT3A","Dolichyl-diphosphooligosaccharide--protein glycosyltransferase subunit STT3A","=""STT3A""",NA,17.7544057754535,18.0584416014383,16.7160753196655,17.5790961081986,NA,17.6281889843477,17.1696826012264,NA,NA,NA,NA,NA,NA,NA,NA,NA,17.7916914979365,17.2809500615729,NA,17.436139234287,17.6564496383339,NA,17.4377741257728,17.3565527094464,NA,18.5504747009297,NA,17.9820121681077,16.7939773603681,16.9973367779803,NA,17.6261783649012,NA,17.8529492869546,NA,17.4451162857111,17.6018967944366,NA,NA,NA,17.7919761658992,17.5493083105451,NA,NA,0.118382823595983,-0.300970904747667,0.537736551939633,17.5480306306142,0.583920906153923,-5.16049180960423,0.564946912096273,0.906259847559247,0,0,0.934634835892563,0,-0.0761467408334298,-0.474349382471572,0.322055900804712,17.5480306306142,-0.395542379527493,-5.6038636443254,0.696081209289063,0.915228679438145,0,0,0.972789927033943,0
"P47755","CAZA2_HUMAN","CAPZA2","F-actin-capping protein subunit alpha-2","=""CAPZA2""",22.6679027714875,22.2668080601149,21.4365200439207,20.9559823856725,22.0996370784147,21.6598635565501,23.0827427199344,21.8563855119064,22.0804551912805,21.8919194557577,22.1755337277534,21.9821707234,20.109671061581,22.3497897040106,21.6009436667136,21.8802124169701,21.1275441328554,21.8796667476126,21.8346659903101,21.6776517094808,22.3888950104956,21.9141800970223,23.4346957284332,21.6306941739017,21.7832486781478,21.5580082587411,22.1563781608728,20.9079317731174,22.4585947154422,21.8501029747245,22.0562465910341,22.1255849901743,21.9001424025393,21.859772757697,21.6021545475558,21.7514588330451,21.7555736143283,21.902321375637,21.6876428028114,22.4050898091489,21.9466928625441,22.1416832543676,21.9954623834216,22.7070876323287,22.1893687622622,0.035617835086537,-0.327790395344691,0.399026065517765,21.9272239743449,0.197280231902238,-5.57034957025617,0.844476616937716,0.958290008794964,0,0,0.993997312688109,0,0.10292080338451,-0.258369393413358,0.464211000182378,21.9272239743449,0.573400146927919,-5.8083138610291,0.569164153120545,0.862573310642818,0,0,0.943645451632539,0
"P47756","CAPZB_HUMAN","CAPZB","F-actin-capping protein subunit beta","=""CAPZB""",22.1833384082896,21.1506351879344,20.6830164032286,21.156497878752,20.6785790562346,21.1422362046681,22.190478706673,20.4364406412882,20.9485101020355,21.0435684227038,21.3742686712045,21.7916660113928,20.8929206784774,21.1864191571021,20.3039584339938,20.7195075518143,21.2609785213761,20.7719312565224,20.8291978449696,20.7990828434282,21.3103718571421,20.6959678646477,22.7268533543312,20.6550547137851,20.8000174441144,20.241690721168,21.2546417419498,21.3197668533262,21.6428391894913,20.9653511873404,20.7691769886231,21.1685152274911,21.0566390011372,21.2773404083635,21.0097206806501,20.7156874015946,21.0660432691955,20.8552632785264,20.8420649835382,21.2419449369318,20.8947369890941,21.4589263138395,21.152244319204,21.6419984937805,21.5221576247245,-0.0600909388413129,-0.399368278061315,0.279186400378689,21.1072943739129,-0.356504442241189,-5.53157351837581,0.723091471638689,0.947417763940137,0,0,0.980705903392058,0,0.0452804647524907,-0.292019481675246,0.382580411180227,21.1072943739129,0.270212486253866,-5.92997114240798,0.788204360907958,0.942584418301806,0,0,0.989281205426284,0
"P47813","IF1AX_HUMAN","EIF1AX","Eukaryotic translation initiation factor 1A, X-chromosomal","=""EIF1AX""",17.6892311230098,19.296371164673,19.4799354716719,20.2245242039092,19.1690961688886,19.1561551464766,19.3643394187853,19.6908531859997,19.7143348542324,20.4244669083549,19.713652936298,18.6314232005254,NA,19.3998592217659,19.982318964055,19.6720267317097,NA,19.2051996210237,19.1550851032207,18.4726008605653,18.5679532986363,19.0509605780966,17.7488477339037,19.4552775153911,20.1344232926284,18.6864881592101,19.2573079172704,19.0199139130029,19.0031247626389,19.4961412370875,18.9511315086449,19.4625628973592,19.470531322265,NA,19.9048537854102,19.1809999691004,19.8002930607573,19.0919732532887,19.4414661300561,19.4821202266916,18.9602053987316,19.6223718959498,18.3355898566819,20.104657584867,NA,-0.351190944167818,-0.753739597888781,0.0513577095531442,19.2846504776301,-1.76056118341519,-4.25794627155452,0.085586182101297,0.632228637420987,-1,0,0.421764314289302,0,0.327425279968992,-0.0800162963976422,0.734866856335626,19.2846504776301,1.62170948338204,-4.70722721982882,0.112342470298615,0.586851679534715,0,0,0.488792004612312,0
"P47897","SYQ_HUMAN","QARS1","Glutamine--tRNA ligase","=""QARS1""",19.5889872023362,19.9008810816068,19.2610650865337,19.5965212855003,19.4050017535149,19.8298264703099,20.0633436715314,19.3122054259536,19.8208665452568,19.9917321302092,19.7431988072403,20.0250157793085,19.9261799872696,19.5717446166608,20.1182096783227,19.9791409357409,18.8710390954561,20.2446487493979,19.6343359711299,19.7988092483301,19.6489296484293,19.5236529687781,19.9063672474209,19.9927819267428,20.0567229258664,19.7177529165915,19.2853876720713,19.6676896127436,19.7812116670089,20.1144954372017,19.78046866463,19.1899644134609,19.8280145404519,19.1691134525812,19.2295045768992,19.3486798170645,19.9728806385107,19.3827715054175,19.6312646117718,19.7504252070366,19.3477101239495,19.353052958821,19.9618242829241,20.0036939386136,19.6570119583586,0.00677657988118696,-0.21190368849232,0.225456848254694,19.6885361385546,0.0623751745303386,-5.5857772027186,0.950534070002469,0.983781746134092,0,0,0.999656274560453,0,-0.174439022161227,-0.391844767492651,0.0429667231701965,19.6885361385546,-1.61504057084623,-4.75463780618893,0.113135099284755,0.586851679534715,0,0,0.683770640550892,0
"P47985","UCRI_HUMAN","UQCRFS1","Cytochrome b-c1 complex subunit Rieske, mitochondrial","=""UQCRFS1""",25.545374448341,25.8299616329224,25.4307465449198,24.7678226099248,25.0918919361394,24.3347205493305,25.4866302422726,25.2370937724732,25.242686250659,25.5004725233394,25.6282546403969,24.422208060005,24.8490766616158,25.176980939413,25.5397043553834,25.5597574677808,25.4859742191471,25.487120700965,25.0535138599118,25.3034284884251,25.129671554819,25.3481106130375,25.314977697372,25.5761776981222,25.3692448881493,25.7498017459037,24.7328861238704,25.1373993072568,25.3648680127411,25.2193253204534,25.3006404543808,25.2900346868175,25.4239143703802,25.1016684853848,24.6600977547469,25.431813981903,25.4262039070281,25.4979173046258,25.3787951253919,25.5319303882545,25.3687233600667,25.192542042271,25.1460846333717,25.3528858505131,24.9671321888754,0.118244363184228,-0.0975983238542704,0.334087050222727,25.2663614977578,1.10269122285722,-5.05958752720116,0.275891969392922,0.794236235660287,0,0,0.85875750632385,0,-0.0507915442628928,-0.265376246389713,0.163793157863927,25.2663614977578,-0.47643479306768,-5.85664764195475,0.636018018807735,0.894897090182027,0,0,0.977277518607215,0
"P48047","ATPO_HUMAN","ATP5PO","ATP synthase subunit O, mitochondrial","=""ATP5PO""",25.7971384538232,25.8450859899029,25.7592064371208,25.5794481292475,26.0337318480332,25.7945070937346,26.1609811282446,25.4373694968178,25.870227616805,26.1564148255198,26.2090835146689,26.1037890948706,25.8705075904463,25.6406883243863,25.9682330543838,26.0163831007496,26.4455441464399,26.244025108589,25.9387672884621,26.1305344225901,25.753098514428,25.9409142543903,26.1490359247783,26.151596411769,26.3317290111282,26.2987657315347,25.8855791120346,26.3423456302085,25.9730729537072,26.4263630310184,25.7228767454562,25.725926826155,26.1080419968123,25.8560778974709,25.2768497140002,25.8382391157635,26.2704711926866,25.5303073255715,26.0250606253193,26.1854168088236,26.1722870173663,26.027387613674,26.170250559163,25.9723238639025,25.9832491426664,0.255377544669674,0.0813300003169235,0.429425089022424,25.9804207485481,2.9534227567359,-2.11129464671009,0.00493560876374508,0.416167334657996,1,0,0.257591197690992,0,-0.210865879799773,-0.38389903173685,-0.0378327278626957,25.9804207485481,-2.45294495913029,-3.27368427566912,0.0180165515241932,0.328628829244178,-1,0,0.42872683871878,0
"P48059","LIMS1_HUMAN","LIMS1","LIM and senescent cell antigen-like-containing domain protein 1","=""LIMS1""",NA,NA,18.6381991161342,17.8948879240058,18.6730347186889,19.1973278211429,18.8703861267921,19.1164238087907,18.6266451281025,NA,18.8629560171064,NA,18.3989160936017,18.442940900601,18.6758387937871,18.3112520384047,19.1726085580765,18.7537275978457,18.3936764446362,19.1188629307401,18.8177893355552,19.1405466005168,19.7528073237495,18.9392977281584,18.6746104791606,17.8143878541622,19.1240148099175,18.7122272083051,19.4108105345687,18.825199043958,19.0605426466452,18.6413530881201,18.9967094968835,18.1643173661816,17.6525086083835,18.5585622732966,18.7364720284712,18.4684620268516,19.2149040498538,18.5867040449791,18.1825665688046,18.4444882951512,19.2061047621497,18.9742097926071,18.4144085152392,0.18757773967986,-0.129202480768374,0.504357960128093,18.7234558170763,1.19494917529526,-4.91500923758133,0.238804618821693,0.770023056608724,0,0,0.764424608844176,0,-0.243966994942465,-0.534567205421911,0.0466332155369811,18.7234558170763,-1.6941869984958,-4.63824135993368,0.0976268354922954,0.543102952870629,-1,0,0.566876217425566,0
"P48147","PPCE_HUMAN","PREP","Prolyl endopeptidase","=""PREP""",24.0949957581019,23.97106946721,24.2857608317481,24.7443321706102,24.0762518224577,24.1939421278477,23.7013590117629,23.8673981120158,24.1362380597894,23.7978156730228,23.6190723714143,24.2622945881498,24.0783822657257,23.8620290041914,23.8471511253727,23.5755905787143,23.7140463879957,23.9364485669101,24.0477517396646,23.5565770306293,23.8677291856188,23.7103570652972,23.3434601913392,23.8203131702586,23.6859079029729,23.5968477547243,23.857798514311,24.0606609904304,23.4845134899432,23.5449296875107,23.5447020362042,23.3380408198887,23.8180717530746,23.7275756844593,24.1532395679677,23.6707220190021,23.7287031088665,23.8394129693728,23.697448503888,23.6714448488827,23.385760185907,23.8143420762533,23.6742089667129,23.7423471208323,23.6974129936809,-0.320165222798646,-0.487700089693362,-0.152630355903931,23.8187657177941,-3.84662421228795,-0.0493677904480316,0.000366613739781732,0.187661697513974,-1,0,0.0794290054841306,0,-0.0199666400884801,-0.186525072073005,0.146591791896045,23.8187657177941,-0.241295473986031,-5.9370285139121,0.810397528150216,0.947477443017977,0,0,0.995811203327407,0
"P48163","MAOX_HUMAN","ME1","NADP-dependent malic enzyme","=""ME1""",20.1394094946962,21.5833505341335,21.8036025494707,20.7498779239051,21.7552729900016,22.1575561616246,21.8585906376441,21.1614493513996,21.8012093858101,21.4256174626792,21.3321165635393,21.862380221441,20.7892992781903,20.9260593174786,21.4366585752022,21.5375811778973,21.6555134144681,21.7315213003599,21.3394881334316,21.3587215746471,21.7276529347243,21.5893014646402,20.5396446215342,21.0147369469729,21.5039797174439,21.1790537891804,21.3217881017699,21.002745046562,20.9360109270909,21.4399970080242,20.9862348974398,20.8401258360939,21.5973252226418,20.65199114422,20.5269766649598,21.5642813828057,21.7950062142574,20.3346702786471,21.6086600868379,21.4199999839848,21.4784391859209,20.9672944607074,21.734272961916,21.2849432622351,20.4816455621654,-0.0639596394328699,-0.37297019023765,0.24505091137191,21.2873789722399,-0.416623255872178,-5.51116768422557,0.678890006481885,0.942492860389654,0,0,0.975532968850753,0,-0.173724600927585,-0.480934161317561,0.133484959462391,21.2873789722399,-1.13824933642895,-5.35482114962936,0.260904852110263,0.741757591163142,0,0,0.791823880417081,0
"P48444","COPD_HUMAN","ARCN1","Coatomer subunit delta","=""ARCN1""",17.3034608184927,NA,17.6762575697719,17.7381305279904,NA,17.4587236783774,17.0743702491158,17.0519437914292,17.5957070498011,NA,NA,17.5297113090728,NA,NA,17.063492402035,17.7661712073741,NA,17.860070785099,18.2146748632041,NA,17.7157655246412,17.8280656869122,18.0352686390536,18.0645674775882,NA,NA,18.4912168788089,18.3976190031283,17.2942983128348,17.7433083395077,18.3688049396755,16.8877308775477,17.5893033040867,17.1503119161331,17.5735403943264,NA,NA,NA,17.4162555333604,17.5583420660239,NA,17.8167608697815,17.5071766710487,17.478579545851,NA,0.56135022730447,0.261628894831952,0.861071559776987,17.6416543410691,3.81961476101535,-0.636283685747878,0.000600582645567609,0.227740939199237,1,0,0.0155471610394759,1,-0.418662481566695,-0.708277550006317,-0.129047413127074,17.6416543410691,-2.94812710774964,-2.24397840080378,0.00602477007891664,0.235314871610749,-1,0,0.117637116654202,0
"P48449","ERG7_HUMAN","LSS","Lanosterol synthase","=""LSS""",NA,17.2509642612448,NA,17.6272677353269,19.0504528586145,19.5463529669873,19.3656322780856,18.9503731559947,17.7985722451512,NA,NA,19.0040709635001,NA,NA,NA,NA,NA,18.1000136704307,19.116669081974,NA,19.2808689157453,18.6858252974268,18.4990296202144,18.119412864935,18.1798227953067,NA,NA,NA,17.9029119188009,18.3656854325933,NA,17.3679332909124,17.7181238696569,18.8007958937407,NA,18.5546833864109,NA,18.0555697568845,NA,NA,NA,18.0912140747716,17.2244798990116,NA,NA,-0.0650201154897729,-0.6220847458122,0.492044514832655,18.360696926405,-0.240367645742063,-5.33297220181717,0.812002214528482,0.948679518362231,0,0,0.986550678469642,0,-0.496470361188297,-1.07031193097434,0.0773712085977499,18.360696926405,-1.78170245630191,-4.31106623750677,0.086930868255933,0.52497025745656,-1,0,0.297393410378454,0
"P48506","GSH1_HUMAN","GCLC","Glutamate--cysteine ligase catalytic subunit","=""GCLC""",NA,NA,18.9505149140123,NA,19.0256405656154,17.8586178395673,NA,18.5397115125092,NA,NA,18.1006399440329,17.9378397869437,NA,19.7876264262766,17.4681091165552,18.3723443944736,NA,NA,17.1434841228178,19.0686261552209,18.197427652384,18.5386972293302,17.7608127885115,17.2527644447428,17.8832964647496,18.0881649261407,18.7394529471976,NA,17.9311958687146,17.8222785199246,18.3188058047022,18.628382319398,17.594138224423,19.6359728625769,NA,17.8032952019361,18.5964805791637,18.9788667244844,NA,17.4022584037814,19.3604031221414,19.9452297070945,18.9422411139703,18.5491532727349,20.9617147673264,-0.348605816053812,-1.02757562835415,0.330363996246529,18.4601269007107,-1.04337601214386,-4.9647859101678,0.304127544845589,0.811006786254903,0,0,0.660374401306147,0,0.77674562635168,0.182981557586566,1.37050969511679,18.4601269007107,2.65840771324012,-2.85196738480313,0.0118754664309673,0.282187558578439,1,0,0.0319516531922087,1
"P48507","GSH0_HUMAN","GCLM","Glutamate--cysteine ligase regulatory subunit","=""GCLM""",18.9144317339273,18.5588541126264,19.5419028456755,19.266467797742,18.6939281717958,19.5570200680983,17.7371248594611,17.8903579601596,18.7688850859653,19.0992235981721,19.1238665921023,NA,19.741855661677,19.6184257508688,18.1573680002534,18.4043878868428,18.4899012032026,18.8857770753034,18.992867330301,19.1398983436293,18.7235784293058,18.3456100870484,18.447197741837,18.799529546831,19.3384073439266,18.3512721561735,17.4538378340978,19.5134944554289,18.8505139399727,18.5649715478501,18.4360016949462,19.0170832480059,18.8597625739948,19.0344700264886,18.8046774926843,18.5532160709452,18.854958562465,19.1632956907032,18.3171742939895,19.0745933452053,19.0257703673739,19.2795005572525,19.7560905217883,18.7619550576216,20.3872422481011,-0.216556166669104,-0.592199455459458,0.15908712212125,18.8703806570873,-1.16108968234649,-4.99148429585264,0.251722145596295,0.782013090941701,0,0,0.741764150862417,0,0.33496978865433,-0.0323252032480126,0.702264780556673,18.8703806570873,1.83679833602894,-4.4131280799083,0.0728437936948593,0.498910158863055,1,0,0.415849204288505,0
"P48556","PSMD8_HUMAN","PSMD8","26S proteasome non-ATPase regulatory subunit 8","=""PSMD8""",NA,22.3861663066026,21.9719201683121,22.7765065524621,22.1787752638295,22.1140345983774,22.2865719099138,22.2919490176593,22.2210827761557,22.497674941726,22.5805386089194,22.6066589321574,21.4142398811552,22.8496405056252,22.2056509327682,22.2295568765031,22.3259778607615,22.401732863687,22.4648903964258,22.0154084361441,22.4990901705069,21.8722334096792,21.7391973595883,22.2284341944733,22.8516846454377,22.3623983702331,22.4752235218865,22.8041917722652,21.912492619759,22.3752619803092,22.49013415535,22.0798058011878,22.3566943380839,22.6438058444419,23.1545946233862,22.5148315232989,22.6589632676995,22.0653167005673,22.1644705142345,22.2417897896729,22.1451420428056,22.7687679755265,22.27473595396,22.1460672695909,21.8746338049896,-0.00829706238303984,-0.254448241507391,0.237854116741312,22.3299758745027,-0.0678880414725332,-5.57115348419515,0.946175239613677,0.983220575615884,0,0,0.999541049760623,0,0.0681319418090389,-0.172548773223484,0.308812656841562,22.3299758745027,0.570138434046847,-5.81001777878652,0.571417015322389,0.863690188970478,0,0,0.962588674071945,0
"P48637","GSHB_HUMAN","GSS","Glutathione synthetase","=""GSS""",19.3620413781682,19.2148390319516,20.0432475539511,20.2502004765256,20.104996264054,20.1821653403283,19.7574093591505,19.7419846883081,19.288572965483,19.9136142932746,19.6741327134522,20.4965666065797,18.8776451260225,19.9426705841775,19.8795138424049,19.4146705503552,19.4872728313841,19.6228463779119,19.7960390412308,20.3169517193969,19.5333553749871,19.7620482220342,19.6240985678952,19.5218071449315,20.2425492260616,19.7036447050463,20.392375539388,NA,19.330783595738,19.5627595739363,19.3544314397523,19.7992802785557,19.6466935061913,20.2919601372453,20.4049843673107,19.6629027911136,19.8286579844186,20.5809543477608,19.129155638849,19.9508829770573,19.5844226354022,20.3152477030668,18.8405256722488,19.4737456915014,20.6158150101843,-0.0677206356460189,-0.352203140366508,0.21676186907447,19.784555974427,-0.479442255304581,-5.47259993064301,0.633943871868764,0.934833173270874,0,0,0.969604795765779,0,0.116942271131506,-0.165878603114341,0.399763145377354,19.784555974427,0.832781192228318,-5.62115493724063,0.409362355886154,0.811452862190214,0,0,0.900822068917855,0
"P48643","TCPE_HUMAN","CCT5","T-complex protein 1 subunit epsilon","=""CCT5""",22.7144238731806,22.6593700680113,23.1929577276801,23.0076579818672,22.5692952823143,22.2387998493143,22.7899242909621,22.839028596576,23.0187406402874,22.6321362869129,22.8031263605226,23.3610944599578,22.6812570223505,22.691658132966,22.6731112056014,22.739265850413,23.0575066102186,22.8046471192024,23.037214941409,23.3822568766756,22.0458802459641,22.5083930044351,22.524901681887,22.9260969214406,22.835653059224,22.8623847527003,23.2125743584731,22.9601594145181,22.6699178408608,22.8722262305366,22.8968506716197,23.5274279717667,22.8382070506768,22.9552392715246,23.3336769470702,22.2005190176109,23.1130128925663,22.7582046747641,22.8478378572359,22.5088714952318,22.7433443925585,23.4059617631906,22.7677391201925,23.1486999418387,23.3737968379487,0.0395559110395602,-0.172075237161991,0.251187059241112,22.8606900131613,0.376220635976643,-5.525228568741,0.708481026865153,0.947417763940137,0,0,0.986460265374792,0,0.132020733189169,-0.0783769759974614,0.342418442375799,22.8606900131613,1.2630249895249,-5.21628466354899,0.212939262114341,0.702678976970156,0,0,0.815296974907096,0
"P48729","KC1A_HUMAN","CSNK1A1","Casein kinase I isoform alpha","=""CSNK1A1""",NA,18.1758042049211,NA,NA,16.0664561658032,NA,18.4472330028562,17.0960618247728,17.4912074334782,NA,17.6488437186381,NA,NA,17.1710708907067,16.7316479211994,NA,NA,NA,16.2744612617344,16.9583466997465,NA,NA,17.263332704256,17.151134465405,16.2394364609197,NA,NA,NA,16.5883023000934,16.6558538629941,NA,NA,17.4658234213787,17.5698759096279,NA,NA,NA,NA,17.7792216051521,17.2924193810779,18.7728623239739,18.294181222751,17.3106653368595,17.2191718651438,17.146349330921,-0.503026429353845,-1.0514967633974,0.0454439046897084,17.2837401381004,-1.88873713659332,-4.01232979627282,0.0705632374560118,0.612150491830663,-1,0,0.263514521704065,0,0.856012243795156,0.324665744274878,1.38735874331543,17.2837401381004,3.31769158098794,-1.57472936387294,0.00277679913537461,0.150502513137304,1,0,0.00648101104667057,1
"P48735","IDHP_HUMAN","IDH2","Isocitrate dehydrogenase [NADP], mitochondrial","=""IDH2""",27.3850171129857,27.5091542287107,27.9314197051276,27.5117194445639,27.8558871534181,27.5336863185298,27.5285700405662,27.419039908581,27.7706612456815,27.4927264077442,27.8618743505239,27.3610667634261,27.4858838861009,27.7150852429365,28.0303231640909,28.0370964197209,27.4715327937404,27.7017966959604,27.8284344207976,28.0738669008656,27.6627923708715,28.0552580206111,27.8755563850322,27.7993510359464,28.0327092637498,27.7928094524644,27.8521891902127,28.2316859066869,27.9632635166984,28.2478653658852,27.6394492592004,27.2983169089052,27.7547460373195,27.9200574087678,27.0597084282761,27.6406758462718,27.9968487663545,27.4615684088857,27.5991765396775,27.8686003846172,27.8617014622666,27.5311321094431,27.9856359710993,28.0592715796701,28.1995122270326,0.276543685832824,0.0974956807012256,0.455591690964422,27.7532160900004,3.10888795448863,-1.77434790949932,0.00321672199823051,0.407818511469657,1,0,0.20449888766197,0,-0.183320426763711,-0.361324895549407,-0.00531595797801404,27.7532160900004,-2.07295924667581,-4.00747476387501,0.0438000885446178,0.402966196550617,-1,0,0.563578757325816,0
"P48788","TNNI2_HUMAN","TNNI2","Troponin I, fast skeletal muscle","=""TNNI2""",26.2606265660429,27.9407862903228,25.7959654763295,25.2583338771673,25.0852979946705,25.2204903339943,28.3473332446363,26.6153512629205,27.1335755183533,26.1048656407447,27.7080185599028,25.6470608554048,24.6580237476375,26.9106967792102,24.4850565433955,25.7270296850668,25.3371049774334,26.4710784732844,25.4191586721364,26.0053690053657,27.5535476080118,25.0228978191542,27.4196585369026,26.4723472366966,26.1743107236013,26.682465835619,25.9958157317308,26.3294909100311,26.0081971339204,25.6791094199421,26.6161422957594,26.0392568366019,26.9191262734984,25.3815742057813,24.6216202485104,25.9090451469959,25.3604532751701,27.4029906322391,26.3265092151227,27.1380141379874,27.2431659328343,26.46003755206,24.9915150685196,26.1913846005284,25.1116788226359,-0.010722110101085,-0.60719139541346,0.58574717521129,26.1595906378639,-0.036182867973356,-5.58691467595413,0.971292972254938,0.98857573598783,0,0,0.999687744424234,0,-0.039004501643408,-0.631997415476638,0.553988412189822,26.1595906378639,-0.132396358325468,-5.95645764838825,0.895247727496153,0.977148986801037,0,0,0.995693265036077,0
"P49023","PAXI_HUMAN","PXN","Paxillin","=""PXN""",NA,NA,17.5592990869319,18.7476690406599,17.2292064758314,17.4867650678377,16.4072236263974,17.3303163184155,NA,NA,NA,16.3836418441292,18.7936423101119,18.7627166803811,18.4473321053209,16.838785347696,NA,16.4578865633945,16.613407606827,18.4835509715314,16.8270478169021,17.206716890652,NA,17.8611144676775,17.9585148626676,NA,17.9871356862663,NA,NA,16.9017533320749,16.3936601915281,NA,17.1643712887907,18.2776570694378,19.4651438724898,NA,17.8863809406594,18.5253424895953,NA,18.1725382709337,NA,16.9197605434156,16.9302539290847,NA,NA,-0.394018260340655,-1.09060961597272,0.302573095291406,17.5868563688842,-1.15511994999361,-4.87895317201432,0.257146884059849,0.782013090941701,0,0,0.585599434398838,0,0.428042384961742,-0.282838779035895,1.13892354895938,17.5868563688842,1.22964170472825,-5.07283718503191,0.228375118489805,0.711997773342545,0,0,0.531464789020274,0
"P49137","MAPK2_HUMAN","MAPKAPK2","MAP kinase-activated protein kinase 2","=""MAPKAPK2""",NA,NA,NA,16.2636992771792,17.1360148159288,17.5884670791919,16.9977684011305,16.639971925639,16.7003152308958,NA,16.1944659253137,16.0663738263558,17.0876447329762,17.001152120546,16.5553732555206,16.5097220232307,16.4262107732212,16.9680275874453,16.0825853748894,16.8593322972491,16.4297980963511,16.1625973936027,16.7208583487068,16.8123793489001,17.0147873379347,17.2047771635907,NA,NA,NA,16.6095207187436,16.8200111833189,NA,16.7336026414868,NA,NA,16.5094102110066,16.417255230777,17.3756073054342,NA,16.676762939668,NA,16.2358979221757,16.8568319586975,16.5992301621938,16.290724551345,-0.0965401028944903,-0.398463851724909,0.205383645935929,16.6832477927469,-0.649781237563999,-5.29987870429547,0.520194571860601,0.896077533266722,0,0,0.938855205741186,0,-0.00277198767244968,-0.310414277545347,0.304870302200448,16.6832477927469,-0.0183105733815238,-5.82305717729032,0.98549799704513,0.998659027988574,0,0,0.999959507111631,0
"P49189","AL9A1_HUMAN","ALDH9A1","4-trimethylaminobutyraldehyde dehydrogenase","=""ALDH9A1""",23.1347799277298,22.9643120366028,23.7753333245938,23.7836710019981,23.3815142866222,23.4650256998322,23.0322551535636,23.5890279014531,23.5733600127718,23.2013238047718,23.2385754604108,24.1394962531646,23.9050255504273,24.0341207453107,23.1416886686277,22.9372325874336,23.2259005196685,23.614489941055,23.2836208530581,23.3975407573351,23.0558009399486,23.0564489651579,23.4650930174267,23.1645975702166,23.2278541609354,23.0783816958718,23.5711963987967,23.8726098335215,23.6594853992459,23.0059717654358,23.0138560535029,23.1073460208625,23.4416401471945,23.0796972572408,23.6064045756392,23.0439042489518,23.3259367665942,23.4169939385156,23.2656899261643,23.2096918503007,23.1109644394529,23.4781450905489,23.5248956140033,23.6636894811723,23.1073557222763,-0.186425202301489,-0.380339692020769,0.00748928741779104,23.3638210081202,-1.93510783459534,-4.00973847108338,0.0591336606605288,0.594208897114349,-1,0,0.590254147733876,0,-0.0146675515124421,-0.207451859312799,0.178116756287915,23.3638210081202,-0.153142859364106,-5.95362820781641,0.878954847734199,0.973832668502963,0,0,0.998109356352673,0
"P49247","RPIA_HUMAN","RPIA","Ribose-5-phosphate isomerase","=""RPIA""",NA,22.4417500347539,22.5157753134075,NA,23.1009472945105,22.8465354614837,22.4695439712079,23.1663872349437,22.3432830950108,NA,23.2214372542149,22.5674293134519,23.7043034184789,22.5635138954187,21.6493574659398,22.7186074992334,NA,21.9523925647346,22.9607432641777,22.1196973570563,22.6525233513857,23.077861584772,22.3505797303721,22.7338883711799,22.8371279508873,23.0507916610993,NA,24.5286483271822,22.741199157638,22.9209697168131,22.4072714223851,22.3981326591721,22.8420995653877,24.0417599947855,21.809232764039,22.7456285850671,22.5664049652612,22.8898828477807,NA,22.4699301101597,23.0806967478656,23.2274036194206,23.3935889960419,23.1298418719685,23.085441139746,0.0874245725262099,-0.308464826268873,0.483313971321293,22.8031438353445,0.446301453810125,-5.42738133720716,0.657783850482291,0.940541614264271,0,0,0.964042104505985,0,0.0459755422675627,-0.333357273562888,0.425308358098013,22.8031438353445,0.244948679096186,-5.88906126225718,0.807747197542793,0.947477443017977,0,0,0.990231959536324,0
"P49257","LMAN1_HUMAN","LMAN1","Protein ERGIC-53","=""LMAN1""",19.2448609336314,19.1351818272512,18.9253717102761,19.1091229289508,18.9234548425431,19.5484831076401,18.848427013629,19.1985328872905,18.6300069685292,NA,18.749405701744,19.5609324061616,19.5284727197269,18.6667727227907,18.196345481455,18.747818083238,NA,18.9868278287002,18.7994954003203,19.009006974237,19.034028172582,18.8580448795504,19.2228890037726,18.7514944777738,18.941253022228,18.2307347618183,18.9391130604771,18.456047051958,19.0969546151386,18.5742193005454,19.072920099134,18.2441019016768,19.006359509191,18.9814392830269,19.2314107006412,19.4003511636833,18.6658648340568,19.3391541959576,18.419982986864,18.562981785735,18.4409890314858,18.9517129716793,18.6757482575456,NA,18.3688442493471,-0.191563421345815,-0.431098863259921,0.0479720205682903,18.8875037822377,-1.61276263895253,-4.45996417856239,0.114105389253814,0.679806474125127,0,0,0.659803085464931,0,-0.0162664723920436,-0.254397408325092,0.221864463541005,18.8875037822377,-0.137754315081667,-5.92535605873519,0.891077028100417,0.975133831606227,0,0,0.998125837207406,0
"P49354","FNTA_HUMAN","FNTA","Protein farnesyltransferase/geranylgeranyltransferase type-1 subunit alpha","=""FNTA""",19.023323754913,18.090241065275,17.9910250991555,17.888771428893,NA,17.8315202523538,17.5438544114534,17.9047874619094,17.6473339408236,17.5035950759325,18.6829714976568,17.9879059178158,18.3911743854838,18.241716441384,18.169771672197,17.3253167488112,NA,18.0471650382485,18.042575327397,19.4330984534067,18.3608896411456,17.7498724525896,18.0524668695638,18.0809646540795,18.3329808026848,17.9884188102891,18.3868311822201,NA,17.9301764730227,18.5257533640488,17.8404279868506,17.999484434084,17.4793534493859,18.2169155998796,19.5064803926382,17.8096591410912,18.1863402773399,18.1518346235667,17.7110679339758,18.6021012067309,17.5671461106543,18.3927341623336,17.4047247676439,NA,18.0391543660134,0.0688601585446982,-0.273785482119053,0.411505799208449,18.0990713823157,0.405554289944582,-5.47271178958711,0.687126753368873,0.944052408976364,0,0,0.974492121277223,0,-0.104096876388923,-0.444727757937166,0.23653400515932,18.0990713823157,-0.616708411142413,-5.73768258823077,0.540752582951285,0.84847613718659,0,0,0.938006803809927,0
"P49368","TCPG_HUMAN","CCT3","T-complex protein 1 subunit gamma","=""CCT3""",23.0980964095562,24.2600632482229,24.1847278468759,24.1214557946653,24.0375964559786,23.2920693832075,24.1798243502255,24.1407567133252,24.3686938320514,23.8732958602095,23.7991931378045,24.4603457688149,22.8298702383278,24.0865539840958,23.4253439949592,24.0821137194406,24.0736707606516,24.3464967286001,24.2833373370616,24.2621429120026,23.3202900802837,23.9967837834403,23.9999324413375,24.2287070737667,23.8968353732918,23.7882293418585,24.5203657947228,23.8184768906699,24.084571185641,23.9572854855716,24.2541923898826,24.6024265993172,24.1429040131642,24.2387423727258,24.0676571390705,23.1146081536295,24.137177663255,23.9752669845451,24.1577967242937,23.880559378396,23.9384414767333,24.633860413355,24.1130795007119,24.0329233401493,24.3617041119509,0.170851362502205,-0.0761623227677193,0.417865047772129,24.0104103597298,1.39222119590249,-4.75325369596441,0.170543914100981,0.726731884094588,0,0,0.739193556661451,0,0.0661400901893181,-0.179433937831564,0.3117141182102,24.0104103597298,0.542117165521849,-5.82487017084767,0.590352138673754,0.870161621650437,0,0,0.965742335749484,0
"P49411","EFTU_HUMAN","TUFM","Elongation factor Tu, mitochondrial","=""TUFM""",24.5433891662286,24.4609944921894,24.9376938156715,25.1322387491929,24.6112888029499,24.38712958306,24.4046782035574,24.3380006835993,24.4956999571771,24.5817240165043,24.5485396971479,24.6838665375937,24.7806525404326,24.3114430561055,25.1503955738743,24.5808614590761,24.7230962279566,24.6037852567995,24.9116217587668,24.7119341211022,24.4565746244715,24.7393213523923,24.4569112237893,24.55442625772,24.8386857428845,24.555929760748,24.7390609022589,25.7312440621902,24.6996761799821,25.0603277788851,24.6546758022215,24.5799011774958,24.8150701331415,24.1972275052986,24.6947513765043,24.2478188476195,24.7663420071813,24.3402167827382,24.619810479988,24.739727531774,24.6141492018109,24.6841967814228,24.8839811173344,24.6502134643483,25.0486390161735,0.129028167679845,-0.0591946958302486,0.317251031189939,24.6726202846524,1.37982167767763,-4.76771047777506,0.174306003813815,0.727577717533431,0,0,0.798193013619504,0,-0.121782365598015,-0.3089082194036,0.0653434882075687,24.6726202846524,-1.30997021425465,-5.16069736160822,0.196704500710459,0.679928456791111,0,0,0.82034972062635,0
"P49419","AL7A1_HUMAN","ALDH7A1","Alpha-aminoadipic semialdehyde dehydrogenase","=""ALDH7A1""",19.0050737028977,19.5503457961611,18.1319533619164,18.9884025895013,19.3146373615201,19.6785465863306,19.532739400823,19.4283477785856,19.3248445882427,18.66948832967,18.7672076456345,20.6984198335393,17.916227130281,19.2883108412883,18.6303627945167,19.6724341004987,20.1176006818046,18.7119875045105,19.9248919419318,19.8164458894513,19.2896189261739,19.2160858564123,19.5517495477285,18.8917380484685,19.4727206900046,19.303736150955,20.505869411763,18.3501166774852,19.3967873881744,19.1417929417532,19.2555378454054,19.8387636086372,18.9725942898225,19.4053455275048,18.845813975768,19.6357231129604,19.8758111196717,19.2620043544651,18.6902721583919,19.1709336794922,19.3659606192505,20.3110783454144,18.3272412371952,19.1224441935508,18.7763502044604,0.296703100986061,-0.0503883219147863,0.643794523886909,19.2698746171114,1.72063603295305,-4.32860556896628,0.0920320027490165,0.657193415298184,1,0,0.492716891088341,0,-0.167180099008334,-0.512248586691995,0.177888388675327,19.2698746171114,-0.975191904915475,-5.51532142973679,0.334561225468865,0.775294411638451,0,0,0.83272534814057,0
"P49441","INPP_HUMAN","INPP1","Inositol polyphosphate 1-phosphatase","=""INPP1""",NA,NA,19.485059681946,20.4935176713615,18.3281117061622,NA,18.3464733022311,19.2699074306103,19.2270251688496,NA,19.5614298733013,18.2250966523823,21.5274840241705,19.5049956506998,20.7352185505459,18.8606601250712,20.3244388327642,18.7663873240696,17.2164005891699,NA,19.1877916155761,18.9885388529121,17.4768259231989,21.278294109181,20.4450081978823,20.274031246484,19.7536630852717,21.2063912306815,18.3703621184066,19.163608274668,NA,NA,19.1654126804708,19.2453214314378,20.6012751654972,18.3535947245699,19.2396278254449,NA,19.8086431821972,18.0888204086226,NA,18.9208297192825,19.1680887633008,19.5491363638835,NA,-0.139870573815131,-0.905325228147135,0.625584080516873,19.3759277572087,-0.37057644267229,-5.44756396266737,0.71312220221272,0.947417763940137,0,0,0.95381019140856,0,-0.16781725120978,-0.949344391975121,0.613709889555562,19.3759277572087,-0.43547523083897,-5.76264886778239,0.6658145027589,0.908886199875209,0,0,0.934018822088478,0
"P49458","SRP09_HUMAN","SRP9","Signal recognition particle 9 kDa protein","=""SRP9""",NA,18.9833434507793,19.7030195275395,18.2369938775395,19.8222119993206,18.7810001483862,19.3495164381719,19.2390369139428,19.8066045719074,19.5666786045049,19.6698103415673,19.9177505030019,NA,19.5031299281268,18.448316965065,19.4609634811281,18.924829145582,19.3833372573559,19.417608115639,19.4866123233132,19.505572345731,19.4223328679339,19.7079306692315,19.4912307062436,19.3266591786246,19.2045170241168,19.3616741516075,18.3745055139289,19.6447102458698,19.7187194740731,19.3126579872267,18.3524272913899,19.6622907504236,18.7973404792878,18.9346868782243,19.9457291021326,19.1914784516659,19.542077447847,19.7579414434642,19.260499558396,19.5888346093779,19.911067066299,19.4874869768957,19.6236210482443,18.839565855193,0.0636642389546651,-0.244336951383917,0.371665429293247,19.3410772259605,0.41656809112438,-5.48158017722359,0.67901768041649,0.942492860389654,0,0,0.975656263734945,0,-0.0148998369540543,-0.31048743999196,0.280687766083852,19.3410772259605,-0.101587001940884,-5.95988591226205,0.919545603448017,0.979656818909501,0,0,0.998751047227417,0
"P49588","SYAC_HUMAN","AARS1","Alanine--tRNA ligase, cytoplasmic","=""AARS1""",NA,NA,16.0421687961483,16.7949263433009,16.7972278433538,16.5015445715844,16.1745812188813,16.300999331062,16.5693435334579,16.4787353031826,16.3618235917626,NA,17.0950060394171,NA,16.8451160857644,16.2116114677134,17.2879819761004,16.7786871817374,17.0361933996913,16.5630083043439,16.2810289405836,16.804924561398,16.303065962118,16.2647088988141,16.59194671239,16.4014100719662,15.7734856127848,16.7352920552071,17.1164877996972,17.0682838737919,15.6714153988889,17.5809382419807,15.6708021709701,16.6387868625438,17.031902683924,16.4246496669228,16.9207901061608,NA,NA,NA,16.3969286514869,16.0805557024695,16.5861380648135,NA,17.055362583232,0.0630570610085073,-0.248589528648992,0.374703650666006,16.5739962056661,0.409591604193932,-5.44614399111273,0.684402883646822,0.943975789968502,0,0,0.976371846358178,0,-0.0706627097251449,-0.380478392081651,0.239152972631361,16.5739962056661,-0.461707139035019,-5.78869368479391,0.646920876372988,0.901696475003349,0,0,0.969692933725067,0
"P49589","SYCC_HUMAN","CARS1","Cysteine--tRNA ligase, cytoplasmic","=""CARS1""",NA,NA,NA,16.9610946967795,16.4812785443151,15.9992753050516,15.6489032694454,16.2319164902608,15.3116005287214,15.8888548128127,16.0900640123397,16.5289062431955,15.9333290817618,15.3330184615886,16.1849953313073,NA,NA,16.1766636357138,16.8320416808339,15.844126516202,16.9939190158564,15.9830773089908,16.1374215696076,16.1494288157346,15.139390503457,16.3686033701144,16.8375147323546,NA,15.8686631468736,16.0048133607767,15.736736190199,16.565572869486,16.3010352208827,16.3647451836922,16.5675947283805,NA,15.8694572354663,16.297503454037,NA,16.0300091682578,NA,16.6272732127668,15.7396416772552,NA,15.7709260695755,0.136513867148874,-0.194286679009827,0.467314413307575,16.137125584117,0.836915230003081,-5.19893035019251,0.408155468034207,0.869020715339718,0,0,0.884855389137328,0,-0.029616324232336,-0.365386796997515,0.306154148532843,16.137125584117,-0.178879088569604,-5.83075756016052,0.859034437948326,0.96254478959715,0,0,0.995510020322171,0
"P49591","SYSC_HUMAN","SARS1","Serine--tRNA ligase, cytoplasmic","=""SARS1""",NA,NA,NA,19.1644086282813,17.8960709440617,17.4975257800441,17.1163998288377,17.6408157751941,17.8381234226239,NA,18.3968138797755,17.3953146854048,18.5340802842906,19.5320799029968,18.1850428242689,17.8541043060361,18.0908503595257,17.5091310433533,17.7794769800368,18.4388359428872,17.4325896421333,17.8431640735021,17.4074294009852,17.56219363668,18.3348438382526,NA,17.9266694047731,18.2420566890991,17.2428656635536,17.9745012686922,17.1786406244022,17.2095041217641,18.3737870065382,NA,19.7684843477937,NA,18.6545390768686,NA,NA,18.1590867583129,18.2464817861014,17.5005088502124,17.0425696934257,NA,18.6246593898594,-0.28305050204602,-0.767286190331394,0.201185186239354,17.9883899960162,-1.18543584494245,-4.91467225104012,0.243602518644072,0.772570690822174,0,0,0.67050183118996,0,0.22487184906608,-0.269607080124277,0.719350778256437,17.9883899960162,0.922270294150464,-5.45540934269926,0.362520693231899,0.791831108546088,0,0,0.795987691687664,0
"P49720","PSB3_HUMAN","PSMB3","Proteasome subunit beta type-3","=""PSMB3""",21.2267796488521,22.4417795401917,22.5079457891091,22.5713700326522,22.7208311314343,22.6153586642151,22.4657502010778,22.4430840394953,22.6605282088328,22.6103849752199,21.7131831049752,21.9393909592014,21.0105097757949,22.2643223809158,21.9285071584348,22.9323946717166,21.1205928710534,22.5901060973193,22.9535012961383,21.440425617017,22.8316137581246,22.4443115544185,21.8797514090503,21.5980634882003,22.146239241931,21.817652835288,21.3801265273741,21.3005336222507,22.3548841469308,22.0118323441341,22.6468811565009,22.0985722531395,22.7943061549132,22.1309804250545,22.165441994075,22.7496713101955,22.0587382114358,22.1256011724621,21.3413993749821,22.1676522013455,22.1794119114694,22.6040601634233,22.4123678873562,22.0236058523967,21.1320608605772,-0.15414189399155,-0.515364110477268,0.207080322494168,22.1456112449039,-0.858928568291365,-5.26532211261004,0.394829909564904,0.866432301545206,0,0,0.866542524115069,0,0.121914763225362,-0.237202160260454,0.481031686711179,22.1456112449039,0.683331179759266,-5.7428985330253,0.497822147382712,0.834663611429138,0,0,0.918478245854592,0
"P49721","PSB2_HUMAN","PSMB2","Proteasome subunit beta type-2","=""PSMB2""",20.1927367418306,20.6491519427033,20.9002562121118,20.6060407473932,21.0506309699864,21.1936146450397,20.7341862411188,20.931937970154,20.8872626699519,21.371525604967,20.8300505377848,21.7927230177858,20.1053121775938,20.9797866887486,20.6622270834431,20.9899507295855,20.6437918414718,21.148399510898,21.2190874284346,20.9353803277482,21.0606872165436,20.8579938121018,21.0522503252385,20.5952567092979,20.7479255781313,20.6094118746303,20.7300816547738,20.5928663799095,20.7656197884554,20.6878831318566,20.6776993000054,20.3091093006701,20.9804813342624,21.1370853408518,20.4067759489333,20.933399692284,21.122101669119,20.8360902088653,20.8796273528752,21.1717894237364,20.9117288737275,21.4420775834943,20.8175717616828,21.1394100220857,20.9031307453817,-0.0207486494305584,-0.241247867066171,0.199750568205055,20.8709357359481,-0.189405937863091,-5.57169008763007,0.850607207899637,0.95848719206779,0,0,0.996648397666477,0,0.068766149926546,-0.150447943377877,0.287980243230969,20.8709357359481,0.631418130672879,-5.77519001551393,0.530889728255447,0.840664945405658,0,0,0.957391585202238,0
"P49748","ACADV_HUMAN","ACADVL","Very long-chain specific acyl-CoA dehydrogenase, mitochondrial","=""ACADVL""",25.5765143316276,25.845774235482,26.2263225913301,25.5060919964108,26.0965488491435,26.1727901226104,25.8060832776768,26.1630757144107,25.8575463034631,26.1391924279818,25.9884013072842,26.129320952798,26.1878319475362,25.8468670149994,26.4588718687521,26.009467633927,26.0030538506701,25.9269257731123,25.9932938719098,25.8217000816778,26.0583860304172,26.046439523258,26.1008298390674,25.8018148006356,26.1858706257619,26.114812290407,26.4202120498313,25.915145045622,25.8050235094146,26.1858552871488,25.8842544412602,26.2619146292723,25.9206015982511,26.034392768279,25.3636432163216,25.9163192407419,25.8655702112048,26.3244653293717,25.851308819228,26.0564313618553,26.0504484463381,26.3257483810283,26.3575342950584,25.8880592897511,26.2295648344041,0.0248069378981768,-0.143677951555538,0.193291827351891,26.016007111483,0.296362337863301,-5.54883009806984,0.76828615160318,0.948679518362231,0,0,0.993482396590943,0,-0.00390489003299876,-0.171407807608552,0.163598027542554,26.016007111483,-0.0469242394188611,-5.96378001165619,0.962776561983775,0.990985967489539,0,0,0.999851883196098,0
"P49753","ACOT2_HUMAN","ACOT2","Acyl-coenzyme A thioesterase 2, mitochondrial","=""ACOT2""",23.8819578430249,23.8359384351117,23.5468758241468,23.4496783485202,23.7471796442928,23.3263608927335,23.1959977243355,23.1261864701647,23.3523910549589,23.1123160353491,23.4971001291866,24.2806137608881,24.1992987458195,23.3336396457388,23.9111057926493,23.6648169310364,24.0965711553784,23.5148333182695,23.6513748549191,23.4182750294788,23.1324346364993,23.6551642734612,23.496960941062,23.2304965943753,23.366588154578,23.5312383809327,23.7379600282209,24.2103722367796,23.5417828690084,23.9674003892225,23.4658850611861,23.5304705691404,23.4468506108683,23.4905547180013,23.3712452461337,23.0534073660031,23.6110090542926,23.3188464310511,23.4559737554771,23.1663571949845,23.3998609343672,23.6450816976536,23.6598644876922,23.3883023971316,23.9114502674147,0.020929103477048,-0.174920674152693,0.216778881106789,23.5539571095898,0.215098980699254,-5.5671149713055,0.830640135428552,0.952172730817736,0,0,0.996123955602224,0,-0.153407333454961,-0.348115649826068,0.0413009829161461,23.5539571095898,-1.58588769534652,-4.79672782961097,0.119609988253046,0.593891809164898,0,0,0.72197600396126,0
"P49755","TMEDA_HUMAN","TMED10","Transmembrane emp24 domain-containing protein 10","=""TMED10""",19.5796613286632,20.1194409989904,20.850001028987,20.9251148567522,20.4190322858146,19.5691004850073,19.8416998849749,20.5868322003833,20.2761117432915,20.5376866016143,19.4591451108004,19.724083616845,19.8420647123279,20.3132867328919,20.3472669715429,20.0479616771405,19.3543422912198,20.191449557532,20.7180252334173,18.7259502606185,20.6436068473884,20.1702030848131,19.3040593444196,19.6928937673683,19.8876866406703,20.1804062839431,20.8184684873386,20.0439581222559,20.6858839420159,19.6419681790021,20.6940368841188,19.8326557781117,20.2920735021951,19.9930287109861,20.4056273860465,20.2523049418824,20.0149358712498,20.0827667551157,20.0120746297239,19.8655683687075,20.3329109666287,20.5543573956683,20.0547805804065,20.0612776924157,19.6197788162079,-0.156746262827809,-0.481653366318207,0.168160840662589,20.1014571234999,-0.971066112119974,-5.17673684059727,0.336589471075297,0.826506778828922,0,0,0.843091624357577,0,0.130754304021412,-0.192259159987862,0.453767768030686,20.1014571234999,0.814790915394055,-5.65000382744645,0.419386783291471,0.814231438285388,0,0,0.89259665082082,0
"P49773","HINT1_HUMAN","HINT1","Histidine triad nucleotide-binding protein 1","=""HINT1""",23.9431414488805,24.1430819192858,24.5474432583301,24.6251551557855,24.3352400658875,25.0736138644958,24.7648154379893,23.638199811003,24.2807895308657,23.3700064925856,24.0406861757869,24.4848295548665,24.1637078884853,24.3297922307251,23.0814550794371,23.469476387348,23.0671278576239,24.5193326656656,24.1898962019124,24.0730000929499,24.4894017440196,23.428483377046,24.4470172054401,24.3928889717572,23.998423525691,23.2074891854568,23.9129956504573,25.0375331439104,24.0290538822194,23.6202632667996,23.5906410035734,23.8112647505242,24.0374872853092,23.9620659367357,24.665305763452,24.00846710333,23.8658558313256,23.7564938054019,23.6783075638037,23.8718713024406,23.3255338654376,23.9832156945725,23.87028984133,23.5667289971601,24.0243818065822,-0.182526672388864,-0.492403267862171,0.127349923084443,24.0160500360819,-1.18562779056949,-4.97858867748958,0.241852509069413,0.772570690822174,0,0,0.77175871397236,0,-0.124298173821217,-0.4323687313558,0.183772383713366,24.0160500360819,-0.812129644478523,-5.65204157608053,0.420896533288879,0.814231438285388,0,0,0.898019324096424,0
"P49821","NDUV1_HUMAN","NDUFV1","NADH dehydrogenase [ubiquinone] flavoprotein 1, mitochondrial","=""NDUFV1""",24.0915069675219,23.8283684300647,23.0505732932353,22.7763801537226,22.3703897981049,22.4877098735259,23.5250389156377,23.5793221822007,23.6055960922214,23.7050218821978,23.7201936683396,22.9054033095817,23.7568785994364,23.0248022009467,23.2038123098315,23.5888223606398,23.687354110985,23.334845297667,23.0309894342552,23.4253277998918,23.1890424658839,23.1088379435294,23.9201137472081,23.6845202782331,23.3544085330916,23.9463889341781,22.7779042735923,23.9439130041179,23.5672503613772,23.3664406301204,23.2956529035729,23.2303927637689,23.4342062678807,22.9796987571622,22.1066037782347,23.8080016823237,23.4475234651362,23.7231580469785,23.3926344346092,23.6070262527543,23.7012234226703,23.1845171703745,23.444857112675,23.2718090644821,23.1501375666942,0.158178949667597,-0.118345807143171,0.434703706478366,23.3629911009035,1.15139802007859,-5.01268512316057,0.255512874659673,0.782013090941701,0,0,0.805870349903558,0,-0.143247765696902,-0.418160867387238,0.131665335993434,23.3629911009035,-1.04882547876645,-5.44575586036922,0.299733053380952,0.754001885643784,0,0,0.841479239950416,0
"P49840","GSK3A_HUMAN","GSK3A","Glycogen synthase kinase-3 alpha","=""GSK3A""",NA,NA,NA,14.9650002125282,NA,15.1910809326915,14.2367042274793,13.8807171874815,14.6569308378188,NA,15.0714712727647,15.3517122482873,15.7071975521569,NA,NA,NA,NA,NA,15.3720443050087,14.6434085016557,13.575361344916,NA,NA,14.9983545498097,14.8102848013805,14.9238881962076,NA,NA,16.01464835175,15.0904588270772,14.646763654658,14.6393368875659,15.1352132999135,14.8630163187326,15.6889785285909,NA,NA,NA,NA,15.4833603207956,NA,NA,NA,NA,NA,-0.0088934614038223,-0.557866195687592,0.540079272879948,14.9520878345123,-0.0335093411164108,-5.33364240322855,0.97355701729501,0.989739466376053,0,0,0.999761693536732,0,0.177549506141986,-0.411924382860593,0.767023395144565,14.9520878345123,0.62301820167934,-5.44060899981127,0.539390927741588,0.848444933603476,0,0,0.896189029427781,0
"P49841","GSK3B_HUMAN","GSK3B","Glycogen synthase kinase-3 beta","=""GSK3B""",16.1559167541245,15.5801558817215,NA,16.3593896699035,15.4398252666209,15.5477626876001,16.3898669209002,16.0948390094388,16.4975689799836,NA,15.5567135088378,16.7428335820368,16.5634709790255,16.0961396512103,15.2529871945664,15.4248475011554,NA,15.7473153793131,15.5102275523602,16.5044613469715,15.8170685828692,15.3765915341055,15.3135014095552,16.4076954174984,16.4388567640441,14.8829927727118,15.9062628160899,16.0398487159579,16.9181825434945,15.6561165011728,15.3963596840864,15.3893592111145,15.995135566025,14.8149960617386,16.5146323522758,NA,15.8350854446278,15.3403719712917,16.3129721190356,16.1528907005842,NA,16.6704936826003,15.7141276985911,NA,14.7760706139038,-0.182004719258963,-0.556976147159058,0.192966708641133,15.8752290776704,-0.980964133737368,-5.1305220829529,0.332500710433722,0.826372714395847,0,0,0.818396931445454,0,-0.111422871948104,-0.491854233173492,0.269008489277283,15.8752290776704,-0.591925014489696,-5.73318608877015,0.557228498103501,0.858017859794089,0,0,0.936919554120753,0
"P49902","5NTC_HUMAN","NT5C2","Cytosolic purine 5'-nucleotidase","=""NT5C2""",NA,NA,NA,14.1482796816277,NA,15.303946928374,15.7126175903151,14.9742010214693,15.8946510676876,NA,15.719453681766,15.3846111385987,16.5652461488708,15.1594424568327,16.0787997309548,15.9841437176896,NA,15.1079827656555,15.0842583015098,15.6219038166885,NA,15.3721158829235,14.7495514913351,15.6357895322866,16.0642519275274,15.8940719383707,15.5024521738888,NA,15.3003357758032,15.3215780167121,NA,14.4382572716232,14.3963367264661,14.7021893019414,16.1288749915776,NA,16.476614310281,15.2357163242533,14.6460052467223,16.10405711239,NA,NA,15.325160033269,15.4418454710045,NA,-0.0515657720473719,-0.507500573255224,0.404369029160481,15.421085674263,-0.230090803743216,-5.43520694165306,0.819439822171289,0.949284003055303,0,0,0.989784026464869,0,-0.156260934146136,-0.609448835664093,0.29692696737182,15.421085674263,-0.701475631331668,-5.59258769250429,0.487917981492851,0.834663611429138,0,0,0.893924383265992,0
"P50213","IDH3A_HUMAN","IDH3A","Isocitrate dehydrogenase [NAD] subunit alpha, mitochondrial","=""IDH3A""",22.6317838560556,23.0100124751672,22.6994686691178,22.7586567459407,23.313384403262,23.2958931751133,22.6485303389089,22.8726447769357,22.7270796771798,22.399532853662,22.9964540869807,23.3729225914292,22.6495800361578,22.6851767260084,23.3787336479271,23.3331525816281,23.4444864445694,22.9853585948941,23.2316761038495,23.3856045027844,23.1756932393748,23.3802052611368,23.2420556449963,22.9588539924446,22.8473793361792,23.0994306297531,23.1159101863415,22.608322375383,22.9718821750159,23.5976895948685,23.0172635161142,23.1307504719273,23.1388305950633,22.6769225333577,22.5274880703417,23.1516995389797,23.5223734902143,23.2049857417117,22.932066109722,22.777170296593,23.150427927443,23.0760137310388,23.2809603700651,23.2089433412133,23.4733251882488,0.252295654186931,0.055380304723059,0.449211003650802,23.0463727921133,2.57893864022697,-2.87619561299338,0.0131711797332185,0.462381727011647,1,0,0.335420403890359,0,-0.0738986494123459,-0.269666327199673,0.121869028374981,23.0463727921133,-0.759812303860213,-5.69078575941185,0.451239999308095,0.827855201825394,0,0,0.942890342764118,0
"P50238","CRIP1_HUMAN","CRIP1","Cysteine-rich protein 1","=""CRIP1""",NA,NA,17.9488365471096,19.0314960200827,NA,NA,20.0153882236737,19.8772203750042,NA,NA,NA,NA,NA,NA,19.2659430204754,NA,NA,17.9826848188848,18.3087583104208,NA,19.2985925673216,19.4457548607915,NA,NA,18.6041253514429,NA,21.1167958309136,18.7261141906363,19.9214507849965,18.7867734182509,19.274664691909,18.3233550033544,NA,NA,19.7371448324091,NA,NA,NA,19.0258419575717,18.3238508888088,20.6529814955916,18.5358210786099,NA,19.256036990794,19.7485039983567,-0.106502903918237,-0.943277533538685,0.730271725702211,19.1829624024961,-0.262664926521907,-5.2238201174998,0.795046685894119,0.948679518362231,0,0,0.975869008613021,0,-0.0144988219556375,-0.715970664268402,0.686973020357127,19.1829624024961,-0.0426551638381637,-5.73422402436252,0.966328719082417,0.991453602020915,0,0,0.999503521036569,0
"P50395","GDIB_HUMAN","GDI2","Rab GDP dissociation inhibitor beta","=""GDI2""",23.9507938072545,23.2015795889963,23.6751640972022,23.941485800952,23.4728865433877,23.8549236192657,23.6160424274079,23.5052616517358,23.4903592361499,23.4703493425587,23.4510682623557,24.0314341238359,23.7549668531247,23.9483862643371,23.5549694194482,23.347559794531,23.0809760998603,23.4132444994109,23.6023733210676,23.4430085173822,23.5446640589614,23.3805305451217,23.2488449858172,23.4427483883015,23.6135461215754,23.3684943006279,24.0415758935264,23.6192560254197,23.5982096005303,23.4310378638024,23.521021895169,23.8011159527738,23.4209236406232,23.8108485485809,24.0450313237583,23.3333435026396,23.4443729339693,23.621226001237,23.4558413104984,23.4781008540209,23.4277565504977,24.0838988829852,23.6641681389651,23.5758065275016,23.9433526793263,-0.180328011433129,-0.349662445882381,-0.0109935769838777,23.5938344399221,-2.1435258330688,-3.67047069231566,0.0373867168791013,0.520677281705141,-1,0,0.552867364146364,0,0.16338258177403,-0.00496492943734136,0.331730092985402,23.5938344399221,1.95348402536355,-4.21754332387927,0.0568543621776872,0.447521680709845,1,0,0.625965061237342,0
"P50416","CPT1A_HUMAN","CPT1A","Carnitine O-palmitoyltransferase 1, liver isoform","=""CPT1A""",16.1053498099785,17.6821268154952,16.2408776643779,15.2955433923985,17.4357021066885,16.997786928194,18.3006338873338,17.3682854573779,17.8554419203636,NA,18.4990842524461,17.9697369450707,NA,17.7864454999034,17.9740014239102,17.9600094387356,16.8825522939994,17.6191895649955,17.8825749942719,18.4317860305319,17.4690837267138,17.180607942814,17.2153139233165,17.6159440602929,17.6345465606346,18.4746578992722,16.2857006924062,15.622187182799,17.6728078308505,18.2212587437264,16.9468937731859,16.3274759710366,17.4654865703171,17.0901124902807,NA,17.5245467580046,17.3629322692222,17.7950746309259,17.6868681774503,17.8559460707932,18.1649894138459,17.3255578351189,17.9071952264624,18.000087577977,17.315427679062,0.16052143717674,-0.350397036804732,0.671439911158212,17.4392340817281,0.633591122131687,-5.38270693621286,0.529700421740462,0.899103645978957,0,0,0.903027445955771,0,0.0183193616064763,-0.480221181599243,0.516859904812196,17.4392340817281,0.0741032922172741,-5.94665647981786,0.941271529659882,0.985970232890556,0,0,0.99889186023844,0
"P50461","CSRP3_HUMAN","CSRP3","Cysteine and glycine-rich protein 3","=""CSRP3""",27.5283614873329,26.9007902882872,26.0761609963751,28.9719465186313,26.9409933889772,27.3346540998275,27.06307590221,27.0811993751165,26.3001958160781,27.1262251710893,26.901333648198,26.7969346795141,27.3728135667019,26.4577132435943,26.9410549946056,27.3904929106468,26.6739829444686,26.6740436528728,27.9342086790507,26.1393230100285,26.7535856964641,26.935202867017,27.4982443016814,26.810430500959,26.5395024119003,27.1087199765791,26.7869278222746,27.8088528476037,27.3616300388387,27.3558573143097,27.5902016075283,26.2800893624704,26.4144610565218,27.9200844820158,27.7101521609971,26.9191225187921,26.2227053841621,26.9205663912993,26.6266879024972,26.5115109368382,26.9580635660308,27.1953804854421,27.0366538394474,26.884415709112,26.4761257663682,0.00724149916118577,-0.343428095341571,0.357911093663943,27.0051262071279,0.0415662823643323,-5.58673024218684,0.967024189558211,0.986801864048637,0,0,0.999757209202915,0,-0.140318920344804,-0.488944725155533,0.208306884465925,27.0051262071279,-0.810153876755726,-5.65355024918395,0.422019522886841,0.814231438285388,0,0,0.88598642318124,0
"P50502","F10A1_HUMAN","ST13","Hsc70-interacting protein","=""ST13""",23.5823461359033,23.2776289126179,23.8658457477117,23.4889126659519,23.5792458421704,23.9366218958801,23.4923190410648,23.8081781426563,23.7719888005723,23.3346902612864,23.3614334235484,24.2020269074274,23.8221129073102,23.9032683473001,23.0464311118341,23.3961057494864,23.7327747661645,23.4221026847006,23.4872608117042,23.4656784047951,23.9474972364596,23.46156207705,23.9706695047166,23.6589819940104,23.3401995421221,23.1216324083402,23.5266180103005,23.3443422887736,23.864568111199,23.2509602265268,23.2814241611213,23.8133622810298,23.3773336917428,23.5045872820721,23.563857828908,23.7014718410853,23.4999664415336,23.6982263663697,23.6549367092148,23.4878365594906,23.4277727093062,23.5672752469902,23.6134065641835,23.7826533615767,23.6283729438163,-0.0990431616338583,-0.273181505036021,0.0750951817683049,23.5792552877339,-1.14482972362111,-5.01912097895005,0.258196305342566,0.782013090941701,0,0,0.874495685463824,0,0.0407686781394325,-0.132354743647594,0.213892099926459,23.5792552877339,0.474003570371748,-5.8577460955844,0.637737609178636,0.895476124805235,0,0,0.981828227247757,0
"P50570","DYN2_HUMAN","DNM2","Dynamin-2","=""DNM2""",21.0207973272085,20.6021176739643,20.4700662235779,20.8065746651708,20.380675801619,20.5277495056991,20.7861435639865,20.843618787609,20.877397067592,20.8245949967833,21.0120884232312,20.7868864133768,20.2192684223379,20.997714848808,19.7121399754017,20.8810624372089,NA,20.9129556062752,20.8148747423562,20.7201105361372,21.203223568011,20.7886750504463,20.3110658590038,21.0457491033484,20.9783474789984,20.3086599975957,21.3748427910712,20.0850411695911,20.5665179194794,20.6758831727016,20.9334818372822,19.7566717664672,20.4816000029505,21.278631037954,20.7208377071594,20.8846114276242,20.8921377099948,20.2000754728077,20.4726683104091,21.0290031424673,20.9126865453227,21.0135489791898,21.0375416385517,20.6827686869898,20.9582610250258,0.091986672150913,-0.165926590242689,0.349899934544515,20.7224856458815,0.718326812370737,-5.34821494754276,0.476265658137388,0.896077533266722,0,0,0.934042045300724,0,0.00017430755585579,-0.256232512334266,0.256581127445977,20.7224856458815,0.0013691703499334,-5.94930274881989,0.998913606755438,0.999903966701438,0,0,0.999999810530529,0
"P50579","MAP2_HUMAN","METAP2","Methionine aminopeptidase 2","=""METAP2""",NA,19.1076189378188,19.3376406491603,19.4644072333194,19.2213752839819,18.6767787930662,19.6445666944678,19.2369307327746,19.7110973630923,18.844385129288,19.1429972003165,18.4941716904683,18.7646659200462,18.3573851772421,18.2518895893641,19.415255914319,17.2886647692152,19.3084659444931,19.2905824221188,18.7383885103867,18.8587950072231,18.9818987660343,19.1153392326213,19.4551624252326,18.4882976904732,19.1691090602077,16.9648337233252,NA,18.2897381352768,18.9713987288647,18.8800007535932,19.1242254875171,19.4406611936905,18.0799563972064,19.0923147553371,19.3227933739627,18.8045116994842,18.9770004189255,19.1665492463365,18.7599281369266,19.2341151187,19.2618548529641,19.4769458517942,18.294296745436,18.1562386322141,-0.276445868836486,-0.666118231916174,0.113226494243201,18.8991449625183,-1.42972773591782,-4.68914043217991,0.159851174563606,0.720861261794311,0,0,0.602379982138522,0,0.196205780893806,-0.185045386924671,0.577456948712282,18.8991449625183,1.03715450864356,-5.44247484105256,0.305325042296122,0.754001885643784,0,0,0.792332389063914,0
"P50583","AP4A_HUMAN","NUDT2","Bis(5'-nucleosyl)-tetraphosphatase [asymmetrical]","=""NUDT2""",NA,NA,NA,NA,NA,17.2613637764814,18.0729111937403,NA,16.8892687725497,NA,NA,17.7157519270766,NA,NA,17.7256955018564,NA,NA,17.7816288109488,17.2710535775364,17.9793327734189,16.50387120234,16.5628899513998,NA,NA,NA,NA,17.2177942411211,17.7844490122593,NA,17.1854189068464,NA,17.5015236499757,NA,NA,NA,NA,17.1423859741431,NA,NA,NA,NA,16.821952207393,17.0905050436694,16.3964402847292,17.5099081706973,-0.288501095301427,-0.80717361627407,0.230171425671216,17.2849549988517,-1.1601227509805,-4.74599812911372,0.259633329710052,0.782614933434435,0,0,0.677707585027574,0,-0.19432382967139,-0.682362214375018,0.293714555032238,17.2849549988517,-0.830465885948872,-5.30596437279828,0.416059521610812,0.81367516752135,0,0,0.843320837772809,0
"P50895","BCAM_HUMAN","BCAM","Basal cell adhesion molecule","=""BCAM""",NA,NA,17.4612508186135,NA,18.0624590783755,16.994046175523,17.5166709431568,18.2677407093062,17.4394350381601,18.0292996045679,17.5260875029079,15.9967471225603,NA,17.5621642706706,17.0518441737405,18.1183207622542,17.1178573471627,NA,17.2430144467167,NA,18.2254533290172,18.4217276837335,17.3671783080699,16.737630918951,17.354553088066,17.95918274383,17.2863901789928,NA,17.4327367574352,17.3586132312188,17.5148247555765,16.7045827187971,17.396298308332,16.7675388242687,NA,18.1803113959003,17.2101206193251,17.2368531048397,17.8448739947328,17.228563262928,18.5850738651566,17.119966339408,16.4715660987056,18.0418972720341,16.740469351078,0.127790364539816,-0.310637134499557,0.566217863579189,17.4479282201112,0.590038054636388,-5.33136622347573,0.558653966844028,0.905137078267613,0,0,0.928297748989038,0,-0.180086235587076,-0.592042271807337,0.231869800633185,17.4479282201112,-0.884930876957043,-5.52962948919789,0.381753374183418,0.798441180623973,0,0,0.840784804287862,0
"P50914","RL14_HUMAN","RPL14","60S ribosomal protein L14","=""RPL14""",21.3136620383981,21.8970950632753,20.3111930113606,20.8826144632805,20.374072557372,NA,22.1604225591851,21.4389992495608,21.5871488315249,20.8929468209182,21.5473108222195,NA,21.3869387222088,20.1464417460467,20.1188900646729,21.2889410760566,21.1610882380279,21.5345765487019,20.9677182829526,20.1258376460705,20.4595699376666,20.3843702764044,22.5014424434748,21.6138404910656,20.4214726301306,21.0719245133191,NA,21.9112211392165,21.0313969250958,20.9033207172526,21.9647168511104,21.806707304287,21.0445860444244,21.4509403127608,21.3310666344977,21.8529295520425,21.4804006162399,21.017983846122,19.7011534103169,NA,22.0243185777348,22.0474289992605,21.112995945522,20.3746250133824,20.240924774339,0.0375620309835369,-0.433934331330382,0.509058393297456,21.1435423096951,0.16076700176304,-5.5323365416278,0.873046966391633,0.962782567997101,0,0,0.994913337198952,0,0.127304602786577,-0.33293302566045,0.587542231233603,21.1435423096951,0.558197870407976,-5.78611759980835,0.579670082097724,0.869847439875183,0,0,0.932935967538847,0
"P50990","TCPQ_HUMAN","CCT8","T-complex protein 1 subunit theta","=""CCT8""",22.4151806522523,22.4977279471903,23.0219073106231,22.7652722454312,22.4755745599142,21.9800797253151,22.4718359009649,22.8169220363004,22.6321534283707,22.5598166681998,22.525287160121,23.1781622379571,22.3073757474911,22.701736020867,22.4855739726561,22.5599935499141,23.1641614415329,22.6432260664126,22.8296326984232,22.7536667336868,21.9943712920812,22.5581338750712,22.5994046586458,22.7463038782675,22.6934164907278,22.4938699742366,22.9940414299447,22.2204141100445,22.6347974500522,22.7729394017773,22.7238458087161,23.0367859500085,22.699658170025,23.0606114045389,22.9895334086314,21.7124661665109,22.9068443949584,22.5823174670089,22.7014144660172,22.5732416607835,22.7348544909644,23.203957237775,22.8355089413306,22.6704468847335,23.2089028947261,0.0529340350920897,-0.15058925989872,0.256457330082899,22.6696304002489,0.523518081042074,-5.46712669036187,0.60312466124711,0.923983206133899,0,0,0.973589902556857,0,0.132134419727336,-0.0702026908354235,0.334471530290096,22.6696304002489,1.31447166233086,-5.15526872762391,0.195198334129518,0.678189083962813,0,0,0.805837497227692,0
"P50991","TCPD_HUMAN","CCT4","T-complex protein 1 subunit delta","=""CCT4""",22.2412244804365,22.379873558527,22.5055558754374,22.7510149921405,22.3071154472046,21.6730505746484,22.0148690199215,22.4926746953098,22.4938408135108,22.2188940347269,21.7778549786818,22.9014849075865,21.8249973256784,22.4075399646283,22.1641240846984,22.1989472498651,22.3733916534327,22.2014159056175,22.4015002632298,22.3632154526006,21.3776989744498,22.1599792630196,22.202045257896,22.271018462606,22.2105072305651,22.012000415848,22.6354337971975,22.1131552682114,22.2274039608327,22.3210908042343,22.3947696259018,22.2723224105741,22.2491345630113,22.5601462319068,22.6461737114308,21.5471821840097,22.7115936701761,22.0759042307237,22.3828893071539,22.0540909913416,22.277769847229,22.6889495882635,22.2340122454085,22.5830131952347,22.6264890739886,-0.0790662240523083,-0.279946039158006,0.121813591053389,22.2783857686466,-0.792255948627426,-5.3130277802342,0.432274763781963,0.873144117382484,0,0,0.935838502839752,0,0.149042461116544,-0.050666576419939,0.348751498653027,22.2783857686466,1.50218390568358,-4.91376847873997,0.139877819329753,0.626842806368387,0,0,0.745899483900417,0
"P50993","AT1A2_HUMAN","ATP1A2","Sodium/potassium-transporting ATPase subunit alpha-2","=""ATP1A2""",23.0547730889859,23.8241096018759,23.239870540552,23.5268707212634,23.5492286678083,23.4974920556008,23.1198902322208,23.1664876634504,23.5335674480188,23.7418740780386,23.2174528250655,23.3242278905054,22.8061212242972,23.3978751946365,23.4752764073352,23.7351422111646,24.3217961728739,23.5264580762456,23.6677165930659,23.1885384338217,23.3723251084499,23.5332179304942,23.1408609154231,23.6883413946194,23.5836370375456,23.4515462491291,23.3315064460271,22.6556010465676,23.4163873778689,23.8100222050673,23.6081532533242,24.148369630632,23.3682795944037,23.6764439225693,23.2270127086839,23.3615325550209,23.4572393050591,23.0036366973413,23.7339562022613,23.5620078952184,23.3532171150716,23.3526273239939,23.4242482342925,23.2885396749452,23.1763283581023,0.126229197744856,-0.0757350787966189,0.32819347428633,23.4364401624209,1.25804470390844,-4.9033945639043,0.214718579984562,0.752472233109963,0,0,0.823497791786457,0,-0.0454336484962781,-0.246220826957325,0.155353529964769,23.4364401624209,-0.455462312433222,-5.86594023548346,0.650917476389578,0.905271592896649,0,0,0.980681093728699,0
"P50995","ANX11_HUMAN","ANXA11","Annexin A11","=""ANXA11""",23.5712322733741,23.0309642703302,23.1900630806555,23.5132687267075,22.9537445950565,23.3191723726894,22.8604173838827,22.8690085171794,23.0651534781693,23.0734400093285,23.0051720007329,23.191112741941,23.2985203471645,22.9815479078073,23.1827004724028,22.8938776029949,22.9622109258851,23.1787263476511,23.3240623649536,23.3087100000453,23.2775243578374,23.0517449557822,22.8094078201478,23.2377824925478,23.3398754972669,23.0608447581211,23.1412497488415,23.1988636738203,23.1264814789321,22.9650097920145,22.8547327749848,22.8277012137014,22.8824311726502,23.309198150742,23.1166265303383,22.8541990703289,23.1784028630065,22.8830209596228,22.8572053756737,23.0070385923584,22.8065012907011,23.2702986339739,23.1624418171768,23.1986075087292,23.1483684185109,-0.0197348885400643,-0.167319038300181,0.127849261220053,23.0964147637058,-0.269157056493101,-5.5555962986083,0.78901138776516,0.948679518362231,0,0,0.995334252734965,0,-0.101306496289503,-0.248030488885398,0.045417496306392,23.0964147637058,-1.38978291680703,-5.06190772717878,0.171278698450627,0.655071957582339,0,0,0.836313623904803,0
"P51114","FXR1_HUMAN","FXR1","Fragile X mental retardation syndrome-related protein 1","=""FXR1""",NA,18.365251309146,17.8725067188763,18.6682849361715,18.1228652193446,17.0240066971207,18.6276763684688,NA,17.4557961456284,NA,18.0338288195214,18.3443203029793,NA,17.8370123884595,17.4514080700829,18.047916336532,NA,17.7620378897234,17.6196326039547,17.8469047881948,17.9426881556964,17.4507325736048,19.032601598572,18.3884648425383,17.5441514152122,18.0665011346508,NA,16.952536223557,17.8230361349147,17.1235361164525,18.2860360310596,17.5729210281915,17.9731569835939,18.1936399274609,16.5671380525838,NA,NA,18.5031732693043,NA,17.9404077425425,18.071834018195,18.1119032283654,18.3657494731857,NA,17.5626469534072,-0.168552044109084,-0.56363807612858,0.226533987910412,17.9014943856369,-0.865193538914134,-5.17667400001282,0.392655222885277,0.866140483702139,0,0,0.85422010336604,0,0.080602999880071,-0.312109319464253,0.473315319224395,17.9014943856369,0.416243629663661,-5.78071428243321,0.679700136052638,0.914300764132198,0,0,0.969358172084152,0
"P51148","RAB5C_HUMAN","RAB5C","Ras-related protein Rab-5C","=""RAB5C""",22.5231917454478,22.395923203934,22.4518253194572,21.2682538066788,22.382670190787,22.7185374624916,22.7630037385611,22.4345049685799,22.2272799718342,22.5637250450695,22.1240103088462,22.9184092568448,22.8858194282943,22.5665532824828,22.3429231382762,22.4132976253657,22.3872236222309,22.5007530587309,22.5828104842743,22.1192255633991,22.7516964079446,22.5461102810225,22.4780096435312,22.2609279664164,22.3134759924355,22.3213895118683,22.986277302958,18.4431306775904,22.2318324713972,22.5299740215836,22.5257619809621,23.0302205013442,22.2108760120631,23.0040586048757,22.9563075237922,22.3746827000902,22.536858171333,22.395629324099,22.2585156835303,22.3343960434869,22.4210386445258,22.8309537125169,22.7961273130872,22.8842679886894,22.7031790257544,-0.245465544749319,-0.704669670227156,0.213738580728519,22.4154586384108,-1.07595861937784,-5.08451873694833,0.287551793773294,0.799489091675277,0,0,0.736433350541575,0,0.426449239960125,-0.0300785295607072,0.882977009480956,22.4154586384108,1.88022990079047,-4.3411827604981,0.0664119503039476,0.475409319722976,1,0,0.314592092222573,0
"P51149","RAB7A_HUMAN","RAB7A","Ras-related protein Rab-7a","=""RAB7A""",21.9525757872485,21.9842835481991,22.2606856399601,22.1816952928736,22.86101832567,22.2549676853603,22.1828529216887,22.5522838028809,22.4162139621866,22.3247745497481,22.314583225697,22.4425754476002,22.3340092212711,22.4808104616441,22.0374566871986,22.5016976811575,22.5564441827429,22.4914134182823,22.2249921980291,22.3781268284079,22.563489087148,22.7156356348116,22.4611735157671,22.2372501802824,22.1880962817535,21.9962242534324,22.8792246061433,22.8253774478474,22.8761393906214,22.2843179162306,22.4987940566841,22.736298976191,22.443496023347,22.4174750781544,22.4115208071923,22.1759790475933,22.6650282294221,22.2855342312495,22.4665097545373,22.0300310190302,22.0903829810755,22.68502450193,22.7275557433461,22.7807044378992,22.3574904365341,0.166863209562766,-0.0103853699102395,0.344111789035772,22.4118269890238,1.89491022603847,-4.07189534183754,0.0643938678633484,0.612150491830663,1,0,0.63276139115665,0,-0.0271851532314216,-0.203400683859211,0.149030377396368,22.4118269890238,-0.310526317607363,-5.91880558102761,0.757562182584461,0.935609023673648,0,0,0.992480465792001,0
"P51151","RAB9A_HUMAN","RAB9A","Ras-related protein Rab-9A","=""RAB9A""",NA,16.7744742274538,NA,17.8712477067992,16.8919956572021,18.0682352240502,NA,17.6482826048549,17.7612338512928,17.3941568743796,16.7873629147875,17.6611102527363,17.9685121904826,NA,17.5850555761044,16.6151036407251,17.7807902098901,17.8309116747364,NA,17.5178642653666,17.2280240656146,17.4740573167138,17.8343913926381,17.372704099201,17.4178827014648,17.5899344047262,17.5625916529077,17.0949473146759,17.0415226555335,17.0700288438986,17.0977770662427,NA,17.176548933314,17.2238475605112,17.3207961340566,16.1837589309431,17.0152970950136,17.344267608185,17.4482500333622,16.2189427512499,NA,17.4769979088701,16.7732880053713,NA,17.3563137783968,-0.0903262721334173,-0.413759530789256,0.233106986522421,17.3102299222636,-0.565339212972865,-5.36923785583315,0.575162470307805,0.909046723445544,0,0,0.951267753256801,0,-0.357836570910123,-0.671920223193326,-0.0437529186269205,17.3102299222636,-2.30631747975836,-3.54353129954623,0.0266347484962576,0.344080314270748,-1,0,0.273254879825313,0
"P51452","DUS3_HUMAN","DUSP3","Dual specificity protein phosphatase 3","=""DUSP3""",23.9058564503912,24.0943009850953,24.4955600625565,23.858676669853,23.9109626644326,24.227457220504,24.1320959790967,23.8456203985543,24.14323771909,24.1345476402368,24.0801690369171,24.330075586787,23.5587849937617,24.0582595189122,23.755628689689,24.1007117944387,24.4016327683593,24.429225272826,23.7633780449554,24.2655800472032,24.0929254229603,23.7064965239148,23.7770591164005,24.1675089117723,24.0374892462493,23.8036291332606,23.856212356714,23.8961022088016,23.882949311198,24.0521428357025,23.7465886057964,23.3779643419183,24.2391693867809,23.9789213090593,23.5302386861267,23.932802217805,24.3350639024393,23.6830021374876,24.2328877775271,23.9772908487178,23.9535698080818,23.6585306998258,23.9009970285758,23.9345060500691,24.1806731111307,-0.019872473562188,-0.202208981307789,0.162464034183413,23.987255167155,-0.219375995827326,-5.56629706664939,0.827326859045704,0.951343256582596,0,0,0.996240150780506,0,-0.104722472227643,-0.285996277415472,0.0765513329601873,23.987255167155,-1.16282843962515,-5.32859858235118,0.250890907761131,0.729789526030434,0,0,0.86519216222368,0
"P51553","IDH3G_HUMAN","IDH3G","Isocitrate dehydrogenase [NAD] subunit gamma, mitochondrial","=""IDH3G""",23.3821847669871,23.0418793688477,22.8977088564422,22.6768941602482,23.4420504218207,23.1836718489639,22.5417985272825,22.9621407613817,22.7643933537392,23.4035759918944,23.1296550597533,22.93988371485,22.9316919018634,22.5345283875898,23.8033106981692,23.6808643736009,23.4810638954684,22.8266481094044,23.1158602483932,23.2257781811337,23.0280376321671,23.1220610108311,23.2808560319206,22.7788686805782,22.8922916323963,22.9773723387033,23.3030839583801,23.5251649354698,23.1074997739135,23.6099925004442,23.2177074787912,22.2105627791388,23.1302468857793,22.5958128064628,22.7541949811427,22.9002805380885,23.3181854424406,23.4749998446941,22.9838782076227,22.6456610874897,22.9081845113665,22.9230750105043,23.0421141736467,23.261418339932,23.3243380362099,0.145431836843191,-0.0799919457527149,0.370855619439096,23.0729215832433,1.29858555136215,-4.85950106566903,0.200552970773487,0.735164347255353,0,0,0.791629365969106,0,-0.217652211966328,-0.44176216864054,0.00645774470788388,23.0729215832433,-1.95484687103785,-4.21520552478987,0.0566883686596524,0.447521680709845,-1,0,0.535420756098857,0
"P51570","GALK1_HUMAN","GALK1","Galactokinase","=""GALK1""",NA,NA,18.3441734688452,NA,19.8230758158355,20.0671138777413,18.9738971201227,18.4772272340546,19.7887642705252,19.943234159971,19.5241987452024,NA,NA,NA,19.3597040661702,18.860942168707,18.5303514898411,NA,NA,20.520389843773,18.1159336299483,19.6522559192314,17.6822192506512,19.0553393301209,18.8727040255833,20.1403563923653,19.3569245712032,NA,18.8630951911687,NA,NA,NA,NA,NA,NA,NA,NA,NA,NA,18.9826084153512,NA,NA,NA,19.1875079963217,NA,-0.336862872419083,-0.91161081441653,0.237885069578365,19.1873644083061,-1.212331980021,-4.8204185467768,0.237670423018992,0.767671417451464,0,0,0.61629577850486,0,0.0322483481801292,-0.9608627812551,1.02535947761536,19.1873644083061,0.0671669246935057,-5.30864122715809,0.94702826210855,0.98759672560939,0,0,0.998246379751723,0
"P51572","BAP31_HUMAN","BCAP31","B-cell receptor-associated protein 31","=""BCAP31""",NA,16.7259179974325,16.5612015050314,17.0636761278928,NA,17.6185023022246,17.9839822454639,17.2065107603637,NA,NA,16.1837726171901,17.3714263565379,17.9739704465315,17.0428212535963,17.2674956032445,15.9738425900432,18.0750323665594,16.4503948960307,17.7676980435203,17.0666934618158,16.2966114352362,NA,18.6006235638754,17.8654961305745,17.3050105891864,15.0652463417553,17.5066813862534,17.1479378116036,16.185348324416,16.9541438433739,16.3760418653491,NA,15.9315077143715,18.1034702758897,17.3558947459365,17.083285258192,16.772969836278,16.9410638097771,NA,16.0323907062504,NA,17.0935730016307,16.8514947190782,NA,17.0300264179873,-0.144264229283319,-0.667872253529162,0.379343794962524,17.0231043430693,-0.558234701164113,-5.37292200832238,0.580043022519334,0.911046855724377,0,0,0.924433699711493,0,-0.178027916700117,-0.698413682594117,0.342357849193884,17.0231043430693,-0.693149898843675,-5.65046867768866,0.492539104167716,0.834663611429138,0,0,0.88154779085255,0
"P51636","CAV2_HUMAN","CAV2","Caveolin-2","=""CAV2""",NA,18.7721094809204,NA,NA,NA,18.4859989290447,NA,19.4223668884351,NA,19.6562437553014,NA,18.1508728692839,NA,NA,19.3591664117678,18.8184675553289,NA,18.1130901711435,17.8446035690961,18.1771079135225,19.9939881383031,19.4772279197082,17.4614893287107,NA,17.2008263146991,NA,19.6051687464636,NA,18.4016609354248,19.1621828665811,19.0451034663029,NA,18.9472678998042,NA,NA,NA,NA,17.7822094767988,NA,18.0980171509474,NA,NA,NA,18.5344136556826,NA,-0.418140877072503,-1.14115162921006,0.30486987506505,18.6595265201487,-1.19625484250099,-4.76933874755999,0.243762510190283,0.772570690822174,0,0,0.55419908896796,0,-0.0320996896083479,-0.796640227143438,0.732440847926743,18.6595265201487,-0.0868452669098639,-5.60863210956627,0.931544830721024,0.983221640851135,0,0,0.997726368733229,0
"P51648","AL3A2_HUMAN","ALDH3A2","Aldehyde dehydrogenase family 3 member A2","=""ALDH3A2""",22.6467779644039,21.4618997992541,21.4925598052996,21.6770722754647,20.8019274709141,20.6627619712125,21.3333915890584,21.1809409619128,21.1199194521462,20.92666961972,20.7667076551748,20.9568333254241,22.5367285150059,21.7888039383889,21.6816880985977,21.1656626303965,22.0452073725604,20.6725096663019,20.8448185801655,21.7712657345699,21.0386301124122,21.0519918286992,21.0827582263045,21.7467811226186,21.224823413627,21.3165844416322,21.641679029457,22.0716823370491,20.9744658681387,20.8366851341713,21.2244633293183,22.9016579176445,21.0675281965045,21.9619499743415,22.4928012486731,21.1437834193024,21.3573249426435,21.4828063551569,21.3873369266642,21.5255554752533,20.350497182166,21.1181894879212,20.9589465236786,21.0555484959074,21.2238137989021,-0.100879990352851,-0.476765815627474,0.275005834921772,21.372720693648,-0.540206609181315,-5.45935844144096,0.591658229835005,0.91874201782733,0,0,0.94843269223021,0,0.117777185064906,-0.255917884047453,0.491472254177265,21.372720693648,0.634387493804506,-5.77341042601112,0.528967705067812,0.840584204964843,0,0,0.9277399635093,0
"P51649","SSDH_HUMAN","ALDH5A1","Succinate-semialdehyde dehydrogenase, mitochondrial","=""ALDH5A1""",22.583294459108,22.6510038160921,22.4745617881269,22.2073704777489,22.4812959093736,23.1842985134764,22.405433547796,22.5303137328747,22.595813487464,22.476890186688,23.0372967807048,23.272149882021,23.3736275743243,23.0685533264889,23.1074636871676,22.5690158676541,23.3967381778837,22.1358063100038,22.4523944140162,22.8534234916974,23.178984238469,22.6992699131742,22.6024960675358,22.6525950626886,22.7865236768486,23.4401484403204,22.7596691007411,23.8450357096258,23.0419466238496,22.9374974536344,22.0863344064647,22.6806725547205,22.3639975105732,22.4929828153918,22.2639604904285,23.2483555551607,22.900101997659,22.5230651803166,22.3521295007926,22.6372186079742,22.8904717477817,22.637120765577,23.4231835131271,23.2130446456251,22.8265596572309,0.122152841585205,-0.123675893340504,0.367981576510914,22.7853357925871,1.00018822630202,-5.15203433388852,0.322447313292604,0.826372714395847,0,0,0.870877040474652,0,-0.18748970662125,-0.431885690483503,0.0569062772410037,22.7853357925871,-1.54416667116731,-4.85577489451691,0.129394308677329,0.61673618985149,0,0,0.681542960816522,0
"P51659","DHB4_HUMAN","HSD17B4","Peroxisomal multifunctional enzyme type 2","=""HSD17B4""",NA,21.8105229672021,21.5084624061988,21.4525596753159,20.8979728166667,NA,21.2971578340996,21.1787671040396,21.3247091245869,21.8301741976615,21.5476563623732,20.0665455873356,20.5625212044639,20.3678543375965,20.6670415607185,21.54335907564,20.9982661321429,21.3997208588396,20.8743061865243,21.4974151000219,21.1098322551023,21.122814733674,20.8092018466146,20.9151572539733,21.2343055340942,20.9880412292633,21.1138537628937,21.5489518357005,21.6235765337879,21.419518772841,21.2613977811675,20.871767334322,21.2174385041736,18.9649491835346,NA,21.5015262283069,21.7045184824929,20.9790353480844,21.5723688072804,21.1089239088033,21.3952958374978,20.5312595060357,20.7640135788883,21.7091083385066,NA,0.0811174392348626,-0.29851544137798,0.460750319847705,21.1290699787431,0.431197867202614,-5.47607483772331,0.668527563249445,0.942492860389654,0,0,0.967863532998441,0,-0.170811351962609,-0.548223961569751,0.206601257644533,21.1290699787431,-0.913327461997347,-5.53848627252727,0.366278657324164,0.791831108546088,0,0,0.842352893463534,0
"P51665","PSMD7_HUMAN","PSMD7","26S proteasome non-ATPase regulatory subunit 7","=""PSMD7""",18.9829986258279,20.5935793548457,18.7890017858677,20.8095943440787,19.9482314818944,20.0851046426103,19.571902310405,19.48814193868,19.5369659931646,19.5977524458247,19.7342349431513,19.0031750497945,19.4308760973792,18.8761422499649,20.1663713536784,20.4161505091856,20.1759305696525,20.3770310632337,19.8909025249557,NA,20.0099280470533,19.3631017254936,19.2828038048823,18.8358091594335,19.6843570728855,18.8767045387481,19.8638439853133,19.8642483623039,19.3054363428796,18.8134979543905,19.8862709129324,18.3936892583582,20.1176107645941,18.7983552000514,20.1965758287458,19.637647598428,19.2839796549219,19.3381942396695,19.4273231846076,19.292387723269,18.7779871908194,19.1707561975485,18.8733236755412,19.2111427711699,19.1048539210721,0.000608351392440198,-0.386237770274564,0.387454473059445,19.5200890090752,0.00316728470855531,-5.57317389575934,0.997486863537959,0.998977310989304,0,0,0.999998469206751,0,-0.338624948212253,-0.723211544973181,0.0459616485486751,19.5200890090752,-1.77335486968678,-4.5024999115667,0.082931567153838,0.523449990728398,-1,0,0.430379496119479,0
"P51668","UB2D1_HUMAN","UBE2D1","Ubiquitin-conjugating enzyme E2 D1","=""UBE2D1""",23.1020976537244,22.4709558685534,NA,23.2529028754936,22.618454164892,23.1314791425942,22.7650665915506,22.6183515335663,22.7604678829556,22.6775643680318,22.1418915768222,23.6485398235702,23.1402842102439,NA,22.7572052793996,22.4555565446892,22.8550020093249,22.1798943732707,22.4687578636939,21.9877013056661,NA,21.6680053404808,23.1449825743082,22.7572939682962,22.3817453383198,22.1936084667069,20.9005768106388,22.3933893127021,22.9472549173595,22.4455189057623,22.5270150753915,NA,21.222474962233,22.3614133030823,NA,22.3585235037229,NA,NA,NA,NA,NA,NA,21.8597112434953,NA,21.1562322494635,-0.492389708533544,-0.860855464239928,-0.12392395282716,22.4651490618184,-2.71561700890422,-2.66837188122071,0.0103163843506993,0.416167334657996,-1,0,0.105167461602894,0,-0.470907955856383,-0.934786269453233,-0.00702964225953306,22.4651490618184,-2.06294971943729,-3.87573575450956,0.04681193992662,0.407484700279197,-1,0,0.236515911417989,0
"P51692","STA5B_HUMAN","STAT5B","Signal transducer and activator of transcription 5B","=""STAT5B""",NA,NA,NA,14.5331975481295,16.6506728000481,NA,NA,16.4383131017191,15.8946418826381,NA,NA,16.0743781120527,16.0665116139376,16.8447167642398,16.0802662150003,15.6597190469743,NA,15.9076968906331,16.3061605871891,NA,15.9593003509341,15.4321309556811,15.6235081686231,15.7398000680386,16.0251526422061,15.7884408128969,15.2932739998256,16.4369686374415,15.5651173530303,16.0382618823426,15.4096484628699,14.8535858353786,NA,16.239398165338,15.2981580857088,15.5376910995344,NA,15.5202361663062,NA,NA,NA,15.6226143032384,16.2970372279691,NA,16.0555683536546,-0.223153322954285,-0.646694124545774,0.200387478637203,15.8397389044527,-1.07451236839077,-4.94654520065752,0.290874926074933,0.799489091675277,0,0,0.759144195342271,0,-0.169336305044203,-0.575665100404,0.236992490315595,15.8397389044527,-0.849915585672656,-5.47341123413719,0.401880078868323,0.805884259633412,0,0,0.856957256381413,0
"P51812","KS6A3_HUMAN","RPS6KA3","Ribosomal protein S6 kinase alpha-3","=""RPS6KA3""",20.4959997179146,20.6271889418174,20.6540298031281,20.5238771372131,20.9035392020433,20.9164524818587,20.5046584225089,20.6797035672363,20.8371983745896,20.7951711212621,20.3246842654404,21.122834869284,21.2060493299495,20.4408574925448,20.8693931387533,20.5606010544683,21.198748564357,20.7167424913566,20.8058753140888,20.5165703308646,20.9155473115778,20.7161104440743,21.3163591011016,20.6651504418626,20.8806296371099,20.3641477535578,20.382125936741,20.9355971825003,20.8460854101307,21.0366644613371,20.3079749459825,20.2739693158344,20.403158404047,20.2072406992034,20.4822550989645,20.5710475671069,20.7263853560714,20.4193528368739,20.7921105631729,20.6605115005729,20.5299122092636,20.1177352003775,20.7070015710334,20.5537079873353,20.5596075955971,0.0590796772024333,-0.121113250096256,0.239272604501122,20.6682347589357,0.659950227781914,-5.39659512573084,0.512573884284881,0.896077533266722,0,0,0.961285754010635,0,-0.302998972246105,-0.482141690307487,-0.123856254184722,20.6682347589357,-3.40449582585037,-1.06304651980901,0.00138292556354799,0.129718647276076,-1,0,0.136039484124465,0
"P51858","HDGF_HUMAN","HDGF","Hepatoma-derived growth factor","=""HDGF""",20.7994167595236,21.1194530013569,21.8632485994164,21.7939731665552,22.0105778135566,21.8576464466663,21.5304536514014,21.4687904273,21.4734302333861,20.7535545472355,21.2073935741415,21.7998225348331,20.8752382646026,21.7934266657517,21.1544809007269,21.2288209047185,21.3028837178131,22.0574080311755,21.9363285605242,21.2639601891237,21.8076546786486,21.5728051720416,21.3717456046204,21.4623958833951,21.6571633237941,21.1700394776945,22.560294782195,21.7269565117144,21.3713071528698,21.5162059168984,21.9209364747885,22.3134913843335,21.6979547701324,21.757078386342,22.2232122847309,21.0837226582019,21.2293389993815,21.3688619213679,21.5330444849868,21.583043117513,21.0783929631211,22.0242091041445,21.6262854793332,21.3832133595884,21.7685979114018,0.172930956164304,-0.093289521087477,0.439151433416085,21.5577391065122,1.30750119676909,-4.84967631450891,0.197534348614686,0.735164347255353,0,0,0.755431005129916,0,0.0390275594760219,-0.225641318561731,0.303696437513775,21.5577391065122,0.296810545995377,-5.92277767881495,0.767946084598531,0.941462862728133,0,0,0.989748240259543,0
"P51884","LUM_HUMAN","LUM","Lumican","=""LUM""",23.1706126827571,23.0549818261638,23.538335428365,22.8238738356419,23.177997863211,22.9675310654203,24.0809093356215,23.6640136423049,23.0887546625857,22.8468810258118,22.4657267537289,22.2970568081305,23.1239643348607,22.5364591070587,22.7292929528862,22.922603256324,22.4480725981213,22.9688187836651,23.0775624522245,22.1659596467328,24.2977858437697,23.8272859348368,22.4221313031997,23.1580288786888,22.6429523395494,22.3221134425491,24.6334718424585,22.953328794346,23.232243565561,22.6219953072296,23.6985583245267,23.1060572904333,22.5954132811842,22.137639719568,23.522757985684,23.0028059151311,22.3725597479313,22.2031609311226,23.2569207433263,22.8787461559285,22.5362953426785,22.8645992689763,23.1194455230421,22.5660259295716,22.6466598422039,0.0184837862708207,-0.364656806931523,0.401624379473164,22.9726309181136,0.097105444535718,-5.58333687648828,0.923064147098578,0.975002575431144,0,0,0.998521346157005,0,-0.212447199196525,-0.593354753643129,0.168460355250078,22.9726309181136,-1.12264445047138,-5.37119563970877,0.267408928941419,0.745704534126612,0,0,0.755622924447635,0
"P51888","PRELP_HUMAN","PRELP","Prolargin","=""PRELP""",18.9363374868603,19.7258914213094,21.0572802390769,19.0689615607729,20.2562568552045,20.1349062973289,21.047896930032,21.3653836696572,19.3682191980988,19.7953560177626,19.657187093635,19.8385303879269,20.3702075870005,19.7804186029919,17.7732957493965,19.725572525864,19.313124204065,20.5505825764565,20.1720387851987,19.3586050880142,22.4877692840914,21.3152757621609,19.8252718224825,20.2908409991852,20.1143553553337,18.460458890715,21.4182142464274,19.1538363448992,20.4056063018302,18.8403832529457,22.0455596088582,19.3516492746667,20.2350335317919,17.6137242675546,18.4187860990166,20.2871623001265,19.2304460492421,19.4681831576095,20.136099354479,19.8099060152073,18.8930151744393,19.3948712181541,19.4161605417492,NA,NA,0.222146678524197,-0.429095747035142,0.873389104083537,19.8583409565028,0.687448204901992,-5.38030103300759,0.495404888591632,0.896077533266722,0,0,0.855532360014194,0,-0.570591698951695,-1.24128129471463,0.100097896811242,19.8583409565028,-1.71453645297297,-4.58025192194617,0.0934603394576547,0.537339073041768,-1,0,0.25861190482208,0
"P51970","NDUA8_HUMAN","NDUFA8","NADH dehydrogenase [ubiquinone] 1 alpha subcomplex subunit 8","=""NDUFA8""",23.3038366668984,23.3562107464407,23.0625631053102,22.1534273050162,21.8361177182401,22.1351993508993,22.8167914581188,23.2312679790846,23.0369522426902,23.3018523075397,22.8839697606544,22.3247683402996,22.4911274625195,22.0036724339346,22.706513413379,22.9505288444886,22.9118545489559,22.9974181586008,22.2273650894741,22.6640962536636,23.2548008466717,22.7585654087116,23.6228057616105,22.8807853411107,22.5737500598064,22.9674626469222,21.8518467499458,22.3879716999782,22.9220378219924,22.5318927324997,22.6626517972269,22.5621776769654,22.8887166640711,21.8185163835691,21.7058124270306,23.4822486341618,22.8589667820998,22.7860287182048,23.1612005393803,22.9494226177712,23.3854724519455,22.2360170787764,22.5800083341415,22.5494425173105,22.3009143534234,0.056614775163208,-0.250808430625277,0.364037980951693,22.7127788718119,0.370684093059875,-5.52704455582125,0.712572921409732,0.947417763940137,0,0,0.980997644844935,0,-0.105038999223598,-0.410670466039186,0.200592467591989,22.7127788718119,-0.691772541338814,-5.73741173377892,0.492554124796729,0.834663611429138,0,0,0.928315649389006,0
"P51991","ROA3_HUMAN","HNRNPA3","Heterogeneous nuclear ribonucleoprotein A3","=""HNRNPA3""",NA,16.6830897659713,17.7658708753037,18.2399457913275,17.1729176318477,NA,19.1596838755473,18.8414107880433,18.52130029479,NA,18.2116836003993,18.9503265165459,18.1558605411977,NA,17.2565064604826,18.0889760897232,NA,NA,17.7052563783262,17.4371099491777,17.6275808456062,17.0073195703299,18.4065793112012,18.2133943533227,16.0354787735462,18.4969373016647,18.0545658022204,17.0184547150261,17.2675516994254,18.0490444056037,19.040280140059,20.2100387124002,17.18711102304,18.727971539682,19.0674602677365,18.4359020191412,18.1573772136549,18.0845121473062,17.8930259214374,18.1550253014977,18.9677316919306,19.4600679148978,18.6118184653005,NA,18.6986899615774,-0.399269670207435,-0.944681900285144,0.146142559870274,18.1332594120077,-1.4806635527922,-4.58551586715333,0.146722074206828,0.712175410110782,0,0,0.464736642818092,0,0.986531867776343,0.475482318331671,1.49758141722101,18.1332594120077,3.90447859467306,0.134629687103628,0.000363559388769232,0.0689672160495234,1,1,0.000404480873695151,1
"P52179","MYOM1_HUMAN","MYOM1","Myomesin-1","=""MYOM1""",24.3882756077372,24.5049237167107,23.9206997418161,22.859092308099,22.0400073207759,22.5008590862832,24.2315569617313,23.5343541384548,23.5177183891919,23.787995458535,24.3313482150459,22.9472849993785,23.3666020895549,24.2904129262168,21.5056859717379,23.2686255643899,24.3920476962952,24.1463270893902,22.4479581057571,23.3082547766599,24.1122960310129,22.0737140468215,24.5311355041961,23.2487817673905,23.2227457157348,24.1642125531807,21.8835522221508,23.4581458230987,24.0568474240151,22.7728330037115,23.4677444702591,23.3496642839572,24.1457960552974,22.8161984858719,21.6522602040303,23.6959249839555,23.5189142245691,23.9056836626606,23.7207069415305,24.0225633010256,24.6483392709623,23.1781517802181,22.9706600581649,24.3829089497447,22.0155350327703,-0.0192537539868098,-0.538052614100375,0.499545106126756,23.429007688002,-0.0747011375138879,-5.58503275237897,0.940776133867249,0.983220575615884,0,0,0.998825247532501,0,0.0269049587475045,-0.488870212460157,0.542680129955166,23.429007688002,0.104998406610202,-5.95956465060628,0.916833177633767,0.979656818909501,0,0,0.99766657596482,0
"P52294","IMA5_HUMAN","KPNA1","Importin subunit alpha-5","=""KPNA1""",16.1801272733846,15.9839261694517,NA,16.8374703180412,NA,16.3640725262326,15.5133120027711,16.6578256827686,16.0282706939947,15.9437341452273,16.0834203970669,16.6844148222907,16.2099809686353,15.8397381524515,16.3724418925875,15.6043435915363,NA,16.4652575269242,16.7219231377361,15.2402428351168,15.9464290566617,15.9939973998017,16.9688363274989,16.5769083230244,16.2850203457112,16.1984555222659,15.8056743427345,NA,16.1020220181451,16.6009406267929,15.3104615657967,15.9260964401359,16.3088460408556,16.2530544353809,16.8059367155473,NA,NA,16.1234557212155,16.1808154863959,16.2628026617906,14.4035655239643,16.6735588905134,16.1618266593467,NA,15.8925553233976,-0.02917190715619,-0.390400165538217,0.332056351225837,16.1450463569261,-0.163342065372693,-5.51760845756696,0.87109174389645,0.961904453364979,0,0,0.995982137433096,0,-0.176820716053033,-0.542986534239386,0.18934510213332,16.1450463569261,-0.976720452674644,-5.43713720169669,0.334721203548704,0.775294411638451,0,0,0.824051107491363,0
"P52564","MP2K6_HUMAN","MAP2K6","Dual specificity mitogen-activated protein kinase kinase 6","=""MAP2K6""",21.3311951149312,20.9914723549784,21.7054347542694,20.8848891091149,21.1507635648517,20.9262963197331,20.9086681480395,21.0112974607417,21.053547973433,21.2752785052961,21.3402624774762,20.8893685156355,21.0828267884472,21.7953097184554,21.0475208979332,20.9485696342362,21.4498179372041,21.0716493616078,21.0206547108196,20.9911487880305,20.8907999616006,20.921533364861,20.9631237631448,20.8552627742876,20.9615010768321,21.0317968321727,20.3023786414358,21.4472400898641,21.3856954488429,20.790972973775,20.2782588333396,18.99711582253,21.1244110054932,20.6187744982302,19.7742506745587,20.9018204796266,21.0446196838726,21.0419391762458,20.8158907888369,20.9472407475349,21.1221026848271,20.3027148156175,20.9055012493165,20.9415511687258,20.4863533860427,-0.16436134593383,-0.442924103672963,0.114201411805302,20.9273071572633,-1.18764719036525,-4.97654802555119,0.24106350650797,0.772570690822174,0,0,0.791491575594962,0,-0.381973356261085,-0.658912580903037,-0.105034131619133,20.9273071572633,-2.77625535125722,-2.57723300789405,0.00792433316076728,0.261034630312201,-1,0,0.157564995318599,0
"P52565","GDIR1_HUMAN","ARHGDIA","Rho GDP-dissociation inhibitor 1","=""ARHGDIA""",22.7461570369791,22.4544924461846,22.8825063923223,22.6740821714369,23.0014135510235,23.0459321273153,22.575460114215,22.6528273560205,22.3439675544438,22.6387113748735,22.1698488008393,22.9679987487933,22.685757338034,22.7733598911134,22.2909823797665,22.3749629385751,22.9024163986869,22.5530449483855,22.8480336619001,22.2999517758042,22.8439589262685,22.9330380875424,22.4755692163698,22.2139649952872,22.5124722511001,22.3582412421515,23.4253609505335,21.98815439084,22.9253749295122,22.7782799646456,23.0284283961796,23.0816866182625,22.6195523838481,23.2895280336135,23.0897356820983,22.5799973602536,22.5400910502433,22.461618195291,22.911134761667,22.4031020766262,22.5792995095831,23.1810030284243,22.6618456254772,22.4714966617079,23.0770692261638,-0.032956042568312,-0.251091509994461,0.185179424857837,22.6958202348978,-0.304102212784894,-5.54678667560259,0.762420234935588,0.948679518362231,0,0,0.991100269195693,0,0.169517595455787,-0.0473465241638221,0.386381715075396,22.6958202348978,1.57339544979278,-4.81455509557505,0.12247481646992,0.598693123409454,0,0,0.700499590782104,0
"P52566","GDIR2_HUMAN","ARHGDIB","Rho GDP-dissociation inhibitor 2","=""ARHGDIB""",NA,NA,NA,18.6868340969184,NA,19.4826228364511,NA,NA,17.4962315589409,NA,18.3292792255735,NA,18.8606573987533,19.0258522776,19.4449297060256,NA,NA,18.1443685619861,18.0885536823721,NA,17.5346812605555,19.0049676323673,NA,17.2504294704976,18.6465361431229,NA,21.128555644699,19.1248425874486,NA,18.2847866882695,19.6263184494806,NA,NA,21.5558924738312,19.1761548224236,19.101351905466,18.8257958740883,18.6298698837005,NA,18.613641690532,19.2087797007583,21.5864208457222,21.9656857567238,NA,21.8200980276754,-0.225369989441155,-1.22734577148009,0.776605792597784,19.209042155629,-0.460708816247132,-5.24531157473796,0.648560758594055,0.937693137615552,0,0,0.907025138892978,0,1.46055047113273,0.56951061499304,2.35159032727242,19.209042155629,3.35743104713384,-1.40950402011534,0.0022762294201897,0.143933573669995,1,0,0.00013806405697018,1
"P52758","RIDA_HUMAN","RIDA","2-iminobutanoate/2-iminopropanoate deaminase","=""RIDA""",21.2805744721027,21.6498570894311,22.3009783215174,22.3565511735496,22.0274278213035,22.4202264593298,21.6022881381186,21.8945000334707,21.7677636959158,22.1349207890369,21.8667666986916,22.4926982040508,22.2263270988284,22.0034301341882,22.1259287073292,21.6083011523556,22.1343175270607,21.811667025271,22.03033848317,21.9736637123203,21.9656343148706,21.7693675582078,21.4572329494131,21.8013443711091,21.9933123560773,21.9755165811223,21.7668136316087,22.1701577934136,22.0136675820159,21.8338973614625,21.349394731727,21.5249024060599,21.8674049554798,22.2514459612143,21.8180855840294,22.0008920363597,22.2961879367876,21.6994499685666,21.797445267082,21.6379541755927,21.9084290805963,22.0475863973362,21.8465649762184,22.0965312699807,21.9382849154011,-0.131506601112928,-0.318444340543731,0.0554311383178746,21.9230229088617,-1.41599388080937,-4.72520887048611,0.163507224838578,0.720861261794311,0,0,0.788088367254931,0,-0.014978182469779,-0.200826402219124,0.170870037279566,21.9230229088617,-0.162222661231329,-5.95226067918393,0.871840386023016,0.97115749400215,0,0,0.997947867029903,0
"P52788","SPSY_HUMAN","SMS","Spermine synthase","=""SMS""",21.5511902248561,20.1756365998662,19.4332914135746,21.8380657081535,20.822832525468,20.8772650291909,19.8235312170326,20.6609322206315,20.2840255009127,20.4030598624532,20.0939962572135,20.6573908018162,21.1901970255967,20.2280720603643,20.987748251222,20.4941100632572,20.0515425590292,20.0545021913018,21.1414598310913,21.0362113788161,20.4679434899304,20.7327028924199,19.402886379923,19.7039112257284,20.7654410581805,20.4240353869034,21.3529083530766,21.5598641999357,19.796553255647,20.795892042976,19.8948286467846,18.782008029776,20.2352070363188,21.2759336484742,21.60511725247,20.4957782904287,20.5754488903253,20.9191459731702,19.8580634377795,21.3384960460238,19.6826337303379,20.1115613290531,19.7109658925462,20.4638694849206,20.2998259044513,-0.0978316185109804,-0.524853605645508,0.329190368623548,20.4901351688762,-0.461147449750421,-5.49402762227545,0.646864000967713,0.937693137615552,0,0,0.958278022268443,0,-0.168738714357055,-0.593271911048224,0.255794482334115,20.4901351688762,-0.800044031971199,-5.66121420154456,0.427794101743388,0.818304171032817,0,0,0.86651290083339,0
"P52815","RM12_HUMAN","MRPL12","39S ribosomal protein L12, mitochondrial","=""MRPL12""",19.3432354142762,19.6249054332808,19.4242885789691,19.6884294918963,19.4496301424864,19.0692040659195,18.0673003917072,19.1164543696868,17.965424433417,20.008427562938,19.627584196746,19.5585454116234,20.0361116146023,18.5986228216534,19.8169829780335,19.6160683113595,20.6877867482876,19.4336493413733,19.7825938232775,19.6546971639599,19.2115718841111,19.7154726569553,19.8972374354183,19.4030147746673,19.861324952422,19.815303925577,18.9742910811754,NA,19.843153607497,19.9020234798691,19.5661957091429,19.7441356634559,19.4133535491706,19.484573498037,18.3860652924787,19.8570669218643,19.5839774573845,19.4319511238893,19.6160561812929,19.5734988648174,19.5681452842497,18.9983902038256,19.1817656198068,18.6624982116889,19.0929220337096,0.394086169461666,0.0584319193286791,0.729740419594652,19.4398620842727,2.36466643883989,-3.2798601598998,0.0224155576014557,0.488872265797768,1,0,0.223858912241797,0,-0.361443791387288,-0.695137522607127,-0.0277500601674484,19.4398620842727,-2.18154193599944,-3.79856533533955,0.0344024110160035,0.37833073328471,-1,0,0.295841527713277,0
"P52888","THOP1_HUMAN","THOP1","Thimet oligopeptidase","=""THOP1""",NA,NA,NA,15.3117079942979,NA,15.9504701498742,15.3657305952602,15.03914411471,14.8516327377429,NA,14.5806548843874,16.9216769625765,NA,NA,15.2389301373406,NA,NA,15.5247563854101,15.984590578629,15.2194388115379,15.9587753159608,NA,14.5869744440961,NA,16.2943208873857,14.8035399440972,16.1608101989759,14.9704270111242,NA,15.8873093873309,15.2055752407972,14.0542715366522,15.6803886550605,15.5873151262589,15.9035818358853,NA,NA,15.2185819044698,NA,15.7191964090083,NA,15.5233992837615,16.5417487074963,15.7295504357795,16.1387083987157,0.0959291959585187,-0.446432983334213,0.63829137525125,15.5156278646422,0.361202064099626,-5.32277451248024,0.720476329275415,0.947417763940137,0,0,0.96903970929255,0,0.0592185674704879,-0.438234187099424,0.5566713220404,15.5156278646422,0.24310554986285,-5.77556066108121,0.809575976833283,0.947477443017977,0,0,0.987568314082152,0
"P52895","AK1C2_HUMAN","AKR1C2","Aldo-keto reductase family 1 member C2","=""AKR1C2""",NA,20.5048810072744,NA,NA,NA,19.0883721052405,20.6617787736796,19.7524946653557,21.1699415252937,NA,NA,20.2229902146531,NA,NA,19.1435958931921,18.7480687703616,NA,20.0932762921066,NA,21.2688265552836,18.7466750072212,NA,19.2686293746539,19.6164987248129,NA,18.6698832026611,19.9681777066804,NA,NA,19.1787504962048,NA,21.6762146120971,19.3651809761879,NA,20.0148246910573,18.8900477334217,20.5862228879988,NA,NA,NA,NA,20.3852699267656,NA,NA,NA,-0.512674706874716,-1.25148497128917,0.226135557539736,19.8645727791911,-1.4353400733032,-4.5440203409514,0.164627070863363,0.720861261794311,0,0,0.396570138101671,0,0.532309720282235,-0.235639731831405,1.30025917239588,19.8645727791911,1.43376376586966,-4.74185245341591,0.165071968552395,0.655071957582339,0,0,0.38331861418298,0
"P52907","CAZA1_HUMAN","CAPZA1","F-actin-capping protein subunit alpha-1","=""CAPZA1""",20.5389088997271,22.724110559137,22.647346567957,19.799220035869,22.6868722407109,22.9441167312678,23.4875731310849,22.2374877337127,22.62910511355,22.4637722853323,23.0208924273723,22.613118357009,19.276595700174,23.1786124493458,21.7524087771434,22.5725177928685,22.4008339531154,22.2666810305953,21.9816433166201,22.5759187424812,23.0150236124741,22.6756258593477,23.3964846793233,22.1007477729881,22.2808886600498,22.2555359218098,23.098688485473,19.3218644507378,22.763206833192,22.6487042719912,22.7296035759469,23.2036283767731,22.7072576096238,23.3064665519766,19.5097585679108,22.334683794357,22.0563755854637,22.6155199641251,22.6793189642969,22.9485269739473,22.8747230169368,23.1261881578336,23.1733515043542,22.1426832364415,23.2689508619749,0.243152662951491,-0.444988349857122,0.931293675760104,22.3562565140983,0.71123381702059,-5.36596488376945,0.480527360394839,0.896077533266722,0,0,0.836775418112856,0,0.221511423926323,-0.462618931754648,0.905641779607294,22.3562565140983,0.651730547981717,-5.76285280337024,0.517815314791877,0.835285418503564,0,0,0.864343704406398,0
"P52943","CRIP2_HUMAN","CRIP2","Cysteine-rich protein 2","=""CRIP2""",15.2241718092429,16.1861078208638,NA,16.8475042714191,15.6150092039089,NA,17.3246902710021,17.5844269183751,15.9271834759055,NA,16.2603928283516,NA,15.6261962929158,15.9815751501334,16.8815685737387,15.6779498019639,NA,14.9534401066264,16.9081796289845,16.0641984123126,NA,18.076200982725,17.1708199889764,16.76263815287,16.5962816260396,16.1118055726705,17.8508640390774,16.471290760245,17.4894040914934,16.2693485284356,17.2067478763369,15.9481181984768,16.3358677443549,NA,17.9814858652584,NA,15.9351848199119,15.4139394753264,NA,16.1704606333407,17.4585676181724,15.2868006238115,NA,NA,15.0811096348812,0.34996678935223,-0.316777228721705,1.01671080742617,16.4317509058279,1.06553730969885,-5.01491161591059,0.293920050295902,0.799489091675277,0,0,0.651475195830225,0,-0.351581173015845,-1.0316947039446,0.328532357912906,16.4317509058279,-1.04940988638997,-5.32719447749856,0.301173681184463,0.754001885643784,0,0,0.655785599321444,0
"P53004","BIEA_HUMAN","BLVRA","Biliverdin reductase A","=""BLVRA""",20.3019711525922,20.340555248161,19.9135082458426,20.013885238466,20.180685460824,20.5871204041221,19.9082105018331,19.7600907039578,19.6745473142313,19.8824344944735,19.764969413439,20.2855324821438,20.477836061222,20.2427738651963,19.7265675617563,19.9892902492232,20.622999038106,20.0994260872408,19.8616313926933,20.2436502205151,19.9946638413503,19.6609089005346,20.2940071310018,19.7906566691919,20.2118929932151,19.2921923757304,20.1265727026282,20.3630431433627,20.0527914308504,19.7774292041531,19.6543895224322,19.6234767687512,19.8974218876631,20.082294305307,19.8732167954731,20.0139166394243,19.8580903563987,19.9750820592363,19.9354903404516,20.0605165169203,20.2603291186381,20.6547307456616,20.1922926569728,20.0960548111495,20.8718920411346,-0.0412194503380157,-0.267738536304386,0.185299635628355,20.0553564020816,-0.366275783121145,-5.52847135990828,0.715837101554472,0.947417763940137,0,0,0.986314734993109,0,0.0445359457211687,-0.180662930622802,0.269734822065139,20.0553564020816,0.398066169503167,-5.88925132906305,0.692421290995811,0.915228679438145,0,0,0.983763591163332,0
"P53041","PPP5_HUMAN","PPP5C","Serine/threonine-protein phosphatase 5","=""PPP5C""",19.1814392639839,19.2970719794086,19.3899031089688,20.5095302285527,19.4977253380073,19.7872980071273,19.5205979450289,19.3192099403114,19.3679178518633,19.339526459414,19.140598520083,19.6355910494111,20.1328156039425,19.3444492079337,19.7730687602536,19.3489924855344,19.3578410996129,19.3885697038604,19.6188283648761,19.6042987724181,19.410392304103,19.2802917121398,19.3514437582076,19.3483536655128,19.5284349795358,19.5151992418616,18.9480664352713,20.0435153334922,19.9056214920615,19.6081636385139,18.979391138031,19.2591287056798,19.4902266948073,19.3791538520881,19.6434900066652,18.9414356416508,19.5958212736932,19.2701034213973,19.4207613884546,19.4591257406187,19.2360362930369,19.4561747465377,19.5437343469006,19.3218655479682,19.2698158605406,-0.0660546462747753,-0.26813566836629,0.136026375816739,19.461356020208,-0.657943576667318,-5.39774809161231,0.513850821912834,0.896077533266722,0,0,0.956972469406282,0,-0.132783221928747,-0.333686465517706,0.0681200216602118,19.461356020208,-1.33035352241666,-5.13597843775651,0.189954070893137,0.673257283043672,0,0,0.802078061547262,0
"P53384","NUBP1_HUMAN","NUBP1","Cytosolic Fe-S cluster assembly factor NUBP1","=""NUBP1""",NA,NA,NA,16.3211538766532,17.8509863115476,NA,16.1703718089348,16.6180460131651,17.7068135192335,17.6756849563287,NA,17.4316583613803,NA,NA,17.6849243808977,16.8240672872723,17.3603683930825,15.6574978454614,17.1367995296567,NA,NA,NA,16.7365511487084,17.5678427637222,17.5702424593283,17.744635095143,17.390054638179,NA,17.5410955534051,17.4171372864914,17.5447518271524,NA,16.5542519298989,16.6018360759665,16.2699907483377,NA,17.1311819789711,15.7408440079161,17.5078913713392,16.3687773586579,16.2045096376814,NA,16.4464458509592,NA,NA,-0.0155848372473208,-0.5243890685215,0.493219394026858,16.992290069499,-0.0625518808918339,-5.39019866261928,0.950537692719736,0.983781746134092,0,0,0.999209733183632,0,-0.520680308977575,-0.996580719881272,-0.0447798980738776,16.992290069499,-2.23431237171648,-3.64605450519339,0.0330531912102904,0.374370545660385,-1,0,0.169427371599352,0
"P53597","SUCA_HUMAN","SUCLG1","Succinate--CoA ligase [ADP/GDP-forming] subunit alpha, mitochondrial","=""SUCLG1""",24.2605446680461,23.5786618681115,23.6241438814054,23.6139800850438,23.8750047188646,23.8799947803246,23.8291470251924,23.6298798788186,23.9144174955221,23.9067716126079,23.8623595353175,24.061833288358,24.45267842825,23.196884381865,23.9764189159405,24.2032850003093,24.3814605349182,24.1016346554424,24.0227021706464,23.8596155532012,23.7893769402105,23.8842122465892,24.2374654426147,23.7937387198335,24.1299110176662,24.2926926041067,23.5868697987234,24.2945007851627,23.9899355361516,24.4539739536481,23.5261205780013,23.2280792064437,24.0970979384836,23.7083226332184,23.2232412923371,23.6581571018849,24.2493910760948,23.4937979032281,24.0236265927662,23.9228137071748,24.1181268637096,23.9191568236173,24.4181160329257,24.0123109495328,23.944491164565,0.221264204251803,0.00603132264549774,0.436497085858108,23.9161543419306,2.06925183941673,-3.79458644370968,0.0441621078737097,0.54371010732827,1,0,0.501415807078772,0,-0.231901673016054,-0.445880123808544,-0.0179232222235646,23.9161543419306,-2.18144693430564,-3.80793541387216,0.0342935038231491,0.37833073328471,-1,0,0.457417925265734,0
"P53618","COPB_HUMAN","COPB1","Coatomer subunit beta","=""COPB1""",18.268159149074,18.283601267536,18.8209181105397,20.0236357210742,18.4084054221541,18.3336451128085,17.8212069104907,18.6481670911535,NA,NA,17.8172323676981,18.7945386812802,18.2105987997614,18.1258905451373,19.3199471764427,NA,18.3652063778219,18.6856400983371,17.9818559392924,18.1388341650291,18.2918331189041,17.9847774440881,18.0195107356127,18.732696869728,19.2586838091124,19.2957619281066,20.5154318452213,NA,18.1223286683805,18.3570359352494,18.9441474031889,17.7648280845474,18.6529235120476,19.5177932230015,19.3602604678993,18.2990150003066,18.8474433462738,17.8496614432337,NA,19.061589869164,NA,18.4070804990952,18.1449651726916,18.7620300374714,18.6275051870951,0.0360924005562779,-0.414038179670039,0.486222980782595,18.5862765778474,0.162048832559707,-5.51781617295248,0.872082387724807,0.962437838839484,0,0,0.995072165207627,0,0.049194152703997,-0.398267619361753,0.496655924769747,18.5862765778474,0.222190866718642,-5.87794983270249,0.825294737444195,0.952881385837881,0,0,0.990598472899056,0
"P53621","COPA_HUMAN","COPA","Coatomer subunit alpha","=""COPA""",17.3305780649335,15.3641303273128,18.7157629382853,16.3217967879948,18.6514863368878,18.7942628730364,16.411245427417,18.3634402591315,NA,18.8957213379979,NA,18.6090833384512,16.2582105807742,NA,18.7132499211028,NA,19.3897733087152,19.0999095812827,18.7977239055207,17.753449998413,18.0351220559424,18.3386913080102,NA,15.2848417420258,18.7472339184411,16.2701371620759,19.9717337996286,16.172986146958,18.9257495748652,NA,17.0296788359185,19.1527755933435,18.5007661944307,18.7634923581603,NA,NA,NA,NA,NA,NA,NA,NA,18.3826310603746,NA,18.3305350221461,0.398335297164085,-0.509743858606192,1.30641445293436,17.9792066586526,0.894598981981678,-5.15573457885658,0.377886025506052,0.852942743285089,0,0,0.678653200112102,0,0.365973939453031,-0.738162637109908,1.47011051601597,17.9792066586526,0.675975069104741,-5.47476517449773,0.504062064010346,0.834663611429138,0,0,0.778246009234753,0
"P53701","CCHL_HUMAN","HCCS","Cytochrome c-type heme lyase","=""HCCS""",16.1759748770078,NA,17.0863208475102,NA,16.341999547267,16.4167345379184,15.9558418683494,16.3394378382578,16.5639706483029,17.2221230949092,17.3820363536553,17.0340394364869,16.809256836227,15.8973285287747,17.5974795158695,16.8076272056131,NA,17.1233922557949,17.1031639573628,17.2674423778665,16.3304907610064,17.2162584033759,17.1890739970722,17.0996091900353,17.2941072504474,17.1994629754721,16.4779608908014,15.859088456648,17.4499921058213,17.336030225336,16.6097321464428,NA,16.9109218362283,16.6861876314038,15.3347966749138,NA,16.6906141800922,16.6519214818517,16.5852671873266,17.1166743800189,16.8694171395005,17.287082509513,17.0354201793298,NA,17.7512490308467,0.291342728101476,-0.0736525654853913,0.656338021688344,16.8232186759143,1.6131901978758,-4.4500291006197,0.114557976711377,0.679806474125127,0,0,0.531929252127647,0,-0.205946994918303,-0.576244407065482,0.164350417228876,16.8232186759143,-1.12401844688381,-5.30761303672861,0.267698886526211,0.745704534126612,0,0,0.762299315824592,0
"P53778","MK12_HUMAN","MAPK12","Mitogen-activated protein kinase 12","=""MAPK12""",19.0838727210506,18.6230102803289,19.7869820303739,19.7400890304999,19.7203446501841,19.662826683016,18.6403750747945,19.3614841333932,18.3707423907073,19.1921559700792,18.2732975228118,19.8526058255714,19.3595470273372,19.5044075157349,19.476575113138,19.4247133148525,19.1383590379403,19.2951181687018,20.0932496945668,18.6053521873938,19.152015149422,19.0340462717272,19.6493324912738,18.7242544649161,19.571980293174,18.3103990425362,18.3214196978741,19.7301921039586,19.1001135781598,19.4883659580783,19.4498260952677,18.4187725097422,19.4157453238139,19.7708685617534,18.3856559952315,19.6944600624214,19.0716893670565,19.5246147238095,19.1601295431353,18.9687980128226,18.4126508170083,18.4523876713736,18.8113807849235,18.6940555021862,18.5703610226399,-0.0744129125265722,-0.403197400786543,0.254371575733398,19.1353027425951,-0.455562317274275,-5.49627211948299,0.650846080750035,0.937693137615552,0,0,0.968546278174867,0,-0.189167697425958,-0.516035947841136,0.137700552989219,19.1353027425951,-1.16489035405856,-5.32637486745981,0.250063614890245,0.729789526030434,0,0,0.769361766249688,0
"P53814","SMTN_HUMAN","SMTN","Smoothelin","=""SMTN""",17.748555791463,19.2156113803755,19.2998168301561,18.9241937367423,18.4950016830338,17.7762360629648,19.0645885208805,18.4992431096503,19.0988725562053,19.1651734330409,19.229029105825,18.8944477112122,17.7210538113119,18.3503630550285,18.371540701829,18.4742000717505,18.5633386149634,18.9516403297051,19.0937739510364,18.7395997354871,18.2603172255667,18.1752589162306,18.9073433256113,18.5447018331277,18.7763793958024,18.6434021700794,NA,18.0056322937315,18.49709168719,18.3873700175896,17.6110010262574,16.7692575436507,18.7623427769007,18.1156258305207,17.6604683923138,18.5362528863362,18.3972567774177,18.2344896230292,19.0456094982795,18.8392300095421,18.9320125178366,18.1651424788251,18.0810233603337,18.1706507705952,18.1695696899703,-0.0740480802333856,-0.410328580672366,0.262232420205595,18.4855388690773,-0.443489113247096,-5.48708292482059,0.659535106911931,0.941625423723661,0,0,0.96964980586194,0,-0.34246146439413,-0.676777788062008,-0.00814514072625327,18.4855388690773,-2.06312229283236,-4.01509241393955,0.0448936634525493,0.407479806552565,-1,0,0.345481914271296,0
"P53985","MOT1_HUMAN","SLC16A1","Monocarboxylate transporter 1","=""SLC16A1""",16.1390252762832,16.5530751611408,NA,15.7538686855468,17.0846691062431,17.831711654526,17.4356692807873,17.3240660664866,16.4184914043267,17.7443528140989,17.2070144151227,18.0631173721152,17.5547980897913,17.4613569886981,18.1334990453916,17.8649318308054,16.3473748485724,16.4217506063137,17.4034329821425,17.0859825422117,17.3422409300018,17.8205370125855,18.3808826608083,17.4808258741609,17.6085631052027,17.5651315129095,17.1039740813965,15.6327900189829,17.9921036812152,18.0702745756452,17.2271477560872,16.3341346867623,17.0782147850075,16.9254928345905,16.2958295253488,17.4584813484065,18.1961981582223,17.7041981567703,16.5752636045707,17.2448414359038,17.3369341277365,17.2592449690745,17.7483041418589,17.6098086001423,17.704724051401,0.147468458698281,-0.290030910747075,0.584967828143637,17.2619165864863,0.678879281074901,-5.37210313036636,0.500688018046133,0.896077533266722,0,0,0.903016400103125,0,-0.0947985387380506,-0.522574921686805,0.332977844210704,17.2619165864863,-0.446329594003383,-5.86981245122656,0.657497687998862,0.905507449629859,0,0,0.961029323030383,0
"P53990","IST1_HUMAN","IST1","IST1 homolog","=""IST1""",NA,18.7758223803136,NA,20.069811440409,19.0128755566748,19.3828104063784,18.4013316584145,18.2616286836975,18.0130818777693,19.3169694023002,18.6618887037864,17.2926308490132,19.1583009586415,19.2954495072071,19.8156452475901,NA,19.2676817844037,NA,18.6066337119716,NA,18.5569819593289,19.0377799458723,18.1174065593476,18.3339707482838,19.441499740562,19.8515576286337,NA,NA,18.0866605763234,18.1150558338747,17.6924063872311,18.9633155982172,19.0778734323835,19.1736151663793,18.6461024776196,18.4329320835946,18.9387872750007,18.6886632818508,18.0258012389565,18.140782693245,NA,18.2557451797494,18.4398320950078,NA,18.6137455869862,-0.182911529633312,-0.652150970222767,0.286327910956143,18.7211966015839,-0.789788919715726,-5.20963119162328,0.434678049775917,0.873144117382484,0,0,0.858651044090833,0,-0.155553606529725,-0.621779647239717,0.310672434180266,18.7211966015839,-0.676002062449224,-5.6249508253096,0.503238501972208,0.834663611429138,0,0,0.898689874413145,0
"P53992","SC24C_HUMAN","SEC24C","Protein transport protein Sec24C","=""SEC24C""",NA,NA,14.8347873147959,14.0363205256984,NA,15.0011975882223,14.3159849930123,15.1648837927307,14.570598160107,NA,14.7874892318339,15.3908303064656,15.0112315128766,14.3501015813549,14.3199454508273,NA,14.2091565575951,14.5562660107506,15.4391659251237,13.8269791721374,NA,NA,14.7463809629337,14.9522656020073,15.0091811317337,13.9335751046465,14.9933361584597,14.0665272819578,15.2052863670773,15.1088777405115,14.8592136245723,14.4998516901282,15.0590419602738,15.3327633790839,15.6025235710599,NA,NA,14.346856669587,14.9197762067933,14.0692657957803,NA,14.4883068873081,14.6145264474253,NA,14.9848424447756,-0.0213495470228562,-0.407175407855827,0.364476313810115,14.7237452102837,-0.112330653879328,-5.47205083537861,0.911202280764202,0.968606355780717,0,0,0.998016667263777,0,0.119683410316208,-0.263882971946717,0.503249792579133,14.7237452102837,0.633423796791221,-5.65608412420398,0.530569829694725,0.840664945405658,0,0,0.926949873991291,0
"P53999","TCP4_HUMAN","SUB1","Activated RNA polymerase II transcriptional coactivator p15","=""SUB1""",20.0644290944914,19.9128812760281,20.3034715518182,20.5546893326973,20.2522311579977,19.8157089482945,20.3274810333063,19.9597521285443,19.6347805006118,20.1444123100888,19.6573357629516,19.7697553719789,20.4537178992896,20.00784591111,20.2611508386901,19.6045445767654,20.6400314937474,20.2512065076613,20.1854781620425,19.1173718357106,20.1517101239209,19.9398756036459,19.8390231359388,19.8421966670207,19.7678978527181,19.4248428162014,20.0213852916329,20.1552140222925,20.5859602303649,20.2703507334117,20.2959595609804,20.9130554280741,20.0458163118655,20.0925163635859,21.3167675571236,20.2028122198589,20.0774071421628,19.6759004313309,19.9939170801868,19.7426737345394,20.0983823420581,20.1161143624412,20.2479697170292,19.8397512950547,20.1268690970711,-0.0832715051941513,-0.346455177828766,0.179912167440464,20.0822809958741,-0.636866319296106,-5.4096507387785,0.527366004743977,0.898370121288931,0,0,0.948112470436458,0,0.199254906019181,-0.0623948666546934,0.460904678693056,20.0822809958741,1.53284934104847,-4.87154942911696,0.132156350081641,0.618529116746516,0,0,0.66814770216297,0
"P54136","SYRC_HUMAN","RARS1","Arginine--tRNA ligase, cytoplasmic","=""RARS1""",20.1349791798726,20.9036507462548,21.1752524621597,20.305801497978,20.7017999103052,20.456041401324,20.8134777560097,20.9834051497315,21.1753720123867,20.8102972012891,20.1945098398556,21.0976472726974,20.0806314576318,20.4501140479654,20.3943015298525,21.0388408617174,19.9608759433464,21.1102480575246,21.1088804459498,20.2883503672451,20.8475859332649,20.8340632554064,20.7589855539321,20.7086284110119,20.7070056513016,20.251719635847,20.8134458731709,20.0801831194429,20.8463409074254,20.9820984780897,20.9656180436354,20.0523292259679,21.1884438894172,20.4863146164673,20.2964262133544,20.6115202792153,20.9079233350316,20.2548801453047,21.309545013064,20.497788843354,20.8529224514985,20.8602097016398,20.8597870422801,21.0250470815255,20.330547039621,0.0423807859725507,-0.212008167410541,0.296769739355643,20.6780852640304,0.335337072075691,-5.5380076989225,0.738894041712895,0.947864075160791,0,0,0.987257425371289,0,0.0108033617800558,-0.24210294945544,0.263709673015552,20.6780852640304,0.085982498853825,-5.9612996935162,0.93185316782986,0.983221640851135,0,0,0.99923778911878,0
"P54284","CACB3_HUMAN","CACNB3","Voltage-dependent L-type calcium channel subunit beta-3","=""CACNB3""",21.6600145255808,21.964417473005,22.0963856808028,21.7271094080424,22.3362465821353,21.9277314292444,22.007864688378,21.9679168038029,22.1364109896566,22.1714264239249,21.6528325552456,22.0790287652919,21.8750503225985,22.1936997948311,21.1597279179585,21.7800770399423,21.81952901694,22.186049580242,21.58941849467,21.6136356198259,22.1635296373331,21.9335788956555,21.857265318291,21.5006349494449,21.3559961826737,21.2762708700356,20.8155073588861,20.6568158826723,22.1166362951205,21.4339503212683,21.7050421521739,21.5853396198181,21.8979624926875,21.2867304505266,21.7096197467218,22.3369419204298,21.8206062649186,21.6877716653106,22.1948804879823,21.4575579627358,21.8666028879251,21.4381576806311,21.8905778727173,22.0085621105067,21.0872458387557,-0.3272553206751,-0.571870520580411,-0.0826401207697886,21.7561857328298,-2.69286192919647,-2.65093001637617,0.00984751665876725,0.416167334657996,-1,0,0.220447660189589,0,0.12498024605598,-0.11820927557007,0.36816976768203,21.7561857328298,1.0344448143878,-5.45972093194256,0.306331341313754,0.754001885643784,0,0,0.862549601401062,0
"P54289","CA2D1_HUMAN","CACNA2D1","Voltage-dependent calcium channel subunit alpha-2/delta-1","=""CACNA2D1""",25.4995207032288,24.5453580635536,24.8880788756677,25.3658717446177,24.8083688703284,25.2246613198021,24.7541086381224,24.9257262851703,24.7203396598815,24.6286153518057,24.8590439798992,25.0780832254795,25.523619521269,25.4935117335901,24.6087635806915,24.4173505921869,24.7275285057408,24.7517445015369,24.6264387286405,25.0234298331257,24.7100714432099,24.6495083706834,25.0951581128118,24.8609753750413,24.7176091383695,24.5353638599424,24.8653323250611,25.615710781771,25.2035980918003,24.5763790521033,24.6463692899403,24.5918165663827,24.6544626282089,24.6707684586922,25.5163680293935,24.6672553236889,24.7865784200486,24.9625289573067,24.5394683364096,24.8932663743156,24.3188817679977,24.7739493518255,24.822451644724,25.054179115,24.337832621194,-0.171441516943002,-0.386105710223623,0.0432226763376197,24.8563566033391,-1.6075600395041,-4.48374127301508,0.114768712988367,0.679806474125127,0,0,0.689945389121572,0,-0.0760014551264199,-0.289414532050357,0.137411621797517,24.8563566033391,-0.716822601034406,-5.72074183592975,0.477104362057284,0.834663611429138,0,0,0.945309777223363,0
"P54296","MYOM2_HUMAN","MYOM2","Myomesin-2","=""MYOM2""",25.8903469371561,25.9318143706916,25.4551518067909,25.013285896606,23.9876819651113,25.1103758940294,25.7325555527585,25.1259206718541,25.0717011327839,25.221984624768,25.803117399513,25.1055282260963,25.0737664835968,25.850471211069,23.6710528461515,25.0697787373631,25.3863445042873,25.3461803934711,24.8894281878361,24.8694736224954,25.9184936326254,23.8623289533066,25.7690195010293,24.7193456009238,24.8989214298679,25.4272424921319,24.1886562349275,24.8590150454667,25.3353604471979,24.2175703258949,25.2821130451045,25.195131604013,25.4015339125417,24.8839355528646,23.7821113718616,25.2198750168348,24.8632674050773,25.3964683662668,25.0912974329776,25.5186279223523,25.689547390239,25.0180937696041,24.3638131390315,25.4509255376658,23.7257345985385,-0.199006978986869,-0.570293075333894,0.172279117360155,25.059653115395,-1.07887326332576,-5.08182852789068,0.286264090254897,0.799489091675277,0,0,0.779637672667786,0,0.00835446374323112,-0.36076768480677,0.377476612293232,25.059653115395,0.0455574370201625,-5.9638404114738,0.963860023200526,0.991453602020915,0,0,0.999692526160779,0
"P54577","SYYC_HUMAN","YARS1","Tyrosine--tRNA ligase, cytoplasmic","=""YARS1""",NA,16.5765095067023,15.386813229719,17.5086605980023,16.6789860606987,NA,15.9627125563993,16.7954546138719,15.9912740078308,NA,NA,NA,NA,NA,16.4084261225965,16.6973246544348,NA,17.1283425352572,17.7415508596941,NA,17.1528118077966,16.7928619413979,16.8143826809941,14.9923011580925,15.7409777167224,NA,15.3283855605269,NA,NA,16.8212775872983,NA,15.3207049103811,17.0382449345477,16.6277462722412,17.6810522215687,NA,16.898561542886,NA,NA,NA,16.965018007028,17.6145938249754,16.8011368304886,NA,NA,0.0943269715652235,-0.55619435574709,0.744848298877537,16.5948504516212,0.297498660533271,-5.33951253201908,0.768359430056557,0.948679518362231,0,0,0.97545140552911,0,0.330184818689624,-0.316452437825944,0.976822075205191,16.5948504516212,1.04762786390858,-5.23122146085571,0.304084240431383,0.754001885643784,0,0,0.674982384446919,0
"P54578","UBP14_HUMAN","USP14","Ubiquitin carboxyl-terminal hydrolase 14","=""USP14""",22.3717112938337,22.8883812608257,23.0947838117766,23.1658064959505,22.8724949356883,23.0623067967214,23.0078092531006,22.9553034822377,22.9987310562485,22.6932281036074,22.7056032522362,22.6356179870454,22.32242868071,23.3552268302825,23.0682539456635,22.6516448352884,22.446590475615,22.8827744624887,23.049070228294,23.0142436382091,22.6774345271546,22.9082929322081,22.6556918195584,22.9367052194584,22.9002195003029,22.6230484385193,22.9007911523943,23.6260894028513,22.7965718494367,22.7857789846236,22.9651405324756,22.9666010293525,22.7730691647373,23.2085964686805,22.9350233216617,22.8637581339586,22.8542248667538,23.0156808907191,22.9888749844963,22.9270913841988,23.0482617994647,23.2065622898112,23.0503750404545,22.8039463787576,23.4160123568347,-0.020181488042013,-0.207657009038903,0.167294032954877,22.9127967398819,-0.21668029873916,-5.56681444364647,0.829414769583877,0.951343256582596,0,0,0.996232471932532,0,0.144551411730284,-0.0418314552603062,0.330934278720873,22.9127967398819,1.56108718831513,-4.83199689451107,0.125351356201258,0.606611027331086,0,0,0.740684538647535,0
"P54619","AAKG1_HUMAN","PRKAG1","5'-AMP-activated protein kinase subunit gamma-1","=""PRKAG1""",21.3763486613453,20.9540311160032,20.8212291368571,22.4580644137733,21.1114490665604,21.817818938764,20.8326242066821,21.1151132842638,20.7611488134286,20.8760075858088,21.527800541829,21.1890969120231,21.0575423252134,21.2446257249638,20.9698341091023,21.0705906357672,21.576563931076,21.1441816289955,21.5098450579152,21.3516349733592,21.1248539959534,20.9988849107437,20.573162344715,21.4045781010025,21.2574319562395,21.5575896070763,21.0316084081955,21.7376044904546,21.4176158532054,20.9435578042044,21.2847257383917,20.625699675477,20.8373707295908,20.9544220505047,22.2389023992483,21.0948706467494,20.9419534727062,21.4414331805453,20.6983926937494,20.9300968287588,20.9315596363102,20.5453477336428,20.816293109272,20.996735722759,20.7914846353143,0.0376889369140372,-0.233408711316436,0.30878658514451,21.1542605953009,0.279833012217609,-5.55301839661151,0.780859021727558,0.948679518362231,0,0,0.990720562060326,0,-0.238027696392233,-0.507545320042098,0.0314899272576309,21.1542605953009,-1.77766996480853,-4.50751994613707,0.0820634175993092,0.523449990728398,-1,0,0.551489858588084,0
"P54646","AAPK2_HUMAN","PRKAA2","5'-AMP-activated protein kinase catalytic subunit alpha-2","=""PRKAA2""",20.0282889459584,19.7253424028262,19.0686179857396,20.1684001920838,19.6725873048578,19.8745126305409,19.6844838878515,19.8046419070779,19.684252931579,19.2409864012842,19.9936995646941,20.0831516391161,20.4588610092227,19.8913504544307,20.024065978744,19.8027974199969,20.2654524924144,19.8152535746979,20.2403826781814,19.5535167828862,19.7921682420752,19.4487148265965,20.3244915525172,20.0013193395102,19.8468966384443,19.5983324514501,19.6464962559439,20.8122201723075,19.6770251281158,19.9066063899812,19.7621140974451,19.3306970501548,19.4671720299602,19.8736259848617,19.8533011489911,19.9539262836367,19.9825274790745,19.7648225500584,19.6345829471635,19.5299729874357,19.6927968359901,19.4925864258937,19.9459611813663,19.8508207732125,19.3545113797787,0.0886995783903757,-0.128615115756412,0.306014272537163,19.8138741408033,0.821567540927065,-5.29251357928467,0.415557254800698,0.872297158372813,0,0,0.925065999370434,0,-0.216150319339711,-0.432198449350953,-0.000102189328468921,19.8138741408033,-2.01379927318694,-4.1127818136175,0.0498961663270174,0.424453038216825,-1,0,0.523102511231733,0
"P54652","HSP72_HUMAN","HSPA2","Heat shock-related 70 kDa protein 2","=""HSPA2""",24.579923735993,24.3320194268744,25.3693793715154,24.9233422936548,24.7235034529515,25.3986821690378,24.4563503204833,25.1478217226762,25.010867113656,24.0568189708507,23.8285012200576,24.2417472853844,23.9123127846043,25.0681846579315,24.3855912825398,24.7362588812636,24.0062571062002,25.2665553661737,24.7988652646817,24.0276626319295,25.0480586535761,24.3579820354957,24.8347645454701,24.6482126305251,23.753955826778,23.6252065073965,23.168755137882,23.4973511439248,24.9742111061438,24.4659261266129,24.8791892371535,23.3057718669277,24.9551002861631,24.7560694854987,24.5167493873515,24.751073392973,23.9098831884417,24.6481613760938,24.6823103546171,23.6335884338475,23.4199433795537,23.1375134669037,24.0866095331513,24.8871758579536,24.2228209142584,-0.280326935326038,-0.626110000660291,0.065456130008216,24.4097117540701,-1.63181875049308,-4.45123422488211,0.109539829737297,0.679806474125127,0,0,0.537980060478901,0,-0.0945375202110199,-0.438305275761686,0.249230235339646,24.4097117540701,-0.553541106488006,-5.81893023411425,0.582571281354777,0.869847439875183,0,0,0.950203625468161,0
"P54707","AT12A_HUMAN","ATP12A","Potassium-transporting ATPase alpha chain 2","=""ATP12A""",16.4968755950167,17.9744665361108,NA,19.121783437723,16.8014263174642,17.3113300428082,18.0175065738032,16.596657835596,16.7605854055764,17.1142492664977,18.4820588912498,17.7733663484053,NA,18.0157999287271,17.9277759179985,18.1924649688307,17.6340638510302,17.5267918569032,17.9293056487125,18.2783639648198,14.9949827144232,15.9991407604347,16.0547090299603,17.2214145285087,18.1085390325647,17.3937047265386,17.9150616585721,17.6906025942509,16.3714236631242,17.9163327354735,18.0691636180981,17.1903378873402,17.1806502698838,15.8115938248587,18.383761293306,16.0708066300004,17.1470890197594,17.3664999284484,NA,17.4914421391506,NA,16.9465190844006,16.9955284255439,17.6902378664259,17.1083814936127,-0.270044225116141,-0.845544188686121,0.305455738453839,17.3432389100476,-0.94692544375102,-5.16989330203394,0.349088059785199,0.831991492349562,0,0,0.752613899516963,0,-0.0902487179142994,-0.662382887981796,0.481885452153197,17.3432389100476,-0.318323973258252,-5.88363315319614,0.751815198117986,0.932548715587236,0,0,0.974583794686664,0
"P54725","RD23A_HUMAN","RAD23A","UV excision repair protein RAD23 homolog A","=""RAD23A""",22.628273259322,21.252664131043,21.7476253047948,22.3069521312192,22.2617400414401,22.5388581801311,20.8221180580281,21.9991102073213,20.9859157170902,21.8396495960532,21.0964045591769,22.3424289817338,22.1158540242593,21.7551907169422,21.9654733060055,21.8865555666637,22.2014813793167,21.3481791877078,21.8635572407034,21.6256243367562,22.115954894193,21.6716655685232,21.7058392908594,21.1798709005242,21.9128346135361,21.1121618519428,21.2470291092848,21.3539776333428,22.0094337857157,21.917069866233,21.5023408103012,21.1442716088371,21.5977805008725,21.6783728684187,22.5047812499659,22.1214064316929,21.3733793278378,21.7350299523928,21.4724502143198,21.4649161467998,21.4182252968563,21.4944507449539,21.555775963536,21.3796515667761,22.3216094357783,-0.177209983350721,-0.467970390520076,0.113550423818633,21.723865234649,-1.22677163653996,-4.93637435687686,0.226145116715624,0.753445779529677,0,0,0.768406392157238,0,-0.0257862070642467,-0.314851990199073,0.26327957607058,21.723865234649,-0.179556689065287,-5.94943158727611,0.85828852085988,0.96254478959715,0,0,0.996067235334235,0
"P54727","RD23B_HUMAN","RAD23B","UV excision repair protein RAD23 homolog B","=""RAD23B""",21.9402758076085,21.2720650671651,21.0373138675781,21.8057132623279,21.401328730272,21.9077440795046,20.7552540637437,21.6157143873931,20.8079587177079,21.2000960457216,20.9556823436072,21.6124475603985,21.6818629426114,21.5810825636907,21.3386851472907,21.5040614111014,21.6310225549377,21.2609205250821,21.8626042445804,20.7757307005225,21.6774075026801,21.4442236930827,21.9089899763594,21.2221923312739,21.434555729592,21.076803649159,21.0717544173487,21.3443948993962,21.4713310754705,21.4865238467247,21.5653200498928,21.447297275344,21.4622342593259,21.6012690189962,21.9777607355981,21.6619982237971,20.8798825665483,21.5662954852077,21.1629263600289,20.7524891628888,20.7919546434171,21.005570474575,21.0831885750646,20.9856412614534,21.1967573400224,0.0129826882208448,-0.223032459993407,0.248997836435097,21.3605850350243,0.110722417435224,-5.58209014975697,0.91231772703289,0.96897416788358,0,0,0.998809327522298,0,-0.135462075010057,-0.37010166818719,0.0991775181670758,21.3605850350243,-1.16205648003304,-5.32943016649456,0.251201144781425,0.729789526030434,0,0,0.829326767365688,0
"P54819","KAD2_HUMAN","AK2","Adenylate kinase 2, mitochondrial","=""AK2""",23.6396258007341,23.1551807826527,23.1800632870429,22.5702065724295,23.0759699631915,22.9316123305641,22.9652928107586,23.0517271283738,23.2651050121765,23.4736432410014,23.5345885435157,22.8041742786655,23.2292504138246,22.8645327005277,23.613262419758,23.2351023043373,23.7039439467417,23.3234755326904,23.0485751652406,23.614108343347,23.2408562170221,23.1605548347078,22.8594264652289,23.3328240859057,23.4624771152698,23.4285587673009,23.0917178303783,23.631903904273,23.10708397863,23.5700048440896,22.9571123368692,23.3360559836136,23.1763119299769,22.8895299665275,23.1461310870223,23.0439792955512,23.4812030519042,23.0132165662644,23.442381005472,23.4456881753037,23.5875143304185,23.2761940439905,23.4064544563223,23.134873442155,23.2800272152436,0.160446272546963,-0.0197199533474819,0.340612498441408,23.2395893668226,1.79253259273684,-4.22524728732502,0.0796194754034546,0.632228637420987,1,0,0.666304344452409,0,-0.0795960299019036,-0.258712202181473,0.0995201423776656,23.2395893668226,-0.894473372581436,-5.58600503809427,0.375720994719671,0.795820049946075,0,0,0.925040992747904,0
"P54920","SNAA_HUMAN","NAPA","Alpha-soluble NSF attachment protein","=""NAPA""",23.9921562180952,23.4812792431155,23.5613764425952,24.0153220782278,23.3230925561011,23.8435238899909,23.4456661008649,23.6732933539102,23.7512181323836,23.4731463839531,23.340061431466,23.8663879690895,24.3233046592657,23.7847254691213,23.6894372730927,23.4368638788205,23.4669263857659,23.6695763176581,23.3016267445393,23.3650236071518,23.7591705052199,23.4553620326563,23.4005453947537,23.5880148330469,23.4469954447628,23.4052136327451,23.9742668439544,24.0917058267347,23.912672259493,23.5839329422469,23.6577693955578,23.9700240241485,23.5383691128506,23.2668001109722,24.3564240755783,23.7195894835844,23.2046485342599,23.5697064268559,23.7628732735148,23.3878372351589,23.4890667357865,24.0305006465996,23.7284754866479,23.5470465622314,23.8974687688103,-0.110575803766995,-0.307387338356522,0.0862357308225318,23.6566330605195,-1.13089000882474,-5.03266526611607,0.263957990259201,0.788132833907788,0,0,0.863049582896113,0,0.0845802148671915,-0.111084253104722,0.280244682839105,23.6566330605195,0.87009691267989,-5.60619559777067,0.388761360378562,0.801609022432753,0,0,0.923198962731439,0
"P54922","ADPRH_HUMAN","ADPRH","[Protein ADP-ribosylarginine] hydrolase","=""ADPRH""",NA,20.0312458900682,16.9840695505256,21.3213529638503,19.1864594726795,20.9099904657818,19.8960106035311,19.761590167692,20.3801889572101,19.8726776086787,20.5038562149337,21.1729956706757,20.4941785376865,19.5674335488177,19.8599031412843,18.0672941759237,20.3228975456223,20.3686768102057,21.0194918716755,20.0071816892765,18.9692000297077,19.602392368356,21.0623851885705,20.8058134176677,20.0729515474569,19.5321542696556,19.8757055950758,20.6702139142538,20.3102146699698,20.0213414095462,18.0348415070309,NA,19.7119212307941,20.7496276938503,20.4292806762662,19.9834576074346,19.7722433987663,19.5500039402307,20.8289505298531,19.8251295012205,20.2103355677038,20.1325211541794,19.9444938070821,19.4831881001584,20.4232805562794,0.101560016035847,-0.455519363422119,0.658639395493814,19.9937009899356,0.367407925886253,-5.51400626213077,0.71507447831132,0.947417763940137,0,0,0.96651347537776,0,-0.108901240725739,-0.662727453100737,0.444924971649258,19.9937009899356,-0.396280008938358,-5.87448426137927,0.693812014585047,0.915228679438145,0,0,0.960972670588387,0
"P55010","IF5_HUMAN","EIF5","Eukaryotic translation initiation factor 5","=""EIF5""",22.2101196779878,21.2747748595044,21.6943776583631,23.1169997406055,21.9589480660674,21.8716060439822,21.7008383696924,21.6356080700177,21.6506204600426,21.4818281779403,22.5851715891997,21.6030036639555,22.5522970001086,22.5240090197727,22.1039868729842,21.4705983242364,21.7297727755874,21.919526514052,21.5720947195766,21.7554872571217,21.5465003648698,21.6095822098594,20.7659680649642,22.2482029683104,22.2130614998236,22.4092170421173,22.162599997393,22.1808296786065,21.6900195119468,21.4878636211456,21.3217879382671,21.1360390126887,21.7840628728259,22.053028004244,22.4021475268094,21.2684967645236,21.5712247441888,22.3496775614101,21.2651406451818,21.6082920129465,21.1311981964636,21.3969511116444,21.4856967159803,22.1752365913269,21.5055247557658,-0.214830076871895,-0.52845238109019,0.0987922273464001,21.8040004060912,-1.37879262732982,-4.7689049799411,0.174621078493133,0.727577717533431,0,0,0.687352582196742,0,-0.153788006356248,-0.4655824417128,0.158006429000305,21.8040004060912,-0.992807197305514,-5.49911895372299,0.325993233259999,0.770746018696202,0,0,0.841661223008903,0
"P55036","PSMD4_HUMAN","PSMD4","26S proteasome non-ATPase regulatory subunit 4","=""PSMD4""",19.1072568522742,19.6824542553203,19.9623221567472,19.5125162663139,19.2297485615922,19.4452032564954,19.5378882295931,19.3862394886591,19.536443226425,19.9190874521034,19.4659457065678,20.1639506545447,19.2840870394448,19.4127450140468,19.0068475253804,19.3831293893302,19.6568720974355,19.7848982263394,19.638650572908,19.2563748681171,19.2911351803509,19.122078985433,19.1970643087766,19.3268735788012,19.4960361534847,19.4316055102303,19.3973403970364,20.1723533076094,19.3930693772164,19.2292625708533,19.3641790768032,19.2025639982324,19.6604941514737,18.6443558834004,19.1562592164461,19.0152969350565,19.5285904238434,19.125299372212,19.5896492970849,19.5824138222585,19.5825796354094,19.6227039810454,19.0454153046025,19.2014112348331,19.219128223078,-0.0569337058571868,-0.263184866331259,0.149317454616886,19.4215515725602,-0.555627666372229,-5.45196664413955,0.581155479317654,0.911046855724377,0,0,0.969572500314326,0,-0.149093597876181,-0.354142675243096,0.0559554794907333,19.4215515725602,-1.46356490038634,-4.96584331945232,0.150107168207494,0.640249130251886,0,0,0.753714250019175,0
"P55042","RAD_HUMAN","RRAD","GTP-binding protein RAD","=""RRAD""",NA,18.9371467324524,NA,19.0558565981774,19.7815846957528,19.9439965107129,19.2681287389048,18.4014381807265,19.7970507905231,19.5905933779329,NA,19.7186288709607,18.9251356028524,17.0288487066497,18.5013583433983,NA,20.113589118462,19.1742773465502,18.9779492957162,18.1915862917324,NA,19.4683069564704,19.1709234611047,19.8461273943771,18.6638667223041,18.8828514831447,21.0576423540056,17.9518607862549,19.2741863711542,19.0580784649819,21.0679673875555,22.4352534531586,19.2623638292182,22.2254858975629,21.9731074262792,NA,19.2628301445321,19.3813545378563,19.7594104851031,19.2822414857661,18.807767585547,22.5562531056067,21.9340270345028,21.907935866331,20.0606401663184,0.221716220001152,-0.543555802302554,0.986988242304859,19.7101961948882,0.585531529763496,-5.36529439476576,0.561476207555381,0.905137078267613,0,0,0.879878480605941,0,1.48434723889111,0.750946047613438,2.21774843016878,19.7101961948882,4.09036962131326,0.646779149680703,0.000202087040858814,0.0547655880727385,1,1,3.2819821958292e-06,1
"P55060","XPO2_HUMAN","CSE1L","Exportin-2","=""CSE1L""",21.3518136533176,20.399965287657,20.5160271432747,20.8241467464803,20.834606794912,21.0365592401872,20.2830824749466,20.4955884598742,20.476366695394,20.5274917897091,20.9440219570392,20.6354719003149,19.8626375547227,21.2226236848461,20.8840963075644,20.5643788655992,20.5249171206373,20.3291237731157,20.6267121341719,20.7258893365784,20.7030133996903,20.5445372398382,20.4480769668424,20.4673008122741,20.8528511016157,20.7009859356759,20.4808792473892,20.1791832732962,20.630596840977,20.3592718092094,20.5584388405917,20.3607411463403,20.357127463117,20.9745957921936,21.1825746512168,20.4885263798055,20.4060317824367,20.7473063659451,20.3731533992004,20.822391868013,20.4332526544672,20.3682143052431,20.3165777583491,20.718059588161,20.7962179789606,-0.146970301057923,-0.344475141689132,0.0505345395732861,20.6074539449154,-1.49783043022678,-4.62539728858325,0.141002515321311,0.708378884160682,0,0,0.749827933906329,0,0.0510328078086815,-0.145320925444712,0.247386541062075,20.6074539449154,0.523143833866901,-5.83446536424126,0.603382981006691,0.877101544038078,0,0,0.974547580517343,0
"P55072","TERA_HUMAN","VCP","Transitional endoplasmic reticulum ATPase","=""VCP""",23.0564539849209,22.8502556613418,23.3520952739428,23.4442782017571,22.9668382169359,23.1379067971738,22.9636934028034,22.9960045022603,22.8531460106056,23.3402671671911,22.8468464878128,23.3644325045803,22.9105625480401,22.9307778232661,23.1461276937086,22.8289301613932,23.1231629296539,22.9982460892422,23.0632214602935,22.9104093818159,22.8083832131286,22.797207103463,22.6778714986852,22.9581346609625,23.0449869853221,23.0265696376137,23.6751386241125,22.6608538986595,22.6866452015695,22.9537130352237,23.2181328351039,24.0318508785017,23.0400635965499,23.2904945709801,23.9890975702814,22.8297630089786,22.9159909026052,22.953633805283,22.8276944403955,23.1191880422688,23.0196561857108,23.5813977495229,22.928919688746,22.8954154370954,23.3829471247058,-0.126539833145038,-0.330061644263809,0.0769819779737322,23.0754979109824,-1.25148920737345,-4.91037146779732,0.217077520377422,0.752472233109963,0,0,0.824243164262149,0,0.254051463706023,0.051715828366927,0.45638709904512,23.0754979109824,2.52731941667466,-3.11904282106603,0.0149910394876731,0.311404007399425,1,0,0.34400708372368,0
"P55083","MFAP4_HUMAN","MFAP4","Microfibril-associated glycoprotein 4","=""MFAP4""",20.8470631546207,21.7419081558485,21.21331441969,20.6371075044431,22.1623953067491,20.8801840343704,21.5034640749167,21.2667619185068,21.5370160555452,NA,NA,19.7423489774927,NA,NA,NA,20.4866527879624,NA,20.9009175578651,20.6694005170363,21.1787879840831,22.4806636238983,22.4313805988742,19.032070331148,19.6965276321552,20.6736199837916,NA,20.9702501394395,21.9030011509042,19.8695756175998,NA,21.6596694581231,NA,21.1982418025673,NA,21.1605047769092,20.8513382625614,20.116102041596,20.6261553046568,19.9386055718265,20.4797577850092,19.5892646874216,NA,19.7342456193099,NA,NA,-0.27851069534162,-0.932002183666085,0.374980792982846,20.8493217761538,-0.867046564709448,-5.14282011442444,0.392169858844099,0.866140483702139,0,0,0.770509894486189,0,-0.354825701500523,-1.00445320068508,0.294801797684033,20.8493217761538,-1.11119722727532,-5.25160013054487,0.2745042964625,0.747796548567826,0,0,0.632095657852219,0
"P55084","ECHB_HUMAN","HADHB","Trifunctional enzyme subunit beta, mitochondrial","=""HADHB""",26.0589746318621,25.7186524208,25.7842639496998,25.4232983304732,26.0169256468679,26.033776935649,25.6855977572643,26.0520923229071,25.8424645066435,25.9477077567498,25.8953148050684,26.1803282672254,26.3463164323317,25.9728672547734,25.9780178910557,25.9427584380053,26.1064700658621,25.703128657347,25.6856447568854,25.8977678942003,25.8640023324732,26.0675432706011,26.2707595380083,25.8427751722629,26.051006035467,25.9117203951808,25.889576847681,25.6554789757338,26.1583200454849,25.8257711576757,25.6807544381968,26.0562480137113,25.6354085073465,25.3691768201534,25.9970105620224,25.8927866827112,25.8376876835524,26.0361493746421,25.6886422043233,25.9710191678692,25.9437572518746,25.7118137439338,26.0306315308574,26.1171119622797,25.7149966504163,-0.00882268617085913,-0.161006568997619,0.143361196655901,25.8998337130251,-0.116692509827519,-5.58149206258319,0.907611267836389,0.968065142292613,0,0,0.999145102277898,0,-0.079301932598554,-0.230598849871727,0.0719949846746192,25.8998337130251,-1.05502925402048,-5.43967480213914,0.296917015200582,0.754001885643784,0,0,0.90819465818831,0
"P55209","NP1L1_HUMAN","NAP1L1","Nucleosome assembly protein 1-like 1","=""NAP1L1""",NA,20.0219596644699,20.2603733383437,19.256361057062,19.6135880773366,19.3293606146941,19.9885316578761,19.6877359041905,20.170211818014,19.9543471660725,20.0003147575599,20.0857991424748,19.1445067649576,19.5937992075069,19.721515727656,NA,NA,20.323316721801,20.0525608343456,20.7698831332042,20.135278646855,19.6318642150202,19.6706236332925,19.9603768935732,19.2034811888901,19.3737303398035,20.6306978528475,20.4965829461421,19.8691612426728,20.101193452766,20.1452768303813,20.9028573977063,20.3491486276246,20.6593084386799,21.5191107381923,19.7222494267952,20.3529372015331,19.2706894805271,19.9012456355491,20.2462069873752,19.8998034097481,20.7002271082817,19.864401994157,19.9009974458966,20.6842714140598,0.260781551609018,-0.067983329966877,0.589546433184913,20.0277592413318,1.59962835896555,-4.46744234598701,0.116996902612122,0.679806474125127,0,0,0.57147477445622,0,0.248523790512408,-0.073256822903689,0.570304403928505,20.0277592413318,1.557527573575,-4.8097145604638,0.126668698724583,0.609874420001356,0,0,0.598400538033174,0
"P55263","ADK_HUMAN","ADK","Adenosine kinase","=""ADK""",NA,NA,20.5413007150374,18.6838081393609,18.665834263732,18.5547111320858,19.0308905505426,19.2930725756741,19.5631385909241,20.2296296760486,19.4198306790391,19.2720494330682,NA,19.4266259729108,19.841797891523,19.3831924406282,19.6151715816708,19.8668139666481,19.6762603149153,19.321137507138,19.5281469158662,19.6728950954364,19.2510871450124,19.3468796546867,19.6469249520461,19.5721071687577,19.9356423791065,18.8785658571769,19.750176928747,20.1048704661625,19.6056580635814,19.7365240219981,19.7281772541002,20.04494742334,17.796869890857,19.5641588562846,19.5130032692981,19.2332666804245,20.0847492333235,19.7757550530165,19.462655320216,19.6095846360996,19.9410969803739,19.0467689922247,20.1135982850443,0.190109039438024,-0.15768816759994,0.537906246475988,19.5078422846221,1.10231147302101,-5.02006109065418,0.276452076803817,0.794236235660287,0,0,0.783153489477738,0,-0.0195372275877652,-0.346350278994733,0.307275823819202,19.5078422846221,-0.120556656251831,-5.95786066114729,0.904603233416063,0.977865538778253,0,0,0.998043137235553,0
"P55290","CAD13_HUMAN","CDH13","Cadherin-13","=""CDH13""",20.4871470488972,21.5083019727028,21.2742588538821,20.5150503625949,21.8039527340937,22.1297774444967,21.228482307375,21.5567421331819,21.7062576020825,21.8989697196425,20.8483512826777,21.3366563110668,20.6407282000191,21.4907928305449,20.1670220051115,21.8386929624857,20.1303585877512,21.2586936394032,21.4744695844894,20.8983022832212,22.1734942338685,21.5973222246194,21.4396770175747,21.1826425760565,21.3625829470908,20.8499357026827,21.2229117009021,21.1066208059127,22.1101085110251,21.1330284184022,21.8246591525112,20.5964979105828,21.1160245189705,21.081922679062,20.516221188436,21.8783414186628,21.0995032929978,21.3577266933391,21.4363366933241,21.5038741264934,20.6320956666696,21.0813152483964,21.037359150851,21.9641579758969,20.5930616467141,0.0768416214139265,-0.258233570360019,0.411916813187872,21.2464539859281,0.461599208357187,-5.49384489092348,0.646542360824772,0.937693137615552,0,0,0.967043399898853,0,-0.137316255505205,-0.470438545648277,0.195806034637868,21.2464539859281,-0.829715242535411,-5.63845647463498,0.410981268552632,0.811669521254881,0,0,0.885057500645246,0
"P55786","PSA_HUMAN","NPEPPS","Puromycin-sensitive aminopeptidase","=""NPEPPS""",24.5755084488419,24.3220006378343,24.6835771322002,24.6045493054836,24.8409246926943,24.8274906109037,24.2350061735067,24.5450823753138,24.5327972377018,24.3772747184874,24.1963102222015,24.8125929140318,24.4871465294302,24.7183457030585,24.506145537667,24.4817733282281,24.5956759836925,24.4639398568467,24.39347556629,24.503682271186,24.4429486217545,24.5176684139565,24.5219344950897,24.452509243855,24.2965823770162,24.0657384199697,24.3101386180769,23.7702839053881,24.4669883563133,24.4745888698295,24.2574785286929,24.3225906533283,24.3834185031928,24.2623703010983,24.9110356299563,24.323435976689,24.5861124745283,24.4291983442114,24.4529049211609,24.2344872970788,24.0906617546874,24.2453652969668,24.4308560372268,24.2496905913373,24.4770612247831,-0.174839915874205,-0.328753502259061,-0.0209263294893498,24.4373188467064,-2.28651703272605,-3.42187885746426,0.0268717080764518,0.488872265797768,-1,0,0.531346859007278,0,-0.00675071950360007,-0.159767259191942,0.146265820184742,24.4373188467064,-0.0888019487628153,-5.96106425032417,0.929624465998629,0.982997554068785,0,0,0.999507490440099,0
"P55809","SCOT1_HUMAN","OXCT1","Succinyl-CoA:3-ketoacid coenzyme A transferase 1, mitochondrial","=""OXCT1""",15.1938180384432,15.9197568375356,NA,15.2535589460977,15.5111746234062,NA,16.3450406308408,NA,16.1104027339588,NA,NA,16.0957401060842,NA,15.4381603802848,15.0340231121655,15.7207971853703,NA,NA,16.1376763593584,NA,14.7856041830133,16.6035027983175,14.4985248208335,15.3846809250109,15.1240544947272,NA,NA,14.6665604785166,NA,16.4437453723723,16.695262658213,17.0233192026395,15.3372266871944,NA,16.86581123002,NA,NA,NA,NA,NA,NA,NA,NA,NA,14.7521865678147,-0.0743686274420963,-0.70633198117792,0.557594726293728,15.6930707987921,-0.242854978776517,-5.35525470900773,0.810177794737925,0.948679518362231,0,0,0.984467186304563,0,0.598370826143659,-0.145030279715079,1.3417719320024,15.6930707987921,1.66110218201747,-4.42241612007223,0.109680517744417,0.582172853494171,0,0,0.266465808816756,0
"P55822","SH3BG_HUMAN","SH3BGR","SH3 domain-binding glutamic acid-rich protein","=""SH3BGR""",23.7183649468179,23.0480960064648,22.8200740805386,22.6906111879392,23.3627861775856,23.9912886267593,23.9210714188859,23.177329118723,23.6066877868614,23.2354639922331,23.0420728981181,23.7253298462981,23.5100193960017,23.707089786349,22.6616517023465,22.7652538719838,21.6290662337038,23.4730403634806,23.2733417577066,22.9694958342076,23.3661299641975,23.0063802124063,23.2840331862505,23.4017320330364,22.9263379261085,23.0326231728897,22.8107535923434,23.8092214629711,23.0200453205595,22.7517143307124,23.1193583305515,23.0584502761284,23.0338590635812,23.289356335865,23.1153232626594,23.3589078849392,23.6440100113322,23.3807621486644,22.985998833574,22.8535351736136,23.1540589879246,23.0647175322328,23.8458780559022,23.3234144543852,22.5914660050383,-0.31047971159153,-0.586099067763071,-0.0348603554199883,23.1901378353527,-2.26743226553916,-3.45577624708444,0.0281028155951054,0.488872265797768,-1,0,0.329889350411243,0,0.153328472922286,-0.120684505029137,0.42734145087371,23.1901378353527,1.12632179402148,-5.36735612502466,0.265865945175315,0.743875660763381,0,0,0.8161771129438,0
"P55884","EIF3B_HUMAN","EIF3B","Eukaryotic translation initiation factor 3 subunit B","=""EIF3B""",18.4390700161697,17.6932140735862,17.4527744997096,17.5615561055942,NA,NA,18.2901467961284,19.2075798758911,18.5516774755328,18.9530939724548,18.710539495268,18.5152181354825,17.9949547023914,18.3769411006806,17.5381552654695,18.8042784862223,18.189037560213,18.7042177431425,18.7427537145103,18.2408718675603,18.6467212923257,18.0127794166341,18.8569136289405,18.7072904758908,18.4570830962076,18.5898570554688,18.622352710169,18.968524485315,18.1513674867041,18.0019487962015,19.3561341191871,19.690688091779,19.3031353354084,18.0181992975151,18.194059792288,18.7477246901306,NA,18.7948459431183,18.9858411248238,17.9633427069159,18.6011739721185,18.5325122655306,18.8480090292385,NA,NA,0.276243854788035,-0.0611606056430786,0.613648315219149,18.5004146424479,1.65341279204261,-4.40491065710918,0.105877225088541,0.679806474125127,0,0,0.537783777463378,0,0.213277269949248,-0.129293201809391,0.555847741707888,18.5004146424479,1.25728615858521,-5.17560087058214,0.215757931846632,0.704875885604619,0,0,0.721024880312727,0
"P56134","ATPK_HUMAN","ATP5MF","ATP synthase subunit f, mitochondrial","=""ATP5MF""",26.8517071979712,25.7777799786823,26.5981368191985,26.2994412660211,26.9141637752708,26.243365514274,25.8906733979304,26.0386560778192,25.5647870263695,26.4175093475274,25.9422525312841,25.4150428739589,26.1315188004908,25.4979733030508,26.7715581322121,26.4084849400251,25.8296566402501,25.9985482018665,25.9823064177455,26.00521512348,26.6380035094823,27.0201264565428,24.8938146277864,25.9496516703292,26.4209810554364,26.2605454442599,25.7486869614252,23.4565012339323,25.7124207874894,26.5884720502922,26.032471902703,25.585791403292,26.5653761087114,26.3676051521992,26.5448219452505,26.5529744625008,26.295839804175,25.7680988579871,26.1084925733206,25.8180217447335,26.469148520666,26.0870208871884,25.6625844834836,25.9959191016225,26.089825125504,-0.246291083236404,-0.627913770267462,0.135331603794654,26.0713771830165,-1.29904834421373,-4.85899260318188,0.200395429339287,0.735164347255353,0,0,0.673071486712228,0,0.202038463532936,-0.177360031477413,0.581436958543286,26.0713771830165,1.07188764044133,-5.4229779798883,0.289357119282811,0.752565436019539,0,0,0.778375195169567,0
"P56181","NDUV3_HUMAN","NDUFV3","NADH dehydrogenase [ubiquinone] flavoprotein 3, mitochondrial","=""NDUFV3""",18.1753767583763,19.5198294386676,NA,17.9379360494768,18.4559329953245,18.5348213596711,19.328671889475,17.9733303670519,18.2615319386697,18.3493278709175,19.0380701102055,18.1834399198811,19.3426194044635,18.5984296572371,18.6843811220781,18.6935045730159,19.1755211164886,17.1237971263873,17.637430821879,18.5462475515428,18.2033520755648,18.2980215928345,19.8705383312658,18.606404815951,18.6176733263694,18.8172831042044,16.6250930961546,19.5994854938857,18.6747726353505,18.3881833261389,17.9057286992276,17.9284591058169,17.1576990238613,18.7950089088531,17.3786617394778,19.3483201997397,19.6309841420081,19.0503860751095,18.726332009047,18.7613843975689,19.2523713066648,17.9430923261057,18.0191357839742,17.5753311685328,18.2631808717621,-0.113898040727516,-0.592541195415748,0.364745113960715,18.4772064460518,-0.479264483203673,-5.47267190033716,0.634069335878873,0.934833173270874,0,0,0.949431777761741,0,-0.0760822152855845,-0.54408800394601,0.391923573374841,18.4772064460518,-0.327418164447217,-5.91364061733092,0.744868608611764,0.932151400981828,0,0,0.977839413040034,0
"P56211","ARP19_HUMAN","ARPP19","cAMP-regulated phosphoprotein 19","=""ARPP19""",19.5610554158438,17.5476720993944,18.4553372976615,19.8188466805879,19.6551871916707,19.9816514489651,17.9442036653275,19.4127948473376,18.9532976082126,18.8670126917045,17.7340932679085,20.0886886157583,19.1726490211512,NA,19.217630894158,18.7112259806805,19.0169649829967,17.7181729023972,18.8334432986736,18.0081901354331,18.818566269867,18.5447881524694,18.6485688027789,18.2494406622284,19.0674555010613,18.320940546128,19.0224163131278,NA,18.3640210381589,19.6616220503115,19.1562207610933,18.9644335168335,18.9350342541109,18.9813670104811,19.5135101039907,18.8782460985373,18.9920618481839,18.4191424265026,18.5741526613335,18.7723478623524,18.9834337201484,19.081508414579,19.2565018913924,18.0427405154249,18.6693475977717,-0.383737076234688,-0.787011554036569,0.0195374015671931,18.8515345596449,-1.91767880379864,-4.02503207378235,0.0616512106021605,0.596381098478042,-1,0,0.343285714410418,0,0.234298233940184,-0.160261093794106,0.628857561674473,18.8515345596449,1.19673927293569,-5.27735194788264,0.237810797565945,0.718496199174375,0,0,0.714253140047335,0
"P56381","ATP5E_HUMAN","ATP5F1E","ATP synthase subunit epsilon, mitochondrial","=""ATP5F1E""",22.489105968863,21.633645713705,19.167459578517,20.7278976953611,19.5828301524054,21.5929222345451,22.0925439602651,21.7258435427729,21.47596350076,21.5578846711573,21.5962619808437,22.2619586844042,21.7508852528265,21.226219922144,22.6599976810892,21.4128012163785,22.2172433776934,21.1996717078343,21.91227969987,21.2711514920822,21.5913656746435,21.1009844677681,22.9431182435051,21.764287323521,21.6781952736394,20.9347229997447,19.5637672348917,21.5703968313088,21.7783389329687,21.7723176554254,20.4121521183158,NA,21.2567916289969,20.8621090904029,19.9952825004176,21.4501774890793,21.7155157075103,21.1751389597882,21.6956195966425,21.4515338578138,21.1471298044926,21.9603195678587,21.4735658706009,20.9876017591191,21.175497477643,0.0853502402076565,-0.421376144098535,0.592076624513848,21.3866022295367,0.339236110145078,-5.53682803078797,0.73600853024099,0.947417763940137,0,0,0.974178227609848,0,-0.306332285050829,-0.818546586971599,0.205882016869942,21.3866022295367,-1.20451417355936,-5.26883004909914,0.23468226453736,0.714839559457683,0,0,0.641442575531171,0
"P56385","ATP5I_HUMAN","ATP5ME","ATP synthase subunit e, mitochondrial","=""ATP5ME""",24.5139539585964,24.2372584217043,24.2358153333872,24.4864494114184,24.7275470630529,24.5246074233782,24.025568988658,24.0088176983266,24.0343578442201,24.915276484604,24.4051450292326,24.4351357926415,24.2406812447342,24.348308156593,24.759368558612,24.6534938264722,25.0923837183916,24.562513265971,24.2583543177732,24.249918963338,24.200479122458,24.6175455668598,23.9814072887007,24.0516793430415,24.599692603008,24.6038914660751,24.1836881084882,24.0129440006602,24.4947283462892,24.7171066815904,24.2739386663599,24.0778296280727,24.3780680700211,23.7237851841213,23.9936482505579,24.6057516610703,24.6410795966465,24.0368315720729,24.3948731642115,24.5209049311896,24.549112964883,23.9801427476977,24.2524178468934,24.3150904039088,24.2349250476978,0.0145735920068262,-0.185838124307062,0.214985308320714,24.3590337280818,0.146370753905501,-5.57805320868189,0.884267732448035,0.962924583781994,0,0,0.99820912080034,0,-0.153428458914188,-0.352672125855148,0.0458152080267713,24.3590337280818,-1.55000181525343,-4.84760107304551,0.12798841341313,0.61311621273916,0,0,0.729481982303449,0
"P56537","IF6_HUMAN","EIF6","Eukaryotic translation initiation factor 6","=""EIF6""",19.1772705706947,NA,NA,18.5871177065099,17.7015753692021,18.4721160685209,18.0509644404463,18.1102791054345,18.5396206426244,NA,18.2452424163802,19.4399124824852,17.8681055805287,18.4063694626197,18.5104220898868,18.0029709142816,18.1389228847933,18.4395022762112,18.5710670977984,18.5663018418427,18.133177383838,NA,18.9419943592854,18.2406393295807,18.2544226593819,18.0061096701857,18.2395687515321,18.4917899931027,17.9201620928499,18.1786137990419,18.4793372373481,NA,18.3686166464426,NA,18.8398058972531,NA,18.4867295394986,18.4618203234711,NA,18.5013323058184,17.8111499710981,19.2905267080621,NA,NA,18.4870579435108,-0.133259832024486,-0.428134186651235,0.161614522602264,18.3988747303303,-0.91650149491709,-5.16619601467744,0.365496128584205,0.844246153499508,0,0,0.874479902442681,0,0.2190537624992,-0.0988087707180031,0.536916295716404,18.3988747303303,1.39759808355218,-4.93162561254808,0.170778002699703,0.655071957582339,0,0,0.678986792092115,0
"P56556","NDUA6_HUMAN","NDUFA6","NADH dehydrogenase [ubiquinone] 1 alpha subcomplex subunit 6","=""NDUFA6""",22.7452022607741,23.9235725230052,23.7733248361848,21.2266480351009,23.347280742539,23.326172344324,23.9597130215649,23.5751348136694,23.9624121407825,24.165937074371,24.0325297219599,22.6030873357969,22.4591539211573,23.4049149897802,23.5430449100867,23.8688710728235,23.7721343894522,23.7996734293086,23.5714138491635,23.8477041672476,23.9436173266212,23.3757921255988,24.1810330503408,24.2264118456086,23.6551194776515,24.2810893443629,23.5584238387445,21.6813971472909,23.7654176118853,23.6394640512722,23.740564220059,24.071600184577,23.9628101847416,23.4858667380126,20.0194280178793,24.340217904357,24.1241442800637,24.1678349948696,23.5669010585381,24.0649694782464,24.2100379904575,23.397025444464,23.6735309733653,24.1674877704955,23.6388020846334,0.347358859092768,-0.192366694857829,0.887084413043366,23.5521536160718,1.29543673673048,-4.86295619102293,0.201627352622776,0.735164347255353,0,0,0.573362241969643,0,-0.0357560935074837,-0.572335992571029,0.500823805556061,23.5521536160718,-0.13413016994692,-5.95623691922641,0.89388426068703,0.976784817121714,0,0,0.995996951742127,0
"P57105","SYJ2B_HUMAN","SYNJ2BP","Synaptojanin-2-binding protein","=""SYNJ2BP""",19.6591902746412,20.1019486471914,20.1775259588194,20.0909723018769,20.113174663492,20.137042309159,20.0704508081359,20.2977517197555,20.1177435998487,19.8255575012169,20.0588622135858,19.6526928304992,20.0449583911916,20.3598350493302,20.5562990820233,20.6810285075548,19.6906209220498,19.8171893376393,20.1884361203038,20.0821495628788,20.5053125551126,20.264498921941,20.2672267009659,19.9334926168759,20.2862450728084,20.1173579481604,20.1703989760928,20.2991369283206,20.7139275678353,20.5200824798234,20.3025853445302,20.1166530964536,20.2383555569147,19.7594909899025,19.3829073510907,20.3841842542887,20.3362317296731,20.2933499454794,20.0017463930034,20.0639418056467,20.2458362923779,19.754383178088,20.1830172050253,20.7450818033276,19.6032518340773,0.148465107414616,-0.0603041209122809,0.357234335741512,20.1380472522002,1.4314254050454,-4.70677431570352,0.159061864733997,0.720861261794311,0,0,0.761132770317787,0,-0.141739162565564,-0.349291631859012,0.0658133067278836,20.1380472522002,-1.37458869493135,-5.08112759707326,0.17591280144982,0.660228923186874,0,0,0.78168016482816,0
"P58511","SI11A_HUMAN","SMIM11A","Small integral membrane protein 11A","=""SMIM11A""",21.9042980090884,18.7125355704328,18.8920508555287,21.6523508809088,18.5871328028261,18.9695629346931,18.8313458359108,NA,NA,NA,20.6687052488689,NA,NA,20.2714451127664,20.419650283986,18.3430309219197,NA,17.5058327050894,18.0617078674759,21.2010093925566,NA,18.0673046521999,NA,NA,20.5010005274318,20.6755863504591,20.0554524976803,NA,17.8776717109588,17.8542273501391,17.4656256972736,NA,18.4881686272451,20.6005469908765,21.1310333467249,19.0348391303443,NA,20.422643433319,NA,20.1455140092924,NA,17.3412225596203,NA,NA,19.7441319597908,-0.945072719899333,-2.02242003546772,0.132274595669057,19.4284699057037,-1.79142367513289,-4.16068159536487,0.0833056576747936,0.632228637420987,-1,0,0.0954902238822965,0,0.366478077463743,-0.732791357627813,1.4657475125553,19.4284699057037,0.680820562321708,-5.54453252061032,0.501199423011628,0.834663611429138,0,0,0.776355166738088,0
"P58546","MTPN_HUMAN","MTPN","Myotrophin","=""MTPN""",20.1575321202329,21.6664101603296,22.5798116569401,21.1123534607488,21.8225047253763,22.1214356887397,21.8430436809105,21.9314329310287,21.8666720484104,22.2393070502166,21.8945197305812,22.278153625842,20.8009369295401,21.8218155402456,21.6955738017691,21.4156301962933,21.9129841550881,22.0909329059038,22.0449832836239,21.9092267511172,21.8344265278724,21.6146455189412,21.4909644555693,21.6613786418475,21.9352104535815,21.7715801021172,22.1444906250795,20.3320580620956,21.6435039463811,21.6824538091376,22.0979068231462,22.1083929379658,21.6787008924515,22.5225245335251,20.9548241777215,21.6517441990854,21.8927359988771,21.8947908311457,22.4702445286308,21.7755006912549,22.3229724479946,22.2186044926437,22.0945441124553,21.907357382028,22.5619216506072,-0.0194265061975329,-0.351422875072356,0.312569862677291,21.8104164063354,-0.11778017009422,-5.58137972079553,0.906754177937011,0.968065142292613,0,0,0.998100264727134,0,0.311219750992255,-0.018841660397991,0.6412811623825,21.8104164063354,1.89794318819277,-4.31165127861394,0.0639835104726877,0.47045240064608,1,0,0.425035103933487,0
"P59998","ARPC4_HUMAN","ARPC4","Actin-related protein 2/3 complex subunit 4","=""ARPC4""",19.6372902751649,19.9394903174542,19.2476003599628,19.8527570487103,19.6255071681072,19.6123977084796,19.7931732114782,19.9091311024001,18.7748754030908,19.3320359645197,19.6070498826788,19.7823625286316,19.485763731338,18.3677748049659,19.5544362457661,19.6821148365717,19.8511997820104,19.9023660991495,19.8250373257666,19.2756727026373,20.1743516638686,20.2367080626011,18.3253963525435,19.4049060355866,19.6758578245968,19.9227581297065,21.2278861587578,18.5154341305301,20.1346003431221,19.6421144380881,20.1554428961825,21.0599248497676,19.5532656308271,21.3443251576154,19.8517275715571,19.4107753963311,20.1689977845948,19.7165972297962,20.1969282301686,19.9826848477831,20.4354857875307,21.4094853478841,21.1787319177112,20.4310518192293,20.612126514315,0.218646877549645,-0.176953381486552,0.614247136585842,19.8627911248795,1.11249360273257,-5.05030134924944,0.271701108008347,0.794236235660287,0,0,0.752083141417038,0,0.64740980638382,0.254115204137537,1.0407044086301,19.8627911248795,3.31338649186422,-1.29428954283516,0.00180108793171626,0.143933573669995,1,0,0.0167188496204628,1
"P60033","CD81_HUMAN","CD81","CD81 antigen","=""CD81""",NA,20.1775874194228,19.742157068559,18.4318288877824,19.363002853771,19.6827901996417,20.4424889922388,20.3497931639072,19.3253462512339,19.054704086576,17.9944018319784,19.1777983156927,18.0538564836967,19.5448997779885,18.4144167249581,19.6660013231774,NA,19.4693599618321,19.4183196332064,NA,21.2115166381826,20.4645882745031,19.2803194544046,18.8276831626575,19.6264833038525,19.0308427245002,20.9061830050467,20.1893150625202,20.1141032447263,19.2929665210785,19.9536969177938,18.469366722935,18.8416042059602,18.5587289521147,18.9719758018795,19.4995648293212,18.6166919020993,17.7709076697477,18.908997587167,18.8538684400976,19.2063314086853,19.1194286498131,19.7119750247639,19.6328513418835,17.9547742870602,0.549546830730147,0.0551540208353029,1.04393964062499,19.3172266216299,2.24161080747031,-3.49460830202953,0.0301954401116292,0.488872265797768,1,0,0.146102145670829,0,-0.877977220953017,-1.36201683229371,-0.393937609612323,19.3172266216299,-3.65788455712219,-0.438546613076843,0.000688778698644543,0.0871075460885799,-1,-1,0.0016745804193587,-1
"P60174","TPIS_HUMAN","TPI1","Triosephosphate isomerase","=""TPI1""",29.7322690717171,29.4832868636775,29.9030584187499,30.05231992027,29.6343991470754,29.6644903005295,29.3875490526427,29.4979987934162,29.5161135152826,29.5007114976862,29.6040906928978,29.7710438732314,29.8835000360913,29.5060085726351,30.0683801271477,29.5161349184958,29.3800570681744,29.948471559497,29.8153640117685,29.6015059890167,29.6163721503798,29.6392530115085,29.5065984298237,29.5729246573989,29.7312163855689,29.4433617340051,29.5697458521982,29.7978735788571,29.5214481771372,29.8639283847253,29.3786939862775,29.0264416951727,29.7496810294756,29.8167899889625,29.6277256413596,29.3130177899167,29.7938618302554,29.4939900827835,29.5060643280265,29.5866950530162,29.4558963041611,29.4000193425833,29.5878939297135,29.4511071183505,29.8766051113457,-0.0519385633449083,-0.198292567971538,0.0944154412817218,29.6176435338446,-0.714325464334664,-5.36404685859887,0.478632093346855,0.896077533266722,0,0,0.962453495254412,0,-0.0973181784769963,-0.242819195531473,0.0481828385774805,29.6176435338446,-1.34629041074865,-5.11640692938352,0.184800088798977,0.67048191514958,0,0,0.848470586494803,0
"P60228","EIF3E_HUMAN","EIF3E","Eukaryotic translation initiation factor 3 subunit E","=""EIF3E""",17.2316288097907,17.9996956992067,17.4268951835929,18.4010780830988,17.675140198894,17.1068703280634,17.7664338286527,18.0518973637335,17.9887093151969,18.2178743696398,17.955966112691,17.448625726923,18.8117098219005,17.3782238878086,17.3432999275019,17.6570482137172,NA,17.8969930855213,18.1276247312933,17.373288563293,17.3619353396315,17.7137612752397,18.0793819439868,18.0655065244193,17.7611355908598,17.7701159136684,18.1110053602827,NA,18.1286498529094,17.7046759801189,18.3220631904195,18.527523714804,17.765013266857,17.9673876066701,18.6695389890257,17.9038470942438,NA,18.3515983886922,17.9474550525861,17.8794708613885,17.8866656350648,17.7716935444231,17.4450953717353,17.6698318752496,NA,0.0562141521591322,-0.221753189681215,0.334181493999479,17.8698135517755,0.408110795581827,-5.48424304246034,0.685263460538505,0.944052408976364,0,0,0.978977865838124,0,0.157518152893964,-0.12793377704489,0.442970082832818,17.8698135517755,1.11358614561295,-5.32234331780575,0.271783251611365,0.747796548567826,0,0,0.814478834954764,0
"P60520","GBRL2_HUMAN","GABARAPL2","Gamma-aminobutyric acid receptor-associated protein-like 2","=""GABARAPL2""",16.0847412901283,17.889636748479,NA,17.3052313785507,NA,16.8593038528419,17.3853394556525,17.8726430538446,17.287521581927,17.8189936745937,17.9590685864493,17.0764135171406,17.0612403933347,NA,NA,18.2535552111493,NA,17.7179371888736,16.4606230937785,NA,17.2871608378207,NA,NA,17.1231867840438,16.7713411537191,17.8030756605213,17.7140238325873,18.280545883094,NA,15.9001752077376,18.6781678857443,17.4988123448148,NA,16.891484447042,17.507186711643,17.9142704182951,17.7082196481176,NA,17.9372563740215,NA,17.9008079817799,17.7742860819933,18.2421365400239,18.0952205884756,NA,0.0381833831524396,-0.449548927574267,0.525915693879146,17.5018627315068,0.159269771822733,-5.43051811444343,0.874425939921418,0.962782567997101,0,0,0.994889364493408,0,0.479069889903418,-0.00553151333896917,0.963671293145804,17.5018627315068,2.01119734970416,-4.0233450712036,0.0525210061591983,0.430239685589521,1,0,0.243753067133161,0
"P60602","ROMO1_HUMAN","ROMO1","Reactive oxygen species modulator 1","=""ROMO1""",18.0765035312428,16.7260195845061,NA,NA,NA,16.4602316182563,18.1201534105062,17.0054699060786,15.8344632240391,NA,17.6360011061265,16.7336639025864,18.1300802017757,16.0216049028088,17.8626161838959,16.1790366310683,NA,16.7650573875617,16.838502668756,16.6132051970755,16.8373336423361,16.6659799616302,18.3545068677214,17.0025453781007,17.6523852739644,17.8396406326932,NA,16.4647686117076,17.6913706369826,17.0583885809011,NA,NA,17.1014914389835,NA,16.1715604167977,NA,16.961451196909,16.8876019630683,16.4048499610687,17.6322564489775,16.509123914283,16.9853687181556,16.9970468270025,NA,NA,-0.0610457317797781,-0.564692994520337,0.442601530960781,17.0369781796232,-0.246311966212436,-5.46726973564478,0.80691999936883,0.948679518362231,0,0,0.986989195357108,0,-0.234253848425325,-0.763848328936228,0.295340632085577,17.0369781796232,-0.898876381095592,-5.43596295708307,0.375033020848754,0.795820049946075,0,0,0.794738300157595,0
"P60660","MYL6_HUMAN","MYL6","Myosin light polypeptide 6","=""MYL6""",27.3032213184867,27.3755291958586,26.0724510671272,26.0450215080812,24.4972669629105,25.5206007390792,28.0058559580713,26.8347654774112,26.5655200148932,26.0662200773374,26.510940663103,26.2509376421854,26.4025789470263,26.337218697409,25.3297893562954,25.4922838180702,26.1619956714471,25.9756494436653,25.6047158996609,26.0893881639602,26.8550726789081,26.4116821789076,27.2098914008618,26.4641865350041,25.7081472784264,27.0835716431464,26.4217101402698,26.1120171332856,25.9077092190791,25.982922501292,26.1609985113656,27.6384518184856,26.3201644836362,26.3949147863798,26.6080858275877,27.1386201273044,25.9532328676104,26.6655100707485,26.686713563002,26.2112724004263,28.0481511592129,27.6145850823166,26.0596145550295,25.884953832984,25.7861931006881,-0.0826704585672893,-0.536195879010863,0.370854961876284,26.3948960781786,-0.366909977617178,-5.52826713920624,0.71536717323421,0.947417763940137,0,0,0.972688645682694,0,0.379367898719547,-0.0715142626736104,0.830250060112705,26.3948960781786,1.69359021453178,-4.63786737577771,0.0970993646519375,0.54181532730108,1,0,0.412840608343925,0
"P60709","ACTB_HUMAN","ACTB","Actin, cytoplasmic 1","=""ACTB""",30.2580269079642,29.0085224425404,27.7570613035486,28.166383025181,27.817375991005,28.0716663624865,29.932846376855,28.0192221884679,28.4794393141635,28.0891036818901,28.9306345439151,28.0800474447984,28.3007336235648,27.8202880913363,27.3919027119082,27.4879149425811,28.6231015055159,27.5349361008072,27.4092427084298,27.8288321408083,28.8775274189559,27.9606110137538,30.3479491286302,27.968921310313,27.7031476939096,27.6089666043569,29.0007558928668,28.0310787006787,27.804124571493,27.8275761094804,28.4964697503875,29.1480844436532,28.2704854024328,29.0271636840606,29.0842801600495,28.2570395983695,27.4337364547379,28.4905529863313,28.3944623628259,28.7148796444072,28.6090730600813,29.6140651788479,28.4963942256054,28.0842767182957,28.5991625002249,-0.240222899438638,-0.714973672036458,0.234527873159181,28.3746236893892,-1.01849648443975,-5.13614907409013,0.313764400538678,0.821681358316758,0,0,0.756959551528969,0,0.447029355182007,-0.0249544517292281,0.919013162093242,28.3746236893892,1.90642512967849,-4.29742740244947,0.0628477319877551,0.467514855195206,1,0,0.290268680772145,0
"P60842","IF4A1_HUMAN","EIF4A1","Eukaryotic initiation factor 4A-I","=""EIF4A1""",24.0452599937225,24.0281340449551,24.4398219472917,24.0385376169279,23.9412149928423,24.2486169875842,24.20947704939,24.1489786949095,24.3033295568374,24.0958637897161,23.6048161466027,24.1583286056191,24.1148785524557,24.112637140961,23.5047255558394,23.9056575314611,23.5779254021203,24.2147105207583,24.1932061731344,23.7668862150684,24.2779465349204,23.9822477479012,23.7679830824622,23.9291632135614,23.7135224949092,23.3441893757675,24.043844985867,23.8082169081334,24.3634854928448,23.7630903951667,24.196333425713,24.6516022344562,24.3063313411625,23.8207241881904,24.6003866512353,24.1103400295103,24.1947563357874,23.7454327832095,24.1011251519669,23.641371012047,24.0265077673526,24.8405214153214,24.3546055807034,24.3133861014127,23.6117337013949,-0.155395341430296,-0.361953491079366,0.0511628082187737,24.0480412104265,-1.51428099037625,-4.60472735668748,0.136790012470057,0.708378884160682,0,0,0.734085890551109,0,0.257538776359144,0.052184499026566,0.462893053691723,24.0480412104265,2.52435066926728,-3.12528123090718,0.0151023556566933,0.311404007399425,1,0,0.339651391821324,0
"P60866","RS20_HUMAN","RPS20","40S ribosomal protein S20","=""RPS20""",20.8261025453375,19.1999578819622,19.4236044605053,20.6184669030445,20.0461843569812,21.0470424932316,21.2424203855138,20.6163097673005,20.4235547861903,19.5328106429642,20.1881411463909,20.0979202986902,21.0619798188406,20.2373596459757,20.4454668031974,19.7631670317291,21.0905248575852,20.4334357941177,20.3875436185009,19.8611041038,20.0746538957813,20.3139090947267,21.6735936601079,21.2964931807514,20.4702760464468,20.6940277562058,20.4789317547354,20.7008710638846,20.4894445402165,20.6718397203704,21.3464527232712,21.6552562803702,20.7169931697822,21.2987581594013,20.7002761065719,21.2059983867257,21.0535512659136,20.8346098583633,20.0267863400569,19.8893051367336,20.168598269316,20.7094676431577,21.201082605738,20.5621944523428,19.3001166784442,0.236785712269292,-0.160935282012804,0.634506706551387,20.5350352251394,1.19836133149749,-4.9656670098212,0.236908676091536,0.766516808651113,0,0,0.711065665014818,0,0.151308730481929,-0.244094246837306,0.546711707801164,20.5350352251394,0.770255596051934,-5.68325218611565,0.445082768061044,0.825125459460645,0,0,0.88472035799244,0
"P60891","PRPS1_HUMAN","PRPS1","Ribose-phosphate pyrophosphokinase 1","=""PRPS1""",19.7872897576928,21.0471433208034,21.6266660151695,21.3209690063129,21.8603499834329,21.7717812060721,21.0928728545431,21.4660428947078,20.2806948754328,20.7286467381142,20.7231240690467,20.9663678957069,19.895766777091,21.7377547153632,21.3733248405457,20.6727129594406,21.0981839911183,21.6091083627175,21.701014029555,21.4905677927279,21.4402197206677,21.6855992160736,20.8924389919263,20.6411717636198,21.2465125746878,20.7747663591611,21.2037880260771,20.676494388098,20.6907011990041,21.5982632683109,21.100289129492,21.5806873485572,21.7999480902223,21.8305187702807,21.4158642078017,21.4226225283568,20.9266255010843,21.6853154890842,20.6222542587418,21.2939328065661,21.1032940677522,21.8035966394892,21.1230211557117,20.6489775623557,22.3977339474366,0.116075356587636,-0.21439622908158,0.446546942256852,21.1967782021367,0.706995601954859,-5.36858104135477,0.483132355989608,0.896077533266722,0,0,0.919026136585605,0,0.222209257316443,-0.106336257684295,0.550754772317181,21.1967782021367,1.36137388328105,-5.09768623119701,0.18002119719553,0.665692419259105,0,0,0.683165647971577,0
"P60900","PSA6_HUMAN","PSMA6","Proteasome subunit alpha type-6","=""PSMA6""",22.1071899113058,22.896440278941,23.2356604407001,23.0376069282414,22.7523589672013,23.144952227357,22.8628658631029,22.799658836397,22.9047392344597,22.7757220458297,22.8165501156538,23.2794620086642,21.8362981172911,22.9402581239879,22.4576017870507,22.847047623853,22.4314882431474,22.9549390588286,22.9893357819159,22.9136391091283,22.8098085532963,22.5166039185066,22.7035548846798,22.5060715996231,22.739380521589,22.6220247164815,22.9078033918792,22.8375058481817,22.9093750561576,22.6000180826616,22.724926962568,22.8684510591623,22.7472587874017,22.9733246923675,22.2829295831143,22.8037226543141,22.9138818444517,22.5447916365848,22.8559878325662,22.7684580668729,22.7870664555146,23.0351450296161,22.6825124273834,22.8271738255365,22.8782885598842,-0.0352270097070537,-0.230804884237867,0.160350864823759,22.7739973487434,-0.362549129701548,-5.52966431064412,0.71860073568251,0.947417763940137,0,0,0.988426747782478,0,0.027021535160582,-0.167416462830545,0.221459533151709,22.7739973487434,0.27973041388848,-5.9274742676843,0.780937251143859,0.942584418301806,0,0,0.99334091298042,0
"P60903","S10AA_HUMAN","S100A10","Protein S100-A10","=""S100A10""",NA,21.7919817724422,21.2272362087039,19.2795697609706,20.8221401265595,20.45535688485,22.0319810471404,21.2560632322699,20.1138824206311,21.2189334108439,20.3248613748075,21.177075733755,19.4450153811446,20.2071619124365,21.0897497626994,20.7264522199716,21.1920929193682,21.1647892157525,20.3336069719218,20.2912068296573,22.1043292659286,21.3753634667798,20.5267302966524,20.1565662093271,20.5316788476783,20.3434443939816,22.8125893016829,19.7516189204481,20.9674238207407,20.7506396212963,21.390034987382,21.4104968240731,20.5484695319377,20.7089923473753,20.3978694290762,20.4494328372434,20.7114338061588,20.3386377723083,20.9208313605587,21.0857678843549,20.1932014502345,21.0222953388486,20.2543388876965,20.8939018310735,21.3750644230904,0.129278002407702,-0.316741401503402,0.575297406318805,20.7993252282239,0.583769935293382,-5.42427137263313,0.562287348638953,0.905137078267613,0,0,0.928271699239952,0,-0.0885175726516785,-0.524624640810281,0.347589495506924,20.7993252282239,-0.408796543812037,-5.88509049573018,0.684626246070434,0.915228679438145,0,0,0.967018421008214,0
"P60953","CDC42_HUMAN","CDC42","Cell division control protein 42 homolog","=""CDC42""",23.5684395636992,22.3287736013638,22.2209582972652,23.2373932539517,22.6813195102926,22.9461327497903,22.2522407094769,22.5397670423523,22.435945925957,22.0352829971449,22.5965624838518,22.336411549982,24.0460889498397,23.0572793212421,22.9854832127506,22.5824565485717,22.2287719772504,22.4400577759909,22.3673797057157,22.8620087277009,22.6792867861388,22.3835614911986,21.6257062397542,22.8848999539519,23.1374781622221,23.1045333689739,23.311426120175,23.729260085898,22.5772605011377,22.2338832058237,22.4908623883794,23.1473171497059,22.1856428049163,22.88580810831,24.1001008823623,22.0827635828566,21.8897148530624,22.8720268201765,21.940452943996,22.8853767387854,22.1993028612028,22.6939769569431,22.8904235771842,22.9437309472196,22.9921225351832,-0.0694819967720761,-0.435063921320652,0.2960999277765,22.7025705104388,-0.382558966802933,-5.52311677463211,0.703807208377251,0.947417763940137,0,0,0.975889800965939,0,0.00344349998536231,-0.360007722099421,0.366894722070146,22.7025705104388,0.019070617778858,-5.96465837572416,0.984867178142819,0.998553199859395,0,0,0.999947493198523,0
"P60981","DEST_HUMAN","DSTN","Destrin","=""DSTN""",19.8606116819525,21.3097893247864,21.4563728865538,21.0970871589248,21.1960177440958,21.5816081696625,21.6515507798911,22.3941607376043,20.7243471919018,21.2539548293992,21.3735220922749,21.6270483027622,20.163951423816,21.2992851365808,21.5554372474852,21.1585236889154,21.3305833317984,21.2651296556508,21.3567789592008,20.9833574116241,22.0788856261333,22.5268624524897,20.4590672985621,20.8222142296052,21.3426775707339,21.4265314956913,22.6929690240124,20.3822322104194,21.3728760557333,21.2324139698118,21.5165818905776,20.7410690253765,21.4710629667348,20.9566897767634,21.0477270277427,21.0614304949628,21.0406379608296,21.1404348143927,21.0318031383369,21.2639193019542,22.377325808352,20.7660409245367,21.0670619879711,21.4144896935441,21.8461507711691,0.12085375318248,-0.261827684774113,0.503535191139074,21.2826282949182,0.635672692126345,-5.4103134381527,0.52813695134961,0.898875816659659,0,0,0.925748208945892,0,-0.112578493142507,-0.493029568414434,0.26787258212942,21.2826282949182,-0.595617467103971,-5.7960001711263,0.554347573251776,0.858017859794089,0,0,0.935740400722545,0
"P60983","GMFB_HUMAN","GMFB","Glia maturation factor beta","=""GMFB""",16.640051497669,17.1489738966376,NA,16.6139007469068,NA,17.2159003217654,16.9898432931106,16.7997906697764,NA,NA,16.8434417543946,NA,NA,16.7933918822982,17.5421346085909,NA,NA,NA,17.5579643408186,16.8315821889563,17.1154436659796,17.5455991389113,16.2658800150489,17.795784359847,18.6133392212631,16.6693710691983,15.7027105147817,NA,17.4013716495444,NA,17.1240495864537,16.9945423887313,16.5955354845695,17.2104226566309,18.9271537218864,17.4018620908659,NA,17.0488422021703,NA,NA,NA,NA,NA,NA,17.3552719886749,0.148300547490315,-0.390534327029265,0.687135422009896,17.1386724057586,0.563734639328695,-5.26987547154347,0.57741581219069,0.910041878564879,0,0,0.921782883658934,0,0.215646114042695,-0.336975067459686,0.768267295545076,17.1386724057586,0.799285202795016,-5.43755914591556,0.430843847166923,0.820593150678367,0,0,0.833954787947117,0
"P61006","RAB8A_HUMAN","RAB8A","Ras-related protein Rab-8A","=""RAB8A""",NA,NA,20.5446592365612,NA,NA,NA,18.6779106587919,19.5671204171476,18.6069490912275,NA,NA,18.8898250128569,NA,20.309768861681,NA,19.5943264001632,NA,18.7780523505871,19.0295881905359,20.0382723693004,18.6582590910727,18.8989987730386,NA,NA,20.2166276974943,NA,20.7969314448313,20.7708717217377,18.7668538508194,19.6606234648941,19.1307391014743,NA,19.2573373702922,NA,NA,NA,19.2968134583159,NA,18.9213660890075,NA,19.2738144699395,18.9969903139839,NA,19.7973031749055,NA,0.0843825182425881,-0.580101138308275,0.748866174793452,19.4366667754441,0.261518271008853,-5.29315331421563,0.795831906829688,0.948679518362231,0,0,0.980914276697554,0,-0.284113974452556,-0.91246087225755,0.344232923352439,19.4366667754441,-0.931165717268511,-5.31644171239628,0.360658998009037,0.791831108546088,0,0,0.748453810056318,0
"P61019","RAB2A_HUMAN","RAB2A","Ras-related protein Rab-2A","=""RAB2A""",20.635982660346,20.7633724368098,20.9103490487127,19.8918515154577,21.188023015505,20.9250514917401,21.187858528966,21.0478108315671,21.2044215987996,20.673028206468,21.0054798422334,21.0232628907398,20.0178641672198,20.7832793498762,20.9177393661046,21.1741177658877,20.6210957221554,21.1006013782942,20.9424685742537,20.8075494315294,21.4622545594769,20.9743628741414,20.9341029753395,20.6638346503594,20.4660070637706,20.918445496493,21.2421846531684,20.1761917564323,21.1669703772161,21.1072500984052,21.378780866038,21.4335233054964,20.9479506699821,20.7848450535234,20.9449256520279,21.0738821800638,20.960527739085,20.5482337445325,21.0918839871519,20.7036492310243,21.0137862451074,21.1312682726848,21.143525672365,21.2032232044158,20.9293278264381,0.11031003268096,-0.115146345749485,0.335766411111406,20.9160476883868,0.984834596588176,-5.16514456097939,0.329852657968313,0.826372714395847,0,0,0.884842271829751,0,0.102126418200879,-0.122015944331235,0.326268780732992,20.9160476883868,0.917117467688185,-5.56676797866643,0.363860379882867,0.791831108546088,0,0,0.901903018770159,0
"P61020","RAB5B_HUMAN","RAB5B","Ras-related protein Rab-5B","=""RAB5B""",19.8927661858406,NA,18.9877100769683,20.4329895025111,18.4027479033069,19.1036479318218,18.3162067420709,19.5558549826095,18.8681495823137,19.6424772035385,19.6196302660397,18.1939789627749,20.5090662621437,19.5336492752324,19.7880236552852,NA,NA,18.5699732503724,18.8518074756871,18.7569590131563,19.0937112116846,18.9891719236219,17.1712332140164,19.3435241494498,19.7805813295424,19.2950615415594,NA,20.825912723486,18.326537023041,19.0698212368096,18.2282233649775,18.2345006898936,19.2787259132108,19.17542736081,18.6641690272674,NA,19.064528392522,19.1428853832894,NA,18.5518010430062,19.4323952422685,18.7536133989292,18.7574997372864,20.0645201976879,19.0680386769344,-0.378999988791293,-0.884490079145164,0.126490101562578,19.1112184885376,-1.51528808189837,-4.56405387335065,0.137554641675307,0.708378884160682,0,0,0.471500469332019,0,-0.0214963576748097,-0.53215990927882,0.4891671939292,19.1112184885376,-0.0850743568645789,-5.8799142354153,0.932626239184061,0.983221640851135,0,0,0.998501736245503,0
"P61026","RAB10_HUMAN","RAB10","Ras-related protein Rab-10","=""RAB10""",25.4923224836899,22.6019252350484,22.7780234462,24.6206955740691,22.9123333265107,22.7059220604771,22.6506153413656,23.2077060382432,22.6989841099308,22.6175146588193,23.2938184927254,22.3649813109636,23.5829941467233,23.5845343250669,23.4083461487376,23.0149563943616,21.7766747492817,22.5395587803176,22.9535393495384,23.4966809823192,22.5282743545383,23.1279198375283,21.9542213576555,23.1057874449514,23.418841270013,23.5158312765987,23.3932899167318,22.0875147644389,22.5676571874155,22.9648817426312,22.7364526115196,22.3172075850444,22.7847005174399,23.7669461462217,23.8529821977662,22.6953613562054,22.7816822886439,23.504255949684,22.1826177565278,22.8038847877082,22.4500853689199,22.4736474639578,22.3789176791482,23.1145941719712,23.2531715497702,-0.414706372017921,-0.848200161974705,0.0187874179388624,22.9791745230538,-1.92561135398139,-4.02452040802457,0.0603419587750446,0.595876842903565,-1,0,0.312115327590389,0,0.0433918681471752,-0.387575412088319,0.47435914838267,22.9791745230538,0.20266318288079,-5.94521486480079,0.840291247661993,0.959935715069946,0,0,0.99247795642631,0
"P61077","UB2D3_HUMAN","UBE2D3","Ubiquitin-conjugating enzyme E2 D3","=""UBE2D3""",21.891616397694,23.479206982061,23.2268032959047,21.3718724534524,23.5752917216615,23.2133002845396,23.6529898396289,23.1374995361871,23.7948559755245,22.7797156424315,23.0596543202977,23.0248474996411,21.7972503569055,23.3962906769905,22.3950183570243,23.5878783896162,23.3054384392024,23.4026991779455,23.091879775052,23.3746051614936,23.3928270527788,22.9553969251268,23.0909247726694,23.3759094558181,23.2438056117097,23.2963120243499,23.5213386431694,23.1883537092134,23.3538845615394,23.1100786599075,23.1725744693918,23.4826959071446,23.3949592950046,23.3837330966192,22.5737432860655,23.2637881073104,23.1088334058263,23.5016754932258,22.890658437887,23.1876030716346,23.0107915985039,23.1314863755063,23.2989804991268,23.4786558544436,23.2138299401597,0.380321733824051,0.065786315546438,0.694857152101664,23.1373678786086,2.43384209308816,-3.15300555604603,0.0188780474888586,0.473767971577395,1,0,0.220957631165576,0,-0.079821568116138,-0.392523795675961,0.232880659443685,23.1373678786086,-0.513807087086648,-5.83906323898738,0.609844122501602,0.880375407265006,0,0,0.961293113682716,0
"P61081","UBC12_HUMAN","UBE2M","NEDD8-conjugating enzyme Ubc12","=""UBE2M""",20.576441671798,20.8240636564651,21.2727264127345,20.4671813014365,21.0937215597772,21.4114917159752,20.98768671715,20.8157970157772,21.3849346136396,21.2400116303847,20.4216714786617,21.5503642196588,20.3090321257388,20.7829577870568,21.0213429851724,20.7333625286768,21.163408926475,20.9404241142446,20.929020362095,20.6471477990631,21.1344287429717,20.9970485235033,20.89048854964,21.0227877631845,20.7040289324191,20.8925723184219,20.5711652521868,20.8482538543555,20.7816536763525,20.872140968352,20.5589879022825,20.6324254409903,21.0400371543566,20.5597829952425,20.343528995096,21.0999294399895,20.866367293424,20.748331833282,21.3119588391133,20.6959940322368,21.2457383635686,21.0367864103966,21.010683318524,20.7878854025676,20.8533369446616,-0.0696545362677341,-0.275329582761446,0.136020510225978,20.8906473682022,-0.681676952891028,-5.38389168986274,0.498858123392783,0.896077533266722,0,0,0.952714404124492,0,-0.0224105297473223,-0.226886850869571,0.182065791374926,20.8906473682022,-0.220607315436179,-5.94158921577502,0.826373577738946,0.953528857631271,0,0,0.995735245204244,0
"P61086","UBE2K_HUMAN","UBE2K","Ubiquitin-conjugating enzyme E2 K","=""UBE2K""",20.3894368372147,20.4389628719858,20.9262626299631,20.0880832281305,21.0595937322854,20.9201784338852,20.2119192526351,20.7278064909074,19.203086279929,21.1077445045771,19.9617287442251,20.2921574737049,20.2525145382784,20.9384912225614,20.8754556963155,20.6026076878761,20.0713713133709,20.2361596371151,20.6856318500987,20.2053002023943,20.8298925055321,20.8483347706175,20.9785606652872,20.0923916640915,20.781966744289,19.8275436321115,19.9839149144564,17.9783336181066,20.7967886585589,20.6146123181623,20.7633991899731,19.179297652853,20.6957503890968,20.5919367567845,21.1063960219493,20.9332647256646,20.3249085081056,20.8521890567083,20.4933499793329,20.2750701221169,20.2108333776376,20.175017642361,20.2965251355938,19.9268674931494,21.2263455045255,-0.198558950066669,-0.585432321371805,0.188314421238467,20.4217329705449,-1.03307401924082,-5.12330515098143,0.306965456172782,0.816278407999431,0,0,0.790964570656599,0,0.167849424918955,-0.216769152070424,0.552468001908335,20.4217329705449,0.878416350210595,-5.59936525744185,0.384279151412523,0.801074231021491,0,0,0.851693255481429,0
"P61088","UBE2N_HUMAN","UBE2N","Ubiquitin-conjugating enzyme E2 N","=""UBE2N""",23.7074797158418,23.7654650533295,24.5065828827798,24.4368038024365,24.2284760988012,24.2440873584353,24.0344001263476,24.1427447571545,24.1489632976018,23.784528012761,23.6665652010235,24.3525065598796,24.0416670489922,24.1963748348024,23.9209289350714,24.0935774310258,23.8591825161107,23.9735205254932,24.0831861221926,23.4710544190535,24.1430769681898,24.0371640197539,24.0036976633113,23.9169374530911,23.8884997705948,23.8394163561295,23.8730873275034,24.1791993887007,24.025882090413,23.8843741273745,24.2688317821977,23.9965963068913,24.0418557584658,23.9050350862272,23.8496751322781,24.0129967092205,23.9349938404199,23.6543859154283,23.8930789185924,23.8897600038195,23.9309316647029,24.308395368727,24.282928583646,23.9416575050012,23.8462546737935,-0.128007768354951,-0.289361436799812,0.0333459000899087,24.0045957136357,-1.59686533225488,-4.49793653756582,0.117137480994434,0.679806474125127,0,0,0.759951432529089,0,0.0323680713648926,-0.128045187733083,0.192781330462869,24.0045957136357,0.406150853746411,-5.8861559717693,0.686513385293386,0.915228679438145,0,0,0.987899222145502,0
"P61106","RAB14_HUMAN","RAB14","Ras-related protein Rab-14","=""RAB14""",NA,18.8688334416336,19.1022640255525,17.8077542142178,19.2987486589057,18.0137500642506,18.1639100821189,19.3653494925504,18.7860879028683,18.7456460534916,18.773471351751,18.4129558395595,NA,18.7598318822074,18.0689452625221,18.8206276645917,17.8024455796171,19.2445547306529,18.5093601979112,18.4107338966186,19.1033816427243,19.0087667973525,18.3672944244881,18.6122332067526,18.5718606562714,18.1013295431034,19.6423585291321,17.6617320182613,18.9278327739146,18.987749052674,18.9185132877126,NA,18.5633854652459,19.0806649004674,17.6658139019232,NA,18.4961261726469,18.4740825522564,19.0622850876824,18.9692116544036,18.4248244571953,19.4127975793536,18.8106077725792,19.0424734078208,19.2039135868423,0.0236773607792529,-0.33560053063866,0.382955252197165,18.6845002149226,0.132993063686622,-5.54941940929069,0.894833411400113,0.96356358514214,0,0,0.997372483857571,0,0.117347900038965,-0.23982876588969,0.474524565967619,18.6845002149226,0.663007491234879,-5.72353559036638,0.510944814288758,0.834663611429138,0,0,0.924226253308644,0
"P61158","ARP3_HUMAN","ACTR3","Actin-related protein 3","=""ACTR3""",18.455656385392,18.6731351904445,NA,18.8682081741711,18.9536440748924,18.7815487260989,18.7894869211984,18.9478015883316,18.3327869952045,18.8162458235311,18.4424593407635,19.3618591320133,19.0055093560524,18.6299843233717,19.1576037614894,18.9044740590924,18.6306811156558,18.8744723435315,19.263741378242,18.5640228646111,18.9733459617355,19.4195611012726,19.2403404506928,18.8950325884117,18.7421879916524,18.7030377638957,20.0029149879264,18.1378387749605,19.1465990465375,18.9231039068405,19.4030849363889,20.0903002476547,18.6133232632198,20.2231957154045,18.8554617744749,18.9231555065625,18.887084824556,18.8741483613771,18.4885471700901,18.8188838594932,19.3315355396467,20.4139161746909,20.0085777275848,19.4684247543098,19.7105764235515,0.169417565050551,-0.144498722577998,0.483333852679101,19.0397159183413,1.08696467576212,-5.06233064962789,0.282835254363411,0.798683993712781,0,0,0.807384017501479,0,0.379257462929793,0.0723176512434719,0.686197274616114,19.0397159183413,2.48858086774066,-3.20267520436159,0.0165893234809028,0.324435639911382,1,0,0.21127919814978,0
"P61160","ARP2_HUMAN","ACTR2","Actin-related protein 2","=""ACTR2""",18.423543713959,18.9376670757837,17.9725617929829,18.6077550950804,17.8070442820433,18.834285909296,18.6410596255894,18.4403238757051,18.2572734389803,17.8664433753262,18.0468381858639,19.1252503183119,18.6275251832062,18.2062307991062,18.9669739961828,18.4308372924878,18.1816791212574,18.6029370356643,19.016075208819,18.5029809352205,18.882577268038,19.0270022977897,18.9445699373097,18.4416537337749,18.7139004519411,18.7441346396856,19.7796408552336,18.4695775849229,18.6661924132526,18.6772856180239,19.2576579369425,19.88235395838,18.7640534996783,20.1383255377986,18.9693309133004,18.1621649855773,17.9651488283888,18.6255338090207,18.4615290317197,18.7866840958262,18.961791445628,19.8774207860717,20.0867237649653,18.5424191180849,19.7377891018028,0.29931458179194,-0.0410297130669553,0.639658876650835,18.7569055083116,1.77019133250229,-4.25775242302639,0.0833167439826892,0.632228637420987,1,0,0.475290831334031,0,0.342525494650946,0.00416481106738686,0.680886178234505,18.7569055083116,2.03762292624245,-4.07067637894331,0.0473580465565578,0.410220156702238,1,0,0.351794138694036,0
"P61163","ACTZ_HUMAN","ACTR1A","Alpha-centractin","=""ACTR1A""",21.6951103669329,22.1322734228053,22.3022298339436,22.7933699308363,21.4279856268646,21.7355101853202,22.0849437895417,21.9780137463679,22.1125395070459,21.6503723515091,21.7618451119288,21.7779372199518,22.1089536971213,21.385204566298,21.9641279458852,21.8333884180811,21.8033273930391,21.9685528086075,22.0532760181664,21.8719078736191,21.708632841449,22.1300803965927,22.0323232175588,21.8868842925818,21.847863127383,21.7042228139293,22.1893823275909,22.5140532883573,21.9384527249079,21.7071825535328,22.3598348259997,22.3136073611884,22.043430041918,22.236830504697,22.3052722010428,21.6564842012668,21.8820575976861,21.8759792510599,21.6203501193022,21.7714087088952,21.7246110401655,22.3165441539325,21.5167049526467,21.5161399527242,22.0090823869705,0.0193124295243017,-0.192357132280411,0.230981991329014,21.9388507710499,0.183649314298589,-5.5726356082504,0.855095002870758,0.95848719206779,0,0,0.996981345432366,0,-0.00274618639341284,-0.213182085299162,0.207689712512336,21.9388507710499,-0.0262676361231076,-5.96450245358402,0.979157393960085,0.99573365040918,0,0,0.999942159080473,0
"P61201","CSN2_HUMAN","COPS2","COP9 signalosome complex subunit 2","=""COPS2""",19.706438584353,20.6723673790666,20.726192663135,20.2963913324935,21.1666098681867,21.2202876589795,21.0414440472059,20.8054327328336,20.9801749816637,20.5147888559556,20.4402534451001,21.3050254977562,19.886556042649,20.874863045093,20.2805885302269,21.069981075097,19.9675985906303,21.0167860237444,21.013702881405,20.5435306269906,20.8879917556021,21.0223236501135,20.6620148235315,20.6973953357815,20.5931644395211,20.5258541087608,20.6676842415407,20.9370789825638,20.9747588362459,20.5557288847543,20.7751055088573,20.454114693103,20.5987945526613,20.6352411532005,20.6004838069779,20.9955909573875,20.9403585107152,20.4647441375744,21.0712667085372,20.7866498372655,20.6986779007252,20.7637371604397,20.598366838867,21.0473020950318,20.4948884398147,0.0808241854967342,-0.158620779806366,0.320269150799834,20.7106295827142,0.679432687420084,-5.38522252313742,0.500265506793412,0.896077533266722,0,0,0.945557906022632,0,-0.0140181303416327,-0.252067550779806,0.22403129009654,20.7106295827142,-0.118531498600002,-5.9581195354331,0.906162187099387,0.977865538778253,0,0,0.99861964940944,0
"P61221","ABCE1_HUMAN","ABCE1","ATP-binding cassette sub-family E member 1","=""ABCE1""",18.4561182778836,17.6596643591649,18.162609382875,18.902073309022,18.3135905151221,18.5416713806286,17.5422504674233,18.5201547660864,18.0213618220592,18.1964479193896,18.5765316718423,17.6685191478214,19.1931221726749,18.6944874352132,19.0582092311106,18.0848264163779,18.1387000879999,17.4891124190337,18.0437434956617,18.1111460041943,18.0730253800278,17.9256364570881,17.2721814304157,18.6683547986981,18.5721771645619,18.934865474692,18.5790161565399,18.7029115161542,17.7965881407998,18.2634668410015,18.048950032878,18.1381301186934,18.4744925408303,18.5387562190888,19.8000881883467,18.1607523046282,18.3965911413434,18.9447717127861,18.1589475848143,18.3316371158782,17.7967646521842,18.1816871059818,17.931765010636,18.3963385360769,18.0959897548304,-0.198350476146665,-0.535205652176253,0.138504699882923,18.301293903568,-1.18522507859035,-4.97899524037588,0.24201007745098,0.772570690822174,0,0,0.754715156137947,0,0.18266068238335,-0.152231217824016,0.517552582590717,18.301293903568,1.09787081937797,-5.39675279404676,0.27796948311352,0.747796548567826,0,0,0.79148034506695,0
"P61224","RAP1B_HUMAN","RAP1B","Ras-related protein Rap-1b","=""RAP1B""",23.2206370905929,22.2320788935083,22.1239375347293,23.4163192929351,22.5277770361008,22.6003818473394,22.2677915366218,22.5572584910478,21.9613648292311,21.8310741223536,22.1832451388322,22.554604723282,23.3903891251739,22.8511726330335,22.6312740966511,22.1966492233559,22.5848746429331,22.0659503520589,22.2363638735966,22.9560827233093,22.4564711227846,22.7130241232398,22.1768260863916,22.173872364955,22.6196920260335,22.0553593053118,23.3202301426576,23.3939355593724,22.6616136296165,22.4887291408149,22.5953454827468,22.8964100017508,22.2762438362921,23.202207660768,23.9983478086886,22.20584552418,22.3024962490243,22.5764791226222,21.8772806444512,22.4892869165734,22.2093523832426,23.0080875083628,22.4536773086689,22.7759819350447,23.2137584263154,-0.0182426287784558,-0.332050336550976,0.295565078994064,22.5895507003688,-0.117013137432464,-5.58145905399853,0.907358597675813,0.968065142292613,0,0,0.998228068231104,0,0.132075099486698,-0.179903658846011,0.444053857819408,22.5895507003688,0.852131718558498,-5.62073100176718,0.398551921297775,0.803239014659461,0,0,0.885592651852172,0
"P61225","RAP2B_HUMAN","RAP2B","Ras-related protein Rap-2b","=""RAP2B""",19.5967819301192,NA,17.9805363106867,18.5691889127781,17.7004217935121,NA,NA,NA,NA,NA,NA,16.4821690764466,NA,19.0163483949356,NA,16.3949669562039,NA,NA,16.9661268064055,NA,17.2555326775661,NA,NA,18.1768630737266,NA,NA,19.4714971072911,NA,16.1615908797145,NA,16.7363448406427,NA,16.8344284099977,18.5782383874417,16.8250793435206,NA,16.513545996744,18.7306677337425,NA,NA,NA,17.7965510138281,16.355808896609,17.5111573574374,20.0025691910947,-0.905159067982776,-2.13002537279982,0.319707236834273,17.7116552313838,-1.52855847656715,-4.40637536309192,0.139987265681171,0.708378884160682,0,0,0.168684155144212,0,0.223276584773849,-0.872679779221399,1.3192329487691,17.7116552313838,0.421401188935236,-5.57074149944344,0.677367468478602,0.914300764132198,0,0,0.916699586262913,0
"P61247","RS3A_HUMAN","RPS3A","40S ribosomal protein S3a","=""RPS3A""",21.885409917757,21.959149795225,21.746982497448,21.2823846511593,21.6688263885228,21.2507599314066,22.0103341367832,22.0523559583296,21.8744023615243,22.1120448431508,21.9641541548363,21.0282101968294,21.758735350299,22.0517516235429,21.5212795865949,22.0288281117103,20.4377439156166,21.8089579856804,21.2841590040094,22.0402309864144,21.4188622712346,22.2490102853694,21.7522045085012,22.3222390175826,21.348977765951,21.8420144246247,21.7819795965559,21.0316719078197,21.985923247601,21.5601363477861,22.067855697091,22.0128104448461,22.0335643710226,20.7252883793399,22.2302378740445,21.908273920053,21.9472486805197,22.3109528540428,22.0876085689536,21.9336966470539,21.8833901424635,21.9187304966316,20.7731861768616,22.2124883363704,20.707092390423,-0.0895724726413931,-0.396595147777154,0.217450202494368,21.7291587944352,-0.587239042052575,-5.43617427516482,0.559912146242284,0.905137078267613,0,0,0.949376496163012,0,0.123965706884018,-0.181267563671198,0.429198977439234,21.7291587944352,0.817486333531317,-5.64793334283959,0.417861018781848,0.813842251159307,0,0,0.897472079494233,0
"P61289","PSME3_HUMAN","PSME3","Proteasome activator complex subunit 3","=""PSME3""",21.8676249657338,21.0874883667277,20.7521852715426,21.7755608330994,20.8343107077869,21.1388621327326,21.5757370591195,21.3204009456102,21.2324056319988,20.8519043135842,21.194163488805,20.7095676407928,21.8868477279978,20.8567775715185,NA,21.0301480619465,19.9500160716262,21.2592987730348,20.9866726166389,21.2950048559537,21.1688872124302,21.2266522388454,21.6325104688505,21.1992136674926,20.6814394076944,19.9574756287111,21.5684025638113,21.7290587164423,21.5820242393316,21.2469575286301,21.2103980675134,NA,21.5271086888689,21.6236032871823,21.7675315636302,21.3884349422493,NA,21.0827052607936,21.3045965379411,20.9065333456486,20.5972824279575,20.2535354263774,21.4149406935595,21.342590353613,NA,-0.118475392303981,-0.436488773455981,0.199537988848018,21.1711429098494,-0.751811480649236,-5.32602732841543,0.456352956072777,0.889501878065372,0,0,0.91124579381257,0,0.0888630103939292,-0.240076278001063,0.417802298788921,21.1711429098494,0.545169392691377,-5.77100140101684,0.588517798691499,0.870161621650437,0,0,0.95398192249268,0
"P61313","RL15_HUMAN","RPL15","60S ribosomal protein L15","=""RPL15""",NA,19.5122917705374,18.2589591189043,NA,17.9617365139425,NA,19.1013957399963,18.8701802513355,18.352372766559,NA,18.7519822202749,NA,17.2626856167567,17.822513161018,17.2515934346904,NA,NA,18.2254516466909,17.9590996346589,18.2518048515322,18.4211607459875,18.8410384816804,18.5841863026398,18.7710141752612,NA,18.8096155683378,NA,18.9940693800026,18.2985991829778,18.1142671142796,19.1517078093838,20.137811039168,19.1627866131191,19.1705665172536,19.9868672341929,18.7112417282081,17.8788748457109,18.1768839279323,18.5830316621281,18.1428840646418,19.3555931272352,19.4459160781591,19.4249816595334,NA,NA,0.238612316508494,-0.254320888823177,0.731545521840165,18.6395636466097,0.982665566843279,-5.04301029723683,0.332508630270491,0.826372714395847,0,0,0.768946788503981,0,0.489253725864625,0.0288873794971022,0.949620072232148,18.6395636466097,2.1574042457783,-3.80344600566626,0.0379128954295693,0.382557248031346,1,0,0.201681573736224,0
"P61353","RL27_HUMAN","RPL27","60S ribosomal protein L27","=""RPL27""",19.5710414376914,18.8563781467185,NA,18.6665572709965,18.4670037136097,NA,18.8942904248021,19.1754541884261,18.1855585036901,19.2651783179825,19.1793438500236,17.8727032987651,19.3824054478057,18.0678402626136,17.9767914054533,19.3352100793535,19.0429847183364,18.2185745436834,18.4069747858128,NA,17.4175395296733,18.8849221432848,19.5769610678984,18.6205759836088,17.7029378516089,17.7263589653935,NA,NA,18.7273478453407,18.6063992676821,19.2763225611179,18.955748711372,19.1489849268163,NA,19.435884739374,19.4821171737347,19.7216644644772,19.5516070479005,18.2583824344822,18.1254547359933,19.562061827698,18.9766181299944,17.174084339114,NA,17.8176802418967,-0.240284986060512,-0.732764457823846,0.252194485702822,18.7187880101112,-0.98685521429317,-5.09913872552768,0.32979049812974,0.826372714395847,0,0,0.76601955745428,0,0.374097362748003,-0.115458228093508,0.863652953589514,18.7187880101112,1.54560163736737,-4.78741228001842,0.130269253403435,0.618529116746516,0,0,0.466514018074874,0
"P61457","PHS_HUMAN","PCBD1","Pterin-4-alpha-carbinolamine dehydratase","=""PCBD1""",21.8813952362228,20.8573444438765,20.7737476517947,21.0733868506526,21.3925353946649,21.5832755569482,21.1883684576131,20.8942831832955,21.2831996019237,21.2279426868288,21.2966832198918,22.1958243182023,21.8147613002733,21.074580475862,21.0348685950407,21.3399752606928,21.3255085134216,20.741340999816,20.8012479351107,21.7477332393545,21.0921622014847,21.114030413873,21.3727887345532,21.2147257486281,21.3254480414169,21.1724691407433,21.0635776822217,21.4197616914136,21.0790183402978,21.1822113472695,21.045971326165,20.8523946509209,20.8622964657412,20.8709395847791,20.3480878897982,21.1170817201014,21.8815032477743,21.0767593911238,21.2381963302065,21.1672511214373,21.2379661591398,21.0223200037034,21.0356234047844,21.4624534331705,21.1170137621621,-0.114403133894321,-0.350837415129306,0.122031147340664,21.1977789945421,-0.97395364011465,-5.17431860631376,0.335169101988611,0.826372714395847,0,0,0.882447162665866,0,-0.110409386619292,-0.345465670005575,0.124646896766991,21.1977789945421,-0.945463880376771,-5.54203514378303,0.349357778564476,0.786466622673627,0,0,0.890374609612457,0
"P61513","RL37A_HUMAN","RPL37A","60S ribosomal protein L37a","=""RPL37A""",NA,NA,NA,13.0691441866261,NA,NA,14.9716131218658,14.1448776241608,15.2457776143303,NA,15.1715087002125,NA,NA,14.2432930819283,14.8247994206896,NA,NA,14.5071980182218,13.8209413648148,NA,NA,13.7964923795279,15.253135902631,15.1661447257731,NA,15.3155248642309,NA,NA,NA,14.3665751406441,13.7765304954299,NA,NA,NA,14.0416598636127,NA,NA,15.1304962102863,NA,NA,NA,13.4987317593746,NA,NA,NA,0.10969450754274,-0.543285117079324,0.762674132164803,14.4635802485756,0.351557331450476,-5.233917852494,0.729030670720588,0.947417763940137,0,0,0.965926248847103,0,-0.469750885547116,-1.23331709248824,0.293815321394011,14.4635802485756,-1.28745427658882,-4.79431207530157,0.213365586047771,0.702678976970156,0,0,0.484011388099325,0
"P61586","RHOA_HUMAN","RHOA","Transforming protein RhoA","=""RHOA""",22.1058497468728,22.2794002805357,21.6560465647678,22.5099517904975,22.2967502962248,22.481830203301,22.4522564499235,21.8960617841321,22.4883524144761,21.7106070214468,22.4104484673706,22.4259794640867,22.1903328390411,21.6399662574114,22.0481458295758,22.2327788437545,22.0138079950582,22.3834242287493,22.4186132492681,22.0429760998557,22.1243308728226,22.1692896414483,22.1166792379864,22.2518994489708,22.0252810384329,21.8105703693902,22.7004488755638,22.5123184939821,22.2440115708782,22.1616063530142,22.3039808606187,22.5623793279759,21.6392530997745,22.4703359478336,22.962151052623,21.624591197526,22.0163027873241,21.7078828225256,21.9723414456441,22.1113758118377,21.9340018679728,22.4620156789089,22.5769317304237,22.3134093582261,22.1658211598347,0.0469689111027378,-0.172207253072391,0.266145075277866,22.191617552842,0.431348189792486,-5.50568981131582,0.668228298946234,0.942492860389654,0,0,0.981243767962931,0,-0.0256841446750649,-0.243582895603931,0.192214606253801,22.191617552842,-0.237258170256038,-5.9379505397141,0.81350909143695,0.947477443017977,0,0,0.994712865725246,0
"P61604","CH10_HUMAN","HSPE1","10 kDa heat shock protein, mitochondrial","=""HSPE1""",24.3331052037268,24.2573473562485,23.6858477340175,24.0741243890823,23.8838338990477,24.011684554574,24.0125765643478,23.9591929438524,23.8298165278078,24.3007119187059,24.4688306561517,24.2537434887035,24.2545119874105,23.9884563921509,23.9853356791073,24.3637010821749,24.7633416438411,24.3015168363072,24.1933804910741,24.4136055840967,23.7179228275866,24.1007180744783,24.2996963282288,24.0639116178932,24.3264728342683,23.9490971831468,24.5966612924867,25.1166246166708,24.7012192444288,24.6884207347927,24.1105820134962,24.5672129786734,24.3867764727369,24.2398512034439,23.9836870381978,24.0391302224614,24.7782360022595,24.110797076662,24.339571303901,24.1672363060973,24.3063406812216,24.5314451736848,24.3407171089106,24.5632923038214,24.6222058829412,0.283745265623264,0.0868901824250209,0.480600348821506,24.2662775878871,2.90130108370809,-2.22183579892257,0.00568254903894362,0.416167334657996,1,0,0.230601570996191,0,-0.033947241531056,-0.229655004299552,0.16176052123744,24.2662775878871,-0.349146142345657,-5.90666220871607,0.728571427944586,0.926345276578894,0,0,0.989307515652057,0
"P61758","PFD3_HUMAN","VBP1","Prefoldin subunit 3","=""VBP1""",23.1785242285787,22.1902034135732,22.0592118816158,22.1315697108469,22.7528270836298,22.8305595307403,21.8265223606021,22.1432029738954,21.9221863120537,21.4127983563634,21.6385240193332,21.9911637803626,NA,21.3208412258953,22.3726422193748,21.6603123352779,21.408465708091,22.1740962667146,22.6321234496923,22.2814945945208,23.0076740881224,22.4110656509178,21.850527346752,22.1887425704284,22.6577152131125,22.1634410496105,21.8228544874426,22.3325705099241,22.1909987273495,22.4824238082235,21.184547660137,21.0776849304032,22.2415649761047,21.6985972857765,23.4112015829422,22.2900622711065,21.7115178727332,22.0633107934013,22.6999630027312,22.7138323900173,21.7370316450031,21.265769458938,21.9058551414622,22.1547670641492,21.7800172335583,0.0879651502019563,-0.270782145696786,0.446712446100698,22.1129774138979,0.493847497268392,-5.46648170750733,0.623813675530721,0.934833173270874,0,0,0.959338718432726,0,-0.221918833181061,-0.572693328757512,0.128855662395391,22.1129774138979,-1.27419822656631,-5.20316975950107,0.209128538047704,0.701115954106001,0,0,0.706621606512235,0
"P61803","DAD1_HUMAN","DAD1","Dolichyl-diphosphooligosaccharide--protein glycosyltransferase subunit DAD1","=""DAD1""",15.4705932821402,NA,15.8936229301814,NA,15.9887185964403,16.0668433557609,15.0559569025031,15.9982967939074,NA,16.2381634482323,15.4190478402262,15.2275778611972,NA,16.4869149370272,15.8681373023113,16.0074979416933,NA,15.6561970578493,16.1672267194047,NA,16.9553102245323,16.2071748476033,16.8292736698638,15.9207502727884,16.0398743140943,15.882170559492,15.2497244749829,NA,15.0534546629241,15.7518055012469,16.7105612835863,16.0814737187175,16.4951077506507,16.4694285490885,15.0973889866085,16.2022505282393,15.4492048873769,16.5315359590841,16.2913444856888,15.131668104974,NA,15.8695996527571,15.5073142291094,NA,NA,0.15353043575592,-0.248131973618548,0.555192845130388,15.9220346180653,0.775182952039714,-5.22482907215901,0.443288192059904,0.876407103384335,0,0,0.882583029860057,0,0.0136224060698531,-0.37698951817852,0.404234330318227,15.9220346180653,0.0707260240982264,-5.8632178456935,0.944006808975759,0.986673428033922,0,0,0.999215359071978,0
"P61923","COPZ1_HUMAN","COPZ1","Coatomer subunit zeta-1","=""COPZ1""",NA,NA,18.606580056652,19.6013630199343,19.1231222248711,NA,NA,NA,18.2235408057487,NA,19.1528098377878,18.7541440183471,NA,NA,18.7301460026425,NA,NA,18.3670386885746,18.4078334203403,NA,19.3480614694223,NA,18.5402359750025,NA,18.8919576692409,NA,20.0484780988956,NA,18.2756688281049,18.7844796316299,NA,19.8023812078787,19.3304482622893,19.476813534789,18.8260363250808,NA,NA,NA,NA,NA,NA,18.7485074323307,NA,18.7290048095317,19.372901878596,-0.0496861927346899,-0.542832032898288,0.443459647428908,18.9609796908041,-0.208404064364659,-5.29065350247563,0.836744773474556,0.953979609445435,0,0,0.991183220335768,0,0.344432498299078,-0.145654270481624,0.83451926707978,18.9609796908041,1.45370733884061,-4.73022586011437,0.159513756833177,0.651333371176197,0,0,0.531395378340855,0
"P61925","IPKA_HUMAN","PKIA","cAMP-dependent protein kinase inhibitor alpha","=""PKIA""",19.1679543700946,20.6843398532676,20.336814147996,18.7214323598425,20.6531685214874,20.4847577117455,19.9468133354538,19.9823889982886,20.2760795698991,20.6146114493583,20.0813941926053,20.3725107981052,20.2986164654009,20.4059919079588,19.6969450896476,20.123993950355,20.0128416290506,20.1461078028782,19.4455691985245,20.1995897778778,20.8105522664776,20.2013231058304,19.8092176855172,20.0004733737762,20.0931464638953,18.4261072658861,20.0706720730293,18.9498725263929,20.3823023893317,20.0774312237018,19.8878597540315,18.203024877137,20.1537047527897,19.229775559889,19.7221090665233,20.8517586832266,20.6865956453955,20.014523852586,20.0536592379587,19.8520911101443,19.1277013797847,19.7675525181292,19.9722599505627,20.571837578634,19.7348950251541,-0.212402475444911,-0.597867694628324,0.173062743738502,19.9622748554583,-1.10913698249912,-5.0534899111613,0.273131083506704,0.794236235660287,0,0,0.759073503873681,0,-0.0613234493718835,-0.444542081300649,0.321895182556882,19.9622748554583,-0.322100032936837,-5.91531488780854,0.748834913282251,0.932548715587236,0,0,0.982419380650139,0
"P61956","SUMO2_HUMAN","SUMO2","Small ubiquitin-related modifier 2","=""SUMO2""",19.1812870937635,NA,19.2664572627896,19.5850238676937,18.8767819937767,19.0245354057056,NA,18.3631439188145,19.0851557383181,19.0911119560023,17.9612776978557,19.6606344521207,19.9123025857554,18.2297082103642,19.1532927266715,19.4194809200769,19.4876470969788,18.8393884652568,18.7285647073205,18.8785537772501,19.2021888177037,19.1569044810834,NA,NA,19.3160451192902,18.8362169747008,20.0284751762506,19.5734889375171,20.0775168799558,19.2320141511305,18.8456460112183,19.9564663202145,18.9195790686673,19.4062239486053,19.1630898462191,18.3641112973618,18.9540958603837,19.0397152627389,NA,19.1993579600003,NA,19.140135526635,19.7019296155563,18.9881556368459,19.7061830396346,0.24330711686175,-0.0973381762628043,0.583952409986305,19.1679971232879,1.44351425304148,-4.65169601370309,0.156654475997621,0.720861261794311,0,0,0.636977153525008,0,-0.115851356542731,-0.454505662323619,0.222802949238157,19.1679971232879,-0.691374214520925,-5.67464554654501,0.493319712288955,0.834663611429138,0,0,0.92140065556538,0
"P61960","UFM1_HUMAN","UFM1","Ubiquitin-fold modifier 1","=""UFM1""",NA,19.3206080979396,18.2733934437205,18.2888128169956,19.0739755020282,18.5860278084325,17.7756900196923,18.9713602097696,19.2452316237111,18.2758207125904,18.2679794152081,18.9588166621557,18.4648244275565,18.7001458126182,18.2671495087686,18.6479564126009,17.841847641883,18.7465382838157,18.9155088737698,19.0312015661253,18.6470778489221,19.262499903159,17.7508034710019,17.9717624093012,18.1492827081887,18.2725621430574,19.2073386465191,18.7591072934562,18.8428475950032,18.4779210236842,18.8791369282022,17.9751240685091,18.5615338702681,18.8993556881285,17.9039355380415,18.6738023921808,18.8838579054286,18.9145032785709,19.4526622915186,17.8411239118655,18.7703329808066,19.6134366109839,18.4722744094062,19.0761462206893,19.1679518684643,-0.0597317527248507,-0.395262950436482,0.275799444986781,18.6381652237441,-0.358544608428707,-5.51685438720313,0.721610944190453,0.947417763940137,0,0,0.980700047824217,0,0.170728142838446,-0.157346209144072,0.498802494820963,18.6381652237441,1.04810231748327,-5.44635667257549,0.3001832724352,0.754001885643784,0,0,0.814282620548938,0
"P61970","NTF2_HUMAN","NUTF2","Nuclear transport factor 2","=""NUTF2""",23.1511920709651,23.5515231420933,23.9032869521878,24.6182059959591,23.8503841076417,23.878040947889,24.0765950869019,23.582422660329,23.7344260874618,23.1171402712971,23.5834727923804,23.6452943771582,23.2076787989889,24.33393446525,23.4290698916616,23.6906611543931,22.9303191866922,23.8291672058011,23.956098984966,23.9762010709628,23.8159674291639,23.7206004129616,23.5237867365396,23.7136078411128,23.6605520726366,23.4120876344007,23.7937746526591,24.4175357848065,24.1105062023969,23.550858052329,23.6681437743759,23.5466652248866,23.6980059818958,23.8698415357628,24.1840597620154,23.5219358820645,23.3783098081986,23.6256384981208,23.7326086137458,23.5713810433899,23.5216976777204,23.975028641249,23.5646909759992,23.9051753090523,24.0771960000168,0.0378524869525769,-0.192484084649264,0.268189058554418,23.7245504621885,0.330782351314544,-5.53934099988847,0.742309602457242,0.948679518362231,0,0,0.988783756629671,0,-0.0174230462218823,-0.24641715894472,0.211571066500955,23.7245504621885,-0.153147736235309,-5.95362749441303,0.878951023705088,0.973832668502963,0,0,0.997754497199581,0
"P61978","HNRPK_HUMAN","HNRNPK","Heterogeneous nuclear ribonucleoprotein K","=""HNRNPK""",22.5172698440152,22.5055698863935,22.5910307345395,22.1325164391903,22.375236242975,22.6819399734531,22.6195451157546,22.5255555646184,22.5799902649361,22.1141135914678,21.6619435532451,22.1637719188014,22.2010235691815,22.0914541659175,22.2261299083197,22.185825010777,22.4678074112533,22.2049262489843,22.577697429029,21.6910022813281,22.6413277359577,22.7370648569584,22.4355959058637,22.0851061890124,21.8850382431237,21.8693342891347,22.6132987049387,21.9747842818524,22.4230148662467,21.9709261949428,22.9495596559744,23.2158298326523,22.2559437720628,22.795450348637,23.4008780414626,22.7046496803318,21.8989842826144,21.9167281930679,22.2704821211187,21.873956862115,22.2556347278588,23.2004393806425,22.9831696673103,22.4354996656152,22.1814483650793,-0.0761161223381244,-0.341787703637547,0.189555458961298,22.3797443337501,-0.576689925671193,-5.44153994228658,0.566957949114498,0.906755629796011,0,0,0.957725930764511,0,0.30506032980934,0.0409371486216931,0.569183510996987,22.3797443337501,2.3248237088848,-3.53185061906576,0.0245448512911067,0.344080314270748,1,0,0.322731079172549,0
"P61981","1433G_HUMAN","YWHAG","14-3-3 protein gamma","=""YWHAG""",25.4965292129195,24.5195379276562,25.0713994635575,25.6666327756615,24.6203563458407,25.4757704435861,24.5819648146119,24.7078645444828,24.8734519785826,24.7605382511641,24.4962126248143,25.6847885909043,25.7532755185445,24.996933325587,24.670261820968,24.1803697349747,25.3007854156643,24.6475239568695,24.8681960095475,24.5686649430915,24.9523972997857,24.6542070146017,24.9900497536288,24.9377431918625,24.7441557148078,24.0778063649072,25.0473285949955,25.3764564392702,25.2706033896109,24.6001635637261,24.512318664168,24.9961145084348,24.627621165141,24.8279852710212,25.8236699976523,24.6892124877746,24.8523637295935,24.4389248718943,24.8782745638948,24.5279239573448,24.4608005042932,24.7443589085643,24.779733372787,24.6683125116664,24.9111318614533,-0.215317047736885,-0.487251754729232,0.0566176592554617,24.8740158978202,-1.59376610496962,-4.50203461532399,0.117831289469531,0.679806474125127,0,0,0.630995963137843,0,-0.0318470007773506,-0.302196804602248,0.238502803047547,24.8740158978202,-0.237111866735955,-5.93798366068709,0.813621905469839,0.947477443017977,0,0,0.993452780265458,0
"P62070","RRAS2_HUMAN","RRAS2","Ras-related protein R-Ras2","=""RRAS2""",NA,18.8947153032513,18.4899035404437,NA,20.3527412076911,18.0106480143304,18.7014361709337,19.3085363685788,19.2456033911655,NA,18.5290209241475,NA,NA,19.5909767313135,17.7416801785771,19.9728845660187,NA,18.3953768005125,18.6051177223219,18.648754367236,19.7553569678533,20.042317407011,19.5770283603397,19.0015688295118,17.6701084171072,18.2956069845851,18.2361173943155,NA,19.4584393869719,19.3599892107167,19.9152891425549,19.7342333178257,18.7037515803613,19.1755482106188,NA,19.933106101208,18.6230815103994,19.0567206775383,18.666510019809,18.441732546033,18.5869566846077,18.0751350758455,19.0165610288268,NA,NA,0.142952540358849,-0.383318989445604,0.669224070163301,18.9660729754446,0.55087481896528,-5.34370554735118,0.585118387804513,0.912902949081589,0,0,0.926247187461084,0,0.00340739830918935,-0.494962339405014,0.501777136023393,18.9660729754446,0.0138657115138777,-5.88293963168402,0.989013589955343,0.999903966701438,0,0,0.999962358476234,0
"P62072","TIM10_HUMAN","TIMM10","Mitochondrial import inner membrane translocase subunit Tim10","=""TIMM10""",NA,NA,16.6608461546163,NA,16.5003793702702,16.8577019040141,16.1679581945062,16.8492525356407,15.1019203252364,NA,16.7412730577435,17.1076477005078,NA,16.2833776157558,17.3992674280833,17.0906831755771,16.7834230223463,16.2990397778012,16.770884336875,16.4610628187998,17.4815623376019,17.1552941117078,16.8431500649217,15.8663267381163,17.1536325903777,16.9504520676029,15.7923036743992,NA,16.6692554356073,17.6332219384081,16.6603286801239,16.1237267285659,17.1889492036437,16.66381054882,14.7484952570572,16.0636787078665,NA,17.3710927030869,16.8028422234545,17.3184920274094,16.6077209884206,15.8709041922574,16.3486361534356,NA,17.5899676953242,0.184019318189041,-0.286763669830381,0.654802306208462,16.6480692293509,0.791265728449364,-5.2197701395176,0.433694973585062,0.873144117382484,0,0,0.85750155960614,0,-0.213179129015884,-0.649323241298408,0.222964983266639,16.6480692293509,-0.989451175870012,-5.45668054086532,0.328694533012772,0.770746018696202,0,0,0.788842393064276,0
"P62081","RS7_HUMAN","RPS7","40S ribosomal protein S7","=""RPS7""",23.2117009024748,21.2978838886584,21.1996672001269,22.6242931695994,21.3759100131024,21.1438503612953,21.1787080573868,21.1393340036704,21.3839261196649,21.9688450398632,21.8319742362355,19.4191720698419,22.9304170707452,22.197816634336,21.5261327935639,21.6879598641569,19.4743699547133,21.4268206432241,20.4560475251224,20.8732028768223,21.109633270879,21.3586411467357,20.0034954073577,21.6436600012273,21.5660340170287,21.876768927262,21.699241369545,22.6468484874481,21.2523441888713,20.730779397649,21.3137035267769,21.6798649965925,21.4017556407388,19.18068612409,23.0944329823189,21.8457914292754,21.7851551104755,21.8029141023588,21.515936098025,20.7244276920813,21.1186068386205,20.9051706784755,20.959096844285,22.2824105244075,19.0676093307803,-0.45496640494077,-1.06565469211915,0.15572188223761,21.3536231235091,-1.49958313919771,-4.62320462787693,0.140548852309138,0.708378884160682,0,0,0.409534083637938,0,0.0581143227506189,-0.549014721066079,0.665243366567317,21.3536231235091,0.192669505094423,-5.9471010801908,0.848065178136012,0.959935715069946,0,0,0.99046860280616,0
"P62136","PP1A_HUMAN","PPP1CA","Serine/threonine-protein phosphatase PP1-alpha catalytic subunit","=""PPP1CA""",22.5223216826675,21.9045320394843,21.851654840997,21.5439222332212,21.7063286447361,21.7667623146492,21.6144888544043,21.7165191529895,21.8755750260441,21.8769622306757,22.1044030904528,21.1406152076638,21.653199023695,21.8612980107952,21.7653808683378,21.8853370824764,21.8132640956159,21.9620959959962,21.7157443233226,21.9525423758592,21.7445605459913,21.8859877449894,21.7934707548611,22.008359651827,22.0072816588478,21.8183143652155,21.822486897067,21.1720746419403,21.8742141346361,21.2862513672991,21.8422749999332,21.6336999857846,21.6218002727211,22.172039231906,22.0938861576847,21.8992786718571,21.6355358355592,21.9165509652326,21.6865373400651,22.0828395732444,21.5799991814073,21.2871316336564,21.5823474685209,21.8690407207437,21.6470010884949,-0.0127601343916695,-0.199314447677768,0.17379417889443,21.7821313774127,-0.137676800150579,-5.57914087348229,0.891096209209826,0.963182196760887,0,0,0.998529801577633,0,-0.0128015006089051,-0.198268528916567,0.172665527698757,21.7821313774127,-0.138932860560633,-5.95561051312848,0.890109135520742,0.975133831606227,0,0,0.998510871810854,0
"P62140","PP1B_HUMAN","PPP1CB","Serine/threonine-protein phosphatase PP1-beta catalytic subunit","=""PPP1CB""",22.8144077212018,21.5002525323063,21.2436485209483,22.2495494308285,21.0736387249653,21.4478545120851,21.6688547271649,21.3653706782552,21.683067706518,21.7565057777651,21.8781607907747,21.133543957797,22.3015195293182,22.0439193691738,21.7367612180321,21.5301076181456,21.3479150388263,21.0823748875086,21.5807914708234,22.0502553664022,21.2864018485507,21.1343110965992,21.622292720045,22.047815232012,22.120505872539,21.7164735361609,21.8168608587733,22.1999650317035,21.2418096238864,21.172395330899,21.2171702334019,21.0903457304245,21.3154109927792,21.6979291886069,21.6839411770229,21.6433586353626,21.2559825861751,21.9084905100987,21.5123126387582,21.7456380890586,21.5189951461874,21.0375255859567,21.4098899375791,21.464308908739,21.9726770480329,-0.12298534101161,-0.391506681061755,0.145535999038535,21.6071401586265,-0.921903266462259,-5.21685573766067,0.361384939291803,0.84082823932612,0,0,0.882341681829754,0,-0.0984199416460818,-0.365376272481036,0.168536389188872,21.6071401586265,-0.742085060563328,-5.70334449109888,0.461804932022556,0.831474716578483,0,0,0.926778673989825,0
"P62191","PRS4_HUMAN","PSMC1","26S proteasome regulatory subunit 4","=""PSMC1""",22.1836325695077,21.9103521530372,22.2316818600392,22.5177555587575,21.7653985614215,21.6255170335857,21.7535270299604,21.8831588369171,21.8925705409845,21.886751411202,21.9240415486675,22.1027068496174,22.4181578160301,22.2857909453467,21.7746962869737,21.7169452023159,21.634747869212,22.0173524091088,22.0515147031054,22.1457982341122,21.5735571345703,21.5560279043172,21.4958997703281,22.0726721224646,22.2648232162839,21.577855657938,22.1190606377277,21.9803583600317,21.753749689115,21.5848038998736,22.0859269230232,21.8920971823929,21.8507981684483,22.2555160112317,22.7562008197407,21.5699901364744,21.8227770748205,21.9599405530562,21.601971474036,21.9963802257214,21.7260934663381,21.9824279944063,21.5643510473228,21.5850391434958,22.2358745425894,-0.173231147169606,-0.376004685434901,0.0295423910956893,21.92413979057,-1.71959237986164,-4.3300791663047,0.09222339333425,0.657193415298184,-1,0,0.661726056324056,0,0.0893478635062266,-0.112243860099858,0.290939587112312,21.92413979057,0.892117962717242,-5.58797945421157,0.376968732015291,0.795820049946075,0,0,0.916523882898563,0
"P62195","PRS8_HUMAN","PSMC5","26S proteasome regulatory subunit 8","=""PSMC5""",19.8017586207625,20.6354972863701,20.1628490059802,20.1527965953485,19.9483702809054,20.0531957865613,20.2890013420787,19.9177763985862,20.265302668365,20.1263129477065,20.0379361128848,19.9774575499785,19.7349200428857,19.7892560715829,19.5841690213357,20.113291729192,20.2212616798113,20.5724056716502,20.1479643215176,19.9126357639215,20.0165123581887,19.7668516258323,20.0741023408946,20.1730326922387,20.0797596294672,19.9776636198274,20.2880450522435,20.3108660721978,20.0561849299712,20.0250452019592,20.1486193532372,20.4025103338321,20.1889801141768,19.8916971730306,19.8549039696457,20.3046008609254,20.1899490512004,19.8722283416715,19.88855549737,20.3535508157548,20.1383049920465,20.1190358296714,19.7005581687236,19.789474474681,19.8774022517876,0.0894463778902406,-0.0763190276977506,0.255211783478232,20.0651687477333,1.08612464421318,-5.07510573036746,0.28307787118934,0.798683993712781,0,0,0.893254000477788,0,-0.0676834307438909,-0.232482714282675,0.0971158527948933,20.0651687477333,-0.826680807101411,-5.64082074750579,0.412681873447275,0.812936151536325,0,0,0.941853879769204,0
"P62241","RS8_HUMAN","RPS8","40S ribosomal protein S8","=""RPS8""",19.8699754471346,21.3831669831922,20.9206962462211,19.0419583631505,21.0956142926096,20.7910402803133,21.2922375297433,21.5580229075856,21.4044779348042,21.4045127514975,21.1755105997868,20.0536079531544,19.2711331173912,21.3948508271169,20.9343427888177,21.4850094025919,21.2468585212699,21.5828397109932,20.9255386166737,21.2658573867493,21.3940223485902,21.5336560223386,21.407816739454,21.4723712800079,20.8512375203701,21.2249184201416,21.3729221901954,18.8696022043765,21.4502270524502,21.2522675563224,21.4609021765009,21.0822285547845,21.4909089209501,20.3512761539945,20.3964364811288,21.174593388336,21.2017723136763,21.2431476923356,21.2866045433359,21.4432503938541,21.2810085489172,21.4200156933772,20.1569537105141,21.3376637325818,20.0255875600712,0.383642067835861,-0.0346855717556017,0.801969707427324,20.98396984132,1.84595229370144,-4.14612446952713,0.0713343611572357,0.612150491830663,1,0,0.363142577124507,0,-0.132186340544433,-0.548075862514379,0.283703181425513,20.98396984132,-0.639763429201532,-5.77016769005133,0.525497272137422,0.839999406703649,0,0,0.918466313702159,0
"P62244","RS15A_HUMAN","RPS15A","40S ribosomal protein S15a","=""RPS15A""",20.6680368189684,20.4059717130529,19.9156965450246,20.2658305201516,20.3189318061949,20.0432297898615,20.7113816728813,20.4499883945384,20.427531909536,20.2053656966728,20.5140224298205,20.1091117848488,20.6991237248205,20.0500249408351,20.0584913974611,20.0257345586191,21.095839663468,20.4085052687907,20.1189606661269,20.7169112270121,20.253496553808,20.3829273098944,21.0474627756557,20.3888230258461,19.9235082231398,19.8591047493789,20.290258366951,20.3463056307245,20.826392694579,20.3933887992837,20.4049268643103,21.2751922792399,20.5272294526865,20.6622365045841,20.2371019280555,20.4022946595892,20.9022376173706,20.2958487744424,20.5153973478284,20.1947370690109,20.7735868897171,20.9527672187549,20.6359368217779,20.5377240963793,19.3178339879547,0.0833374721255851,-0.16802845527834,0.33470339952951,20.4123424482144,0.667336261425613,-5.39232172212797,0.507888518546784,0.896077533266722,0,0,0.945103740127133,0,0.103828799894927,-0.146072104309357,0.353729704099211,20.4123424482144,0.836297534958954,-5.63329906256497,0.407307121647265,0.809069748444882,0,0,0.910958662035541,0
"P62249","RS16_HUMAN","RPS16","40S ribosomal protein S16","=""RPS16""",23.3939469530599,22.9932268098374,23.1756305015328,22.9698192422789,22.7423778314566,22.1711892867445,23.2243533841276,23.3101245968,23.0575622804194,23.4433444695291,23.0519228640108,22.0093953036637,22.7901694155962,22.9307293463882,22.6569578976885,23.1149956551688,22.9501311115,22.8298592606491,22.331100400649,22.7325188107608,22.8580465027576,23.0543270395598,23.2681366753507,23.0418914443581,22.3098541504631,22.8765609851271,22.8621021653172,23.0779805839579,23.0298445788388,22.738786756595,23.3398747947268,23.4949998698239,22.8884239484486,22.5154063895301,23.0656428635424,23.0970134538385,22.8451260955749,22.9387654379113,23.4012660089534,22.7056034209949,23.3820535732196,23.252964821253,22.8722140328568,23.0240168370042,22.0880592695088,-0.0528685838497367,-0.297515827946249,0.191778660246776,22.9312959360305,-0.434978868792884,-5.5043101784184,0.665609959845219,0.942492860389654,0,0,0.978709675583892,0,0.122352979742288,-0.120868399313439,0.365574358798016,22.9312959360305,1.01256663722006,-5.48061472564546,0.316559142192464,0.763936761930615,0,0,0.868718686875384,0
"P62253","UB2G1_HUMAN","UBE2G1","Ubiquitin-conjugating enzyme E2 G1","=""UBE2G1""",19.1843042142905,NA,19.7315995146813,19.8438309607293,18.3712468127601,18.6999551924461,18.7823447012826,18.1002534317829,NA,NA,18.4912790135487,18.2861053963642,18.969619247637,NA,19.5231069173856,19.1264034417301,NA,19.0706691371511,17.1671096154787,NA,19.2940334222307,18.0063561878277,17.346579456381,18.3543955062196,18.432609340564,18.7091222803284,NA,NA,18.4292202815581,18.62665291799,17.8465189321142,NA,18.1317166796118,NA,19.6803462845037,NA,18.1215449065026,17.4855408933538,18.3202274117178,18.0177873952562,17.7086505607039,NA,NA,NA,NA,-0.482769785282333,-0.984503164011355,0.0189635934466893,18.5286376684711,-1.96232258390752,-3.93524629394444,0.0587429929411051,0.594208897114349,-1,0,0.254500820144523,0,-0.245085501368035,-0.787759879203521,0.297588876467452,18.5286376684711,-0.921046630502837,-5.36032534035215,0.364129376834698,0.791831108546088,0,0,0.78067475861846,0
"P62258","1433E_HUMAN","YWHAE","14-3-3 protein epsilon","=""YWHAE""",27.7471434278206,26.9776743090131,27.1726813059533,28.0413305782219,27.0884988362761,27.7673037797699,27.0116378126225,27.1175171164247,27.3059662111929,27.1184285598574,27.1323111883674,27.9929956296609,28.0265673413359,27.499743473236,27.3921720972334,26.93580683032,27.6398598027999,26.921495424705,27.1992982512003,27.0836690811324,27.4259652950973,27.2762358422781,27.1964823429312,27.4793917174049,27.2888485296863,26.923812979874,27.8593263130152,27.4409505137091,27.2796528574822,27.0326435371762,26.9131485782257,27.7160746995973,26.8250025135335,27.5896223570644,28.4389543948277,27.2365568358248,27.1842836829483,27.2904595857222,27.1262960894266,27.0012759825867,27.0381886100729,27.3093876708811,27.1871413958871,27.3747678682752,27.4642895781386,-0.164619505178823,-0.412072285648797,0.0828332752911503,27.334908018418,-1.33905915729026,-4.8144054097043,0.187125276942572,0.734553882159661,0,0,0.75888995628468,0,0.0474673682800208,-0.198543195784777,0.293477932344819,27.334908018418,0.388375841355975,-5.89288002295549,0.699528046930484,0.916449794501418,0,0,0.983180617023146,0
"P62263","RS14_HUMAN","RPS14","40S ribosomal protein S14","=""RPS14""",20.088327228579,18.5888031796878,NA,19.1729123353784,18.6272809955483,17.8841618199815,17.5585446652231,19.657521996611,19.006846684065,19.3973216304702,18.0341755938247,NA,19.1933245695436,18.6456968057736,18.9196182712706,19.5762107020292,18.7428004615163,19.531767594882,17.7243434456726,19.4652725984709,18.831180560254,18.1957143936035,20.5190288825547,18.9354817494349,17.8955756474315,19.1054732311492,NA,18.619247898282,19.4762280636813,18.873144686575,18.7398826124487,20.2107871528726,18.2938975125635,19.8150413677251,18.5084589430234,18.5616508285659,19.5778269776459,18.7504615349818,18.0112828545767,18.6175095874501,17.9283569213466,18.7302707038198,19.156337162372,19.03675716089,NA,0.117455955777213,-0.381084844469715,0.615996756024142,18.8830372441896,0.475445267655343,-5.44552887170785,0.636930747342866,0.936572189071119,0,0,0.948395454530199,0,-0.109279701619769,-0.595915981195061,0.377356577955522,18.8830372441896,-0.453170060396939,-5.83642524986907,0.652756648715463,0.905507449629859,0,0,0.954456363448419,0
"P62269","RS18_HUMAN","RPS18","40S ribosomal protein S18","=""RPS18""",21.1135464686685,21.547516775659,20.2123012965952,20.4945450501986,20.9724315213637,20.5237296541487,21.5455543356482,21.6692531836175,21.4864383171966,21.3455687278772,21.1281327330204,20.1464270175749,20.7456753600288,21.010515997887,20.6833912826256,21.736625572867,20.620503840335,21.3398336260541,20.6931804528978,21.3603144880197,20.6482865473862,21.3000880929163,21.7798021199549,21.2704548159361,20.6826470093106,21.2450485657555,21.0958997708303,21.0181407351411,21.4310774162455,21.2241157270857,21.6435515503672,21.6384849885297,21.3385336499044,20.8703502225369,20.54151090115,21.5995035858047,21.5200754031877,21.4646607389234,21.701648535311,21.0888167173155,21.441603589765,21.682920189829,21.3766695854092,21.7138330312602,20.0541472024001,0.191686065475253,-0.110730005973521,0.494102136924026,21.149941253212,1.27584079843911,-4.88428479104481,0.208411118629386,0.74423025803658,0,0,0.740366268954142,0,0.148686074063875,-0.151967441237404,0.449339589365153,21.149941253212,0.995439381516525,-5.4966740783466,0.324725713223295,0.770746018696202,0,0,0.845997993124225,0
"P62277","RS13_HUMAN","RPS13","40S ribosomal protein S13","=""RPS13""",NA,20.4513879728367,NA,NA,20.5886495028571,18.5121029250888,20.4896434608275,20.8936530793109,20.822580183687,20.9238520592669,19.8910898891551,NA,NA,NA,20.2071805868388,20.3780652076476,20.892446065311,20.5515268976253,19.4169070267224,NA,18.8435595292788,20.9718213966409,21.4447851452955,20.0032069947795,19.6006055749908,19.9326984070949,NA,19.000889907366,21.0625849414218,20.7300138999703,19.8909091091008,18.9233731206457,NA,18.254587007967,17.5641886435002,20.8464817550696,20.5933501989173,NA,20.9006156141262,19.7082672770651,NA,18.3223899192827,NA,NA,NA,-0.111174103688718,-0.838047113411518,0.615698906034082,20.0197875257964,-0.311530167331382,-5.40563755237599,0.757415677071664,0.948679518362231,0,0,0.96958323569135,0,-0.704349784699307,-1.42679905758295,0.0180994881843314,20.0197875257964,-1.98580245107425,-4.07063318131335,0.0556678190377983,0.447521680709845,-1,0,0.130757495353577,0
"P62280","RS11_HUMAN","RPS11","40S ribosomal protein S11","=""RPS11""",NA,22.5299976744206,22.4804119435556,NA,22.2869577504974,20.9980531444226,22.5873820946262,22.4130782638839,22.9145310754516,22.263400605472,22.4349702927081,20.9289404945142,20.8683112022704,22.8298377176741,20.6944489204047,22.7784934973987,NA,23.1671937072699,20.8345874191385,22.3938933180503,22.2179589532004,22.392343456326,20.6080281049331,22.2766920178405,21.7635187641829,22.4021353482813,22.1759276989506,NA,22.5647235656501,22.2061929898884,22.4745601220759,23.2942429668879,22.3825645910137,20.9667102179982,20.1480521969127,22.7107700875217,22.9160749022308,22.4191726383371,22.6869541885947,22.0401487117926,22.9458702383646,22.459149975919,22.3816271185359,22.8111993987387,NA,0.145792512222425,-0.40178721599781,0.693372240442659,22.1662276843984,0.537684286856755,-5.40475730466938,0.59369884254861,0.921156305623703,0,0,0.926803462810701,0,0.174308676610885,-0.360744270994998,0.709361624216767,22.1662276843984,0.65790279583133,-5.71284779594019,0.514274111362425,0.834663611429138,0,0,0.890550852680841,0
"P62308","RUXG_HUMAN","SNRPG","Small nuclear ribonucleoprotein G","=""SNRPG""",17.9522251509879,NA,NA,NA,18.3859593297419,17.7270363017373,NA,18.3185356896504,NA,18.727981480311,NA,NA,NA,NA,19.239107476274,17.6533733478297,NA,NA,18.479693486609,NA,18.9162654908868,19.1021221402531,18.3664050741725,NA,17.8285241307838,NA,17.779359105363,NA,18.7905607574496,18.7637111307365,19.1728278373311,NA,NA,18.3551003260569,18.2798554921205,19.1378997220363,NA,19.210702925778,NA,NA,NA,NA,NA,NA,18.4067828834847,0.00228501686719795,-0.520646359947423,0.525216393681819,18.5044775847426,0.00906108127805418,-5.29184032257784,0.992851917107867,0.996531093084445,0,0,0.999983607988117,0,0.368888444280575,-0.150874047368977,0.888650935930127,18.5044775847426,1.47172081407937,-4.69513125096876,0.155231508804215,0.650053360268424,0,0,0.50299286671015,0
"P62318","SMD3_HUMAN","SNRPD3","Small nuclear ribonucleoprotein Sm D3","=""SNRPD3""",18.3166564455667,19.985681674518,20.0621719140827,20.0203981992481,19.8571468200598,19.8459825580494,20.5885042044234,19.8362779267088,20.6124367493291,19.8790801414207,19.3327112769912,19.5919512684559,19.0760053595572,19.0143220779396,19.1688913004365,20.2052975121218,NA,20.016831815679,20.302344685951,19.7489037412892,20.3610693838726,20.3055681811099,19.9534164605437,20.0801562860856,18.8255589176009,19.4134698825577,19.3831675859325,20.2211020864882,20.3785134440631,19.9866903279361,20.2913121678111,20.474502458936,20.0656131790214,19.3215813232906,19.1347263664216,20.4724674186141,19.9846647405386,18.4843152108003,19.7026482598893,19.4578388098367,20.3940164892954,20.7971416123874,20.2808211789725,19.6057013704232,19.0557821516491,0.27997739149572,-0.123059779895225,0.683014562886665,19.8157600219524,1.39909983565141,-4.73487829152294,0.168632121174931,0.726731884094588,0,0,0.607520255633377,0,-0.11803451632397,-0.518717592699284,0.282648560051344,19.8157600219524,-0.593306177153832,-5.78207657797197,0.555944047981992,0.858017859794089,0,0,0.933049893064404,0
"P62330","ARF6_HUMAN","ARF6","ADP-ribosylation factor 6","=""ARF6""",NA,19.1997467899381,NA,17.2356261444816,19.579620738233,19.2766193279114,19.6658738700859,19.7337194655585,18.5684354710949,18.678332045574,19.8067795760258,19.2559729720304,17.0960083380103,NA,18.9845368270114,19.0959980571066,17.7025683193721,19.4778739799593,19.5644900565032,NA,19.4673122656007,19.7730838914825,18.7438840691553,18.3534207151898,19.5954249155739,19.7154265823012,20.3617446638523,NA,19.3877642588752,19.9380175620526,19.2223982913221,NA,19.1043215596983,19.7163416003659,19.2633283426752,19.7854068794673,19.7325153365391,19.3212350216846,19.3143810241683,19.5115254645602,19.8743158643949,NA,19.9817520762707,19.7641743313085,NA,0.395613125860692,-0.104483721641816,0.895709973363199,19.2662155863631,1.60138691346643,-4.44819490431558,0.117564085509305,0.679806474125127,0,0,0.428734523369669,0,0.251341485791592,-0.245779101070538,0.748462072653721,19.2662155863631,1.0234865245833,-5.39401010807808,0.312542650527885,0.760119753912049,0,0,0.746534272927588,0
"P62333","PRS10_HUMAN","PSMC6","26S proteasome regulatory subunit 10B","=""PSMC6""",21.3946037337913,22.0665686699023,22.0735214055177,22.1122013400487,21.7634418343045,21.8517915082154,21.7711994239417,21.7586439502775,22.0734442244647,21.8973556557205,21.7309462801433,22.2594406942863,21.341300508077,21.3327912938531,21.4465138841917,21.3483169689161,21.529266300822,21.9470750731184,22.1625957018921,21.3068333167076,21.8802638077239,21.6925214395052,21.8321584097303,21.6570454781413,21.4553439033773,21.517926770316,21.526512100087,21.1144211749603,21.6563843687051,21.679394640398,21.9545387829549,21.7802657174703,22.0540067154391,21.8700731487544,22.2203629794695,21.6959926660133,21.6412506992809,21.596956859409,21.9181668021344,21.8710160605728,22.0175029922497,22.2465246472266,21.9427311615708,21.3492460026119,22.044765706812,-0.169656567818809,-0.36315316657332,0.023840030935703,21.7640716622912,-1.7648514307955,-4.26547012329301,0.0842214115860027,0.632228637420987,-1,0,0.657189887669764,0,0.259822765837939,0.067453913429778,0.452191618246099,21.7640716622912,2.71864973317745,-2.70582202686349,0.00921120675868829,0.273025925331745,1,0,0.295857845740987,0
"P62424","RL7A_HUMAN","RPL7A","60S ribosomal protein L7a","=""RPL7A""",20.3750005194226,20.2098679212162,18.7588145347458,19.4788231512863,19.1706628349045,17.8051109122752,20.2493335291075,20.0557863943531,19.486598531497,19.643857908157,19.8330763921665,18.2208805373427,19.03816638096,19.2145709565318,19.0382131512867,19.7124090009903,19.7044862196797,19.5278633608953,18.8859790058098,19.267399566427,18.9879005756558,19.4854919284856,19.3601772653946,19.8212827037317,18.3872133236202,20.0907488219329,18.5136716510201,18.5251119496244,19.3080109683125,19.4854598768238,20.3596938916921,21.3276306172868,19.8402453832607,20.0670428352345,19.9911062163735,20.67619723942,19.4565358864181,19.8169659589015,20.2450439315688,18.9940434248412,20.2424435720139,20.6466872192976,19.8404720900997,18.0413933110065,18.5110358492262,-0.0876565369587432,-0.552279727471932,0.376966653554446,19.50441127334,-0.379746899088694,-5.52405801771629,0.705879384396993,0.947417763940137,0,0,0.969929658374426,0,0.599555413882495,0.137640162986354,1.06147066477864,19.50441127334,2.61262956708951,-2.93748435926963,0.0120946617899199,0.282187558578439,1,0,0.0708612304540918,0
"P62495","ERF1_HUMAN","ETF1","Eukaryotic peptide chain release factor subunit 1","=""ETF1""",16.9504717401787,17.9728074163694,18.0585629533156,17.565704938717,18.0249530127179,17.813385909704,17.276473688581,18.465542832395,18.4797164826547,NA,17.6167396493035,18.43216871747,17.1912809038946,18.0567652979588,17.7168892714092,17.66203770277,17.7240643789299,18.3273873367438,18.1691316195751,17.5351183819707,17.8318878157095,17.1211634303681,17.9014941315295,18.2209691974081,17.9093269891818,17.7401239321971,18.0075266198659,NA,17.6299058491442,18.1092259906823,17.7108996143888,18.9401103962516,18.3801344987977,18.0388159312934,18.9148914950674,17.9027308832393,18.1893419731164,17.4967734953816,18.1413173552871,17.6948273401661,17.7752426191229,18.5385001201478,18.3668848491856,17.6293425759493,18.0414629787694,0.0187503751424138,-0.274888141968391,0.312388892253219,17.9365605189979,0.128688512878553,-5.55223402308898,0.89819001611827,0.964854544226765,0,0,0.997988729406215,0,0.27286819938216,-0.0144245064187042,0.560160905183023,17.9365605189979,1.91412884823833,-4.27413519571085,0.062115420724559,0.467370238367444,1,0,0.468492347918026,0
"P62633","CNBP_HUMAN","CNBP","Cellular nucleic acid-binding protein","=""CNBP""",18.9821463280307,18.5306014361448,18.7042336381959,19.4235993979282,19.1495860450789,19.0051985397579,19.3787182778377,19.188712894033,19.3840667792681,18.4857807789707,18.7976377541471,18.9172674826431,19.5577161927499,19.0368340348428,19.105084191564,18.5635800625161,NA,19.1507346197486,19.3741273092286,18.4011188548105,18.807078009986,19.1384265521374,19.9251685683713,19.3779442597275,19.0335948855889,18.9616082852362,18.2303681171194,19.0621126961437,18.7628587477809,18.9349427302371,18.8571177857808,NA,18.713820873059,18.7761564440495,18.7069780963625,19.1061011523039,18.481939512471,18.7585038658601,18.7162636027214,18.5776679665084,18.7334224434638,18.7337983101178,19.0333741085748,NA,18.8578828735023,-0.0639008508538268,-0.296217462956049,0.168415761248396,18.938663678681,-0.554694711713922,-5.43821789139563,0.581974715752627,0.911167680484708,0,0,0.966000103697398,0,-0.20981411154229,-0.448827596286662,0.0291993732020827,18.938663678681,-1.77027175747612,-4.48302979020943,0.0837648878152594,0.523449990728398,-1,0,0.594351294161511,0
"P62701","RS4X_HUMAN","RPS4X","40S ribosomal protein S4, X isoform","=""RPS4X""",21.2826978141567,21.0291466862226,21.309359805582,20.4499801067892,21.3022866144975,20.817984382209,21.5274081605766,21.8572206722621,21.6293624469979,21.5998166445256,21.6233478597453,20.5749312622194,21.1722961478386,21.540171815585,20.7113327554533,21.6917289457543,21.779674555368,21.5237503525487,20.8736409665782,21.6093068530351,21.4495520445033,21.7768951381948,22.0044961460903,21.6208521821539,21.0387149107531,21.6284580896737,21.5237240127568,20.200977572579,21.7110018527466,21.2956200171477,21.8933545205354,21.9892178928269,21.6123259041362,21.90644724558,21.0537658378243,21.6627740426827,21.4898238936114,21.8866812556976,21.5700545712264,21.4328513922563,21.5609418933568,21.92558215019,21.8498107961746,21.8763874033896,20.4751413301454,0.221700334708675,-0.0652322678531298,0.50863293727048,21.4297977098706,1.5552394400491,-4.55239122105432,0.126736953436897,0.692635924516365,0,0,0.632576935778801,0,0.163784432650008,-0.121475855275411,0.449044720575427,21.4297977098706,1.15569201963998,-5.3362664320179,0.253769448399595,0.731611920386068,0,0,0.798833803991651,0
"P62714","PP2AB_HUMAN","PPP2CB","Serine/threonine-protein phosphatase 2A catalytic subunit beta isoform","=""PPP2CB""",NA,NA,NA,NA,NA,NA,16.2980063426876,16.0817985780224,16.5029170069931,NA,15.9432306361147,NA,NA,NA,15.8734145496859,NA,NA,NA,16.1720860019216,16.9639333761066,NA,15.9863834785344,16.1430543850361,16.5154484058895,15.9658613950624,NA,16.3911418091499,16.6286791426616,NA,15.6022777679575,15.5708335841422,NA,15.8337769361927,15.6907562794371,NA,NA,16.5873097693424,NA,NA,15.8164030558962,NA,16.3624866429578,16.040356241284,NA,NA,0.0907230922725795,-0.306798012559094,0.488244197104253,16.1414359707179,0.473252558705939,-5.16360781443664,0.640686464602205,0.937631034793381,0,0,0.960413566867013,0,-0.257802958364143,-0.613854060742889,0.098248144014602,16.1414359707179,-1.50145001579224,-4.68763360061813,0.147430516804615,0.638134999764275,0,0,0.610463031456769,0
"P62750","RL23A_HUMAN","RPL23A","60S ribosomal protein L23a","=""RPL23A""",21.721060571229,21.9312181714965,21.9799902266725,21.1190123318128,21.1037378757734,20.7666053766527,22.0457552071049,21.9660479544389,22.1549124570224,22.1484938216034,21.8410679748654,20.7880567204528,20.7044344950976,21.3626635966566,20.9764109400285,21.6235982070191,22.0387989156095,22.0136808236641,21.349736756136,21.5259780487394,21.3355242939252,21.9742441395131,22.215342527259,21.9309040970027,20.9985520738655,21.9631536178628,20.4467196449694,21.0024044791342,21.6249003994633,21.398480961168,21.8137949256326,22.9764285399129,22.0748760201858,21.8293433709395,20.7936433462895,21.8782940405248,21.6578319104962,21.7691432519644,22.1898137826595,21.1028203665093,22.3276968878305,21.9921294018161,22.0660691959309,21.5880378707892,19.7813751738114,0.0586993250443797,-0.322164550383375,0.439563200472134,21.5976174398118,0.310223101370965,-5.54513355434067,0.757791260996353,0.948679518362231,0,0,0.983851704546768,0,0.15995193999742,-0.218692165952548,0.538596045947388,21.5976174398118,0.850294012435095,-5.62220133963288,0.399562001026988,0.803784852543156,0,0,0.86352042918721,0
"P62753","RS6_HUMAN","RPS6","40S ribosomal protein S6","=""RPS6""",20.1083767185091,20.3515562222747,20.1607650339482,19.5957944164725,20.4662349749188,19.8592839032444,20.6294666842922,20.6633633824533,20.553354074863,21.1616879064657,19.9859732809064,19.990053816601,19.1813375782857,20.5111416459691,20.273477872256,20.93952084082,21.0108773362215,20.6833904332582,20.2295542712779,20.6347915328584,20.1927359580716,20.8986928172423,21.2415256116849,20.7244180816976,19.8166645809176,20.762270174234,20.3179149683944,19.7000331949876,20.7309341053157,20.7162850785675,20.8728394260293,21.409932699727,20.6610738403256,20.6719405446174,19.8778033417879,20.7516694434351,21.0726725254465,20.9629324974641,21.1173677441175,20.3463027828749,20.9512428739521,20.8894072178551,20.757775233517,20.6886279447193,19.3030779514963,0.338015590821577,0.0175635855307109,0.658467596112443,20.4983587236528,2.12316892275882,-3.70483500585126,0.0391463498555753,0.530153423758362,1,0,0.334431910024682,0,0.115670472121078,-0.202913859110017,0.434254803352173,20.4983587236528,0.730817445323368,-5.71117671164255,0.468593626021599,0.834663611429138,0,0,0.916053548743319,0
"P62805","H4_HUMAN","H4C1","Histone H4","=""H4C1""",25.6322965326298,25.3482376461845,24.5031037639217,24.7164078322617,25.145685579615,22.4465991508323,25.3476839774721,23.9381801202891,24.2765461899247,24.8588723837346,25.4637695248842,25.1981128407209,22.161887568951,25.9224142465371,22.6951019991725,25.1276204379656,23.1497408544302,23.8552153854771,23.7751179053221,25.0509731365383,25.5539199206333,23.8091631743176,25.8126359972634,24.0215073222015,22.7343249833087,24.1942374882295,21.9793646219007,25.4069735597243,24.4380516288385,25.2344633782743,25.7617422291353,24.6669158256339,24.7556366233904,23.0454144537124,25.3767432228249,24.5062303612708,25.2912776323698,25.3494020813419,25.1184320921372,25.9359190768376,24.8367530432918,24.17241868197,24.3676737744376,26.089500236435,25.1825511604863,-0.221877958329987,-0.919436797459268,0.475680880799294,24.5834404365963,-0.640241947056516,-5.40777000209351,0.525188949117954,0.896272049979875,0,0,0.866850475478102,0,0.687553380056659,-0.00593991250872017,1.38104667262204,24.5834404365963,1.99560676001211,-4.14465905808716,0.0519128915265362,0.430239685589521,1,0,0.13082270802752,0
"P62807","H2B1C_HUMAN","H2BC4","Histone H2B type 1-C/E/F/G/I","=""H2BC4""",27.4241082913507,25.2172688851554,24.3332769653853,26.0797481766982,25.048176086461,23.0358361490409,25.3291086709574,24.1312566886958,24.3584642422079,24.3530570687881,26.0676630320598,25.0240336844277,24.7779484317299,25.9868297373292,24.7774902951959,24.6757778757552,23.8985862855545,23.5284382844569,23.5413941821315,25.9334854550799,24.9639941885982,23.9888534455581,25.4147962418889,24.8906193316405,24.0765029883182,25.1427680838428,23.2590476477637,25.8630833970784,23.8644518162859,24.7425394707909,25.3484098837409,25.5643320153549,24.38422310885,25.4269734513612,27.570940731753,24.2636884782601,25.2418752217998,26.0279221443643,24.7480068451157,26.286780921023,24.4760018163603,24.1598769773133,25.0574548237247,25.9149039630095,25.9786170594899,-0.533612426652219,-1.14863255816348,0.0814077048590389,24.9817469453722,-1.74641483927728,-4.29196290607781,0.0874082011666763,0.639868530548333,-1,0,0.272394975025113,0,0.844377916451791,0.23294227536935,1.45581355753423,24.9817469453722,2.77969359158692,-2.56949885254823,0.00785304762612932,0.261034630312201,1,0,0.0166961665203622,1
"P62820","RAB1A_HUMAN","RAB1A","Ras-related protein Rab-1A","=""RAB1A""",NA,18.4699144545691,18.9431708935784,18.4090285888225,NA,NA,18.7118080060848,18.3818204938033,18.8408623961736,NA,NA,NA,NA,NA,17.5833765610607,17.3479081722939,NA,18.28929541147,18.7259552583482,17.9367610725589,18.7496833471229,18.3230201324824,17.2489047123422,17.484720216256,17.6291954003816,NA,18.394441044674,18.1845271639788,17.6609981850906,16.930100917886,18.265498852978,19.0807657176455,18.6391963013503,17.5857234916156,17.4016832564766,17.6783061573296,NA,NA,17.3335728804345,NA,17.310241564926,18.660091063931,18.5171429644677,NA,NA,-0.566344291661789,-1.05309120020883,-0.0795973831147511,18.0905904893378,-2.37290657911944,-3.30256436142886,0.0240239520444259,0.488872265797768,-1,0,0.12102838256495,0,0.0843249364694643,-0.34953407885157,0.518183951790499,18.0905904893378,0.396379067164459,-5.76348842828289,0.69453722056165,0.915228679438145,0,0,0.969730343494863,0
"P62826","RAN_HUMAN","RAN","GTP-binding nuclear protein Ran","=""RAN""",23.0802911187357,22.6796985436091,23.2846408512986,23.056665218655,22.7780550312048,23.4161223685649,22.9168751457434,22.8094074195697,22.8979510060088,22.9146939674377,22.6390984332335,23.6387555727797,22.995633754179,23.2776740501056,22.7431490471861,22.7644901624679,23.3670083690292,22.8758114441436,23.1733237515945,23.0903723259912,22.8705822139962,22.7254174799277,22.851083796211,22.9329949665595,23.0259604100409,22.8114365831203,23.4029136218156,23.2177180515893,22.9778787622496,22.9901437097966,22.983828634342,23.614831597972,22.9617781376794,23.4205909490418,23.5622024749146,22.9432122317078,23.0563293166588,22.9408129854769,23.1441943365444,22.9824636546247,23.2878776466202,23.7056550411767,23.2457037182102,23.0881418959886,23.7161209808749,0.000381795318126876,-0.189623523008695,0.190387113644949,23.0857686839706,0.00404460068586971,-5.58748436952544,0.996790358736386,0.998977310989304,0,0,0.999998772603939,0,0.238440530219997,0.0495426101880781,0.427338450251915,23.0857686839706,2.5407604058646,-3.0907307820516,0.0144963375844758,0.310945250995393,1,0,0.364392519343832,0
"P62829","RL23_HUMAN","RPL23","60S ribosomal protein L23","=""RPL23""",20.6582951476538,21.1184735448082,20.9013040698914,20.6504370492814,20.7553907291305,19.680144740475,20.5969498565501,21.6268609954141,21.3670360936003,21.5374491334414,20.9363495735689,NA,19.8383607013058,21.6985211274584,20.0076774234413,22.1328741379918,20.5087072791706,21.3570351998805,20.4040704373158,21.2144302301726,20.986090515407,21.62284070823,21.6209201631256,21.3009028702685,20.605242281108,20.9245603385277,20.4856375369947,20.362631977293,21.5889116972977,20.9675122430143,21.9046608565685,20.7510618516528,21.5536931482369,NA,20.5620215473255,21.6264465511098,21.2482933242504,21.9028568757435,21.7334365032008,20.8203027086486,21.5735399401075,20.1184296647282,19.9079932974153,20.7677202338415,NA,0.266732286405951,-0.12868076498678,0.662145337798681,20.9982398643964,1.36035493983078,-4.77964848912517,0.1807999239197,0.731429183389005,0,0,0.633681150986065,0,0.0196527297767659,-0.380854875926798,0.420160335480329,20.9982398643964,0.0989554607134692,-5.9272261624931,0.92163308044152,0.979656818909501,0,0,0.998397463594192,0
"P62834","RAP1A_HUMAN","RAP1A","Ras-related protein Rap-1A","=""RAP1A""",NA,NA,17.4750938602102,15.1617311424499,16.9814184243854,15.8097975685017,NA,17.4603845192299,16.5670709812633,15.2483241704656,16.5606824646387,15.8998791614576,13.9598311518642,16.2136282323402,15.8846331182189,16.9979471378161,16.6748158665767,17.2165832823628,16.948348227804,16.5919198819721,17.5138163296443,17.3448067450452,16.3859139739011,16.2640712562119,16.1726035703387,16.0979787374268,17.2595895720427,NA,16.9689823185044,16.8604419458195,17.2060517100386,NA,16.5986542590114,16.688434568226,15.7282110923912,16.7082615495028,15.9290690838467,16.8176753646199,17.1536196678998,16.0197055885766,NA,16.3758741174834,16.0351307122982,16.4590674890114,15.5574138448354,0.663442733034767,0.172416884525531,1.154468581544,16.4563451971342,2.73066071935336,-2.6071222829809,0.00935219326086434,0.416167334657996,1,0,0.0450627082258092,1,-0.376875474430182,-0.855070607874658,0.101319659014293,16.4563451971342,-1.59280048974581,-4.74809745825463,0.119069651384514,0.593891809164898,0,0,0.448427351642205,0
"P62841","RS15_HUMAN","RPS15","40S ribosomal protein S15","=""RPS15""",22.8547655646665,NA,21.166715324573,NA,NA,NA,19.7145128566791,20.8128523210991,NA,20.7520464535812,21.5691575797329,NA,NA,NA,21.7266118353483,NA,NA,20.236775647884,NA,NA,20.4968649486313,NA,17.8509066929896,NA,NA,21.0603139654538,NA,NA,NA,NA,NA,21.1725434703245,20.5782723673948,20.8263357186725,22.6035818373842,19.7341963689065,NA,NA,NA,NA,NA,NA,NA,NA,NA,-1.26472749885494,-2.45759861938118,-0.0718563783286972,20.8222783095826,-2.2364969563345,-3.65105925877212,0.0389777500549805,0.530153423758362,-1,0,0.0165107656623949,-1,0.949938836928741,-0.314361586650061,2.21423926050754,20.8222783095826,1.58493054229608,-4.4388965683562,0.131363004305441,0.618529116746516,0,0,0.145413033876162,0
"P62847","RS24_HUMAN","RPS24","40S ribosomal protein S24","=""RPS24""",22.5489439748204,22.5677007765009,22.3217667130268,22.1281374079596,21.6099452567357,20.9521610365968,22.7360974408445,22.2534665764958,22.0546093429011,22.366689684989,22.7358069718639,21.0669459682069,22.2356816699698,22.5536068664101,21.8807256167744,22.4689910598459,20.7132482200096,21.9921963546476,21.8184360685835,22.6663487864132,22.0644017965694,22.1702472519516,21.5793641862472,21.2766716613609,21.5888249590298,23.4747035657293,22.3882837643797,23.0759244954878,22.163378725534,21.9973722944754,22.5112607944693,22.20093566751,22.2837084119009,19.7582168228472,22.769438439272,21.9951803942032,22.2655985859002,21.8156951221979,22.2861977848247,21.711034924459,22.2385955232526,22.2470500246021,21.5211686698316,22.7518161459851,20.2301994501589,-0.0351877951103639,-0.50302246231297,0.432646872092242,22.0452616723506,-0.151394627576453,-5.57739437112904,0.880325850170807,0.962924583781994,0,0,0.995524895843758,0,-0.190153095256662,-0.655261105556613,0.27495491504329,22.0452616723506,-0.822925253392044,-5.64373525582674,0.414792572690524,0.813290868361498,0,0,0.845920162087506,0
"P62851","RS25_HUMAN","RPS25","40S ribosomal protein S25","=""RPS25""",21.9219427298691,21.9465014531396,20.3663866418045,21.4664018850774,21.5476982814362,21.1007731544651,21.8624726696172,21.2810081868443,21.1491539818951,22.0562635647178,21.2185275011592,20.3234999078786,21.3672057737833,21.4483710099336,21.1219639149537,21.5207418591346,22.6048423934116,21.8112772929266,20.8705607478836,21.7249947533954,21.1329822473344,22.0265339800485,22.0898282552351,21.8131898048951,20.992493853198,21.112563252823,21.1357775808447,21.542677701145,22.1232026389946,21.5612693869294,22.0418697314661,22.7634281675242,21.6901025727286,22.093828195402,21.5209108998904,22.1218179992437,22.025644889748,21.9271413510954,22.1978159307116,21.3318698652618,21.569717649187,22.1239498720211,21.3774144622618,22.0154264314436,20.9838598055086,0.259243123643696,-0.0598976596787366,0.578383906966128,21.6005756495171,1.63506773614236,-4.4468481642995,0.108854523009057,0.679806474125127,0,0,0.562741666929536,0,0.248124138352956,-0.0691566130377513,0.565404889743664,21.6005756495171,1.57411370651956,-4.81353349731469,0.122308612531042,0.598693123409454,0,0,0.593712324454073,0
"P62854","RS26_HUMAN","RPS26","40S ribosomal protein S26","=""RPS26""",17.6756487562015,NA,16.4262285570739,16.8200203882677,16.8037840531291,16.7915067013911,16.2140138967031,16.5510293262657,17.7814488000049,17.8540914214039,16.4504045020361,NA,17.6905558564775,17.3027403205391,17.3121189099913,16.8708239669407,17.451665065289,16.7419179483115,16.0467870564782,17.4288106641939,NA,17.3552285112128,18.5382275638798,18.1310837318912,17.5403566304918,16.6464617710336,16.5441932221398,16.8021667391534,17.4079899853376,16.5714017585322,16.5889265821608,NA,17.0847113396072,17.2105559424005,16.9704121894103,17.2088390744548,18.1866316176242,17.5062047328172,NA,16.0255872134246,16.9158006184205,15.9095286420967,17.5795071027059,NA,NA,0.0839646837204775,-0.360063539450407,0.527992906891362,17.0773002936709,0.382473207714364,-5.48017396254526,0.704184736350608,0.947417763940137,0,0,0.970981720728556,0,-0.100097945500909,-0.561155686998347,0.360959795996528,17.0773002936709,-0.439121582037905,-5.785986541701,0.662994333872049,0.908027547667818,0,0,0.959695590522951,0
"P62857","RS28_HUMAN","RPS28","40S ribosomal protein S28","=""RPS28""",22.043495071863,21.9811451466948,21.814671400771,21.6901681029227,21.3365447540725,20.4141339037068,21.1985245086207,22.0766229166237,21.6517230015529,22.2187071757694,20.9130417382331,20.5854518675705,21.6791543927115,20.9475206832674,21.8287220177333,22.0315108317962,22.1543077186285,21.2015427127676,20.726259247168,21.2305664727765,21.1964102718945,21.9894505277654,22.0585893549336,21.3286068418781,20.417755515577,21.456209116072,20.6652457108985,17.7693486293305,21.8439326876116,21.2270630104996,22.2283594743121,21.0653961593035,21.4598353480633,19.8058384599144,21.9139670824278,21.6233912280149,21.6242546982177,21.5768286230899,22.1582782981158,20.7606926979399,21.1150936154765,21.680486279223,20.4444654739848,21.1345309303976,NA,-0.354688624614681,-0.875823600638165,0.166446351408803,21.3242691750044,-1.3707803908155,-4.77819860533433,0.177236024345806,0.728106232654798,0,0,0.54133978021141,0,0.179120205003297,-0.347658735698301,0.705899145704895,21.3242691750044,0.684836687225235,-5.72680588499759,0.496956240263998,0.834663611429138,0,0,0.882275957210677,0
"P62873","GBB1_HUMAN","GNB1","Guanine nucleotide-binding protein G(I)/G(S)/G(T) subunit beta-1","=""GNB1""",21.7207607463824,21.2114977691199,21.2791035058787,20.451902052416,21.0275379999981,21.0212984663792,21.5838356181244,21.38944868271,21.0776715949794,20.8935867120322,21.2474486318721,21.1071029925148,21.4011591949576,21.669240488874,21.3360164545247,21.3071836974664,21.1056206346864,21.0386212247451,21.2116519568664,21.1497829322898,21.6465088603561,21.3013123122472,20.5283240912838,21.0566243487084,21.4468300337393,21.2675125910395,22.5385512196347,21.0028706758108,21.1110629979095,21.2755500007467,21.4044446766674,21.3067378873823,20.9020458016662,21.7436406790013,21.7587887230759,21.1457516022209,21.371188572044,21.3747327393237,21.1913843878822,21.429738526716,21.2201910797022,21.7958097568662,20.8350563909015,21.5744500563521,21.6534902027187,0.0423107231381792,-0.206248107631876,0.290869553908234,21.2914015460181,0.342635265668732,-5.53583350154066,0.733432268998073,0.947417763940137,0,0,0.986968483715854,0,0.114629566999366,-0.132480601029026,0.361739735027757,21.2914015460181,0.933720396620429,-5.55236930527319,0.355319400231835,0.786512137969417,0,0,0.888152702087461,0
"P62879","GBB2_HUMAN","GNB2","Guanine nucleotide-binding protein G(I)/G(S)/G(T) subunit beta-2","=""GNB2""",21.8785448282275,21.2185758392235,21.1746472051877,21.7503064001585,20.949981860894,20.94686754909,20.930347905211,21.1655771282555,21.1214760622203,21.0641330739883,21.0761696040518,20.9823662322688,21.6360455264676,21.6510138816953,20.5601249883785,20.9518135425948,21.2246754513988,20.933779639427,20.9059256647761,21.5055201200232,21.5223453622243,21.3133293538769,21.0440489683671,21.4525052011754,21.2347772134965,21.404183078424,22.2135068477201,22.1515355904921,21.1711748017911,20.7395944537107,21.0869292730656,20.7358194436828,20.9816325143693,21.5720409104824,21.2971799277985,20.8042638582281,20.722458274618,21.3144050449191,21.2785703168435,21.2944420171242,20.5900080293562,21.4862363376928,20.9867523465715,21.2542949100033,21.369233181815,0.11157180124518,-0.145064405909318,0.368208008399678,21.2144257724753,0.875079129807044,-5.2532067990721,0.386073188132366,0.860654333525107,0,0,0.899257331924673,0,-0.199629926861832,-0.454770394314326,0.0555105405906625,21.2144257724753,-1.57491496859553,-4.81239334786857,0.122123416096218,0.598693123409454,0,0,0.657200280310938,0
"P62888","RL30_HUMAN","RPL30","60S ribosomal protein L30","=""RPL30""",18.9956229406099,20.5928394742806,19.4101983987187,18.6549548424265,19.350786814554,17.735911262106,20.3525788144849,20.16795762524,20.2996887669426,20.4724416705525,20.4012910580869,18.1269255386736,18.9174341051711,19.4236295988873,19.1123695342772,20.0823572021977,18.9107862208215,19.8377100654227,19.5939198986078,19.5017362206929,19.386395692408,20.2543737178188,19.2134239181463,19.9919728649463,18.7245021893589,20.4508797226225,18.8161426634666,20.1644533514963,19.4755731144508,19.633840403816,20.7349823868651,21.0240260228045,19.763944491745,20.0881451718953,19.9846950681267,20.4267132076304,19.7641964385438,20.2222046150026,20.7847739635305,19.3935102847381,20.6343531373764,20.6782186601772,20.3319460547507,19.4838823502317,18.709537847247,0.143234318445025,-0.323575327277774,0.610043964167823,19.7350628309322,0.617615340380773,-5.42019010206908,0.539871868585747,0.899122088181203,0,0,0.9154926050083,0,0.532470830292791,0.0683818673922951,0.996559793193287,19.7350628309322,2.30943312760592,-3.56214534180356,0.0254571506974668,0.344080314270748,1,0,0.141625095938908,0
"P62899","RL31_HUMAN","RPL31","60S ribosomal protein L31","=""RPL31""",18.8159688184173,19.9664158474508,NA,17.7396760085636,19.6365549490123,NA,19.6243408231871,20.4511655300218,20.5202050054136,20.5643195675814,18.8678469577469,NA,19.0604331418113,18.7414765816715,18.2316528869867,20.4597474727363,NA,20.0175026099234,19.2961493371927,18.3945125142597,18.5486025676732,20.0036062807328,20.2147102703021,19.2491850784189,17.176664004566,19.6563562327034,NA,20.338798986853,20.4856002244289,19.3606185765218,19.9661586562947,NA,19.3524381314031,NA,19.1783835911505,20.0423185727535,19.7551073081724,17.79724452735,20.8243421961234,17.859118901097,19.5310403215286,NA,NA,NA,NA,0.121819309689894,-0.582407415019995,0.826046034399782,19.4037724258838,0.351159634142087,-5.45806047977833,0.727571253986107,0.947417763940137,0,0,0.961997121749414,0,-0.142498692829079,-0.899647934729143,0.614650549070984,19.4037724258838,-0.382058920666539,-5.74137872845834,0.704725012293097,0.918175376593411,0,0,0.951355873765606,0
"P62906","RL10A_HUMAN","RPL10A","60S ribosomal protein L10a","=""RPL10A""",21.0003412431275,21.8954347891393,21.3157201267889,20.2854152767827,20.6613403878575,20.4087378881177,21.9025367960608,21.815042704999,21.5787677285957,21.2989067509562,21.5514262238373,17.5051326629116,20.889531991018,20.6127672775064,20.5161874496504,21.3716030531477,20.1113862450651,21.4824572397737,20.709693977699,20.9509229640003,20.7050696740701,21.7267561703215,21.5369989919465,21.2677000553286,20.1853350392989,21.5541186506227,20.4698463102098,20.2641861408248,20.761625892278,21.0820941156099,22.0674893832028,22.9514208624439,21.6597743670207,21.9163151420554,21.0331250735438,22.0824164250322,20.6350124634485,21.1328236177762,22.0561712698141,20.3821281322623,22.1410475950287,22.1263153407089,21.2911351527504,21.0418050087277,20.6800006935021,0.0773018126235456,-0.460610033762683,0.615213659009774,21.1247569854414,0.28926066399278,-5.55065888395213,0.77368047960813,0.948679518362231,0,0,0.980360066800577,0,0.601145733808085,0.0663689715697214,1.13592249604645,21.1247569854414,2.26265350038991,-3.65326168054915,0.0284188357839568,0.345223569512202,1,0,0.117595854964047,0
"P62910","RL32_HUMAN","RPL32","60S ribosomal protein L32","=""RPL32""",NA,20.2703014795385,NA,NA,NA,NA,20.7587838608927,19.6294431854892,20.6230239290331,NA,20.0837121260035,NA,NA,NA,18.1312681623068,NA,NA,20.1600287080156,17.7234137496016,NA,18.2375056038646,NA,19.491607770224,20.2521135587422,NA,20.1355953430882,NA,NA,18.7733103827456,18.7745351217454,19.065015755703,19.6255522900293,19.2369700169539,NA,NA,20.0508637028972,NA,NA,NA,NA,NA,NA,NA,NA,NA,-0.633702087095269,-1.4573672094591,0.189963035268561,19.5012802637152,-1.61007225928546,-4.34015096743697,0.123835774750573,0.687402872621279,0,0,0.266155041176393,0,0.263817945890487,-0.667562626187176,1.19519851796815,19.5012802637152,0.59277252553082,-5.35079878671251,0.560308326734287,0.861900786136019,0,0,0.858283074211445,0
"P62913","RL11_HUMAN","RPL11","60S ribosomal protein L11","=""RPL11""",19.3515099564628,19.3407464743963,19.3751420091652,19.387277456322,18.8309843830868,18.736198818665,19.4002107879529,19.9621257608443,18.8295753114871,20.114728121532,19.0210644223361,NA,19.8981405866195,18.1238397066733,19.1089370267075,19.19974125711,19.8076131860757,19.3255662704268,18.9902990545001,NA,18.6094031428269,19.6403308035833,20.9818674571428,20.0168578373842,18.1354741864853,20.0356222752373,17.4643768146173,NA,19.066121858047,19.213806794359,20.3483342495935,21.4571635512574,19.3408621926047,19.4483996829507,19.642838900884,20.3629423691132,19.077363765627,20.0442921537302,19.8156402399668,NA,20.0905910187541,19.9885847796493,19.8269288007676,NA,NA,0.0460904275014116,-0.438106123050348,0.530286978053171,19.4720898324345,0.192379017115084,-5.52797724678773,0.84841772441028,0.95848719206779,0,0,0.992452184650822,0,0.664396974728035,0.165028678462895,1.16376527099318,19.4720898324345,2.68890424085752,-2.75695722298964,0.0103981742548233,0.282187558578439,1,0,0.0481362540535807,1
"P62937","PPIA_HUMAN","PPIA","Peptidyl-prolyl cis-trans isomerase A","=""PPIA""",24.0589032935656,25.1198284224762,25.5156784304659,24.8721943534387,25.233433449139,25.5178154406684,25.1082498452083,25.2521451782787,25.2154900854864,24.6656829763699,24.9647251752822,25.219447343782,24.0613647887498,25.550056998929,24.7539319241104,25.1198078497201,25.0656199580911,25.1791129392725,25.244630993721,25.0790042856013,25.62479361679,25.2684325760694,24.9472519158795,25.0430804115172,24.9792186206491,24.9414895617418,26.5810524134448,24.7772770788627,25.2908045145786,24.9993580332402,25.9174521744326,26.5255454251481,25.0368233834102,26.0656079955201,25.5347229232728,25.375718573544,24.7777425450413,25.3027749649455,25.2944853734775,24.9937926690043,25.2916441400402,26.2231363098368,25.4104223392234,25.4631851718941,25.8256916508687,0.210906692473092,-0.0950406252482242,0.516854010194408,25.2508584025509,1.38756878355374,-4.75869178317568,0.171948054274701,0.727577717533431,0,0,0.689826964289538,0,0.326520724698721,0.022356544107241,0.630684905290201,25.2508584025509,2.16079463527991,-3.84655271355955,0.0359489087716748,0.378861555221483,1,0,0.337599233538599,0
"P62942","FKB1A_HUMAN","FKBP1A","Peptidyl-prolyl cis-trans isomerase FKBP1A","=""FKBP1A""",23.4894614129554,22.9459693737308,22.3232022807158,23.3618995748576,22.5806639521602,23.409834627846,22.9743394844024,22.97501536004,22.8906637852436,22.697577861004,22.7021101014936,23.342789764479,23.138996018954,23.2097116097108,22.7929129635371,22.5200765127446,23.1692115488656,22.7666547300409,23.3557845548998,22.7171173950946,22.685028763436,22.5709649474736,22.719672327401,22.8779221898368,22.9347671070066,22.5800934710042,23.0060416936527,22.896002237934,23.0627223996259,22.6368768889068,22.9581861250542,22.8996031980722,22.6252395698752,23.1121263254639,23.1842878018284,22.3161016003658,23.030623347746,22.785616843966,22.2543782062913,22.8092883401117,22.7364630641328,23.210239690055,23.0086117343339,22.8024465925487,22.8406543229509,-0.155187351947816,-0.358652467033291,0.0482777631376581,22.8868433711522,-1.53524317050698,-4.57809724003286,0.131568225124946,0.706666727583279,0,0,0.729967254686132,0,0.00499533299153754,-0.197283936752859,0.207274602735934,22.8868433711522,0.0497077238165254,-5.96365148837327,0.960570321807833,0.990327119820358,0,0,0.999799067505942,0
"P62979","RS27A_HUMAN","RPS27A","Ubiquitin-40S ribosomal protein S27a","=""RPS27A""",25.536320722497,27.0079075336263,27.7342675482859,25.706071758035,27.2497813327202,27.8748204206507,27.1990279132464,27.4343170188961,26.4788034015155,27.0064823426255,27.0468009096545,27.2424439445299,25.7755113938686,27.601695549939,27.1713967461022,27.261078492791,27.5301381563155,26.904377458338,27.1433881319517,27.1337668853362,27.0812255008194,27.0259707176907,25.998154757687,26.1545212343892,27.2680601154558,27.1085770542554,28.020770165028,24.3169117659628,27.0242173357165,27.2389671903266,27.2343987045382,27.5537972491488,27.1857183496446,27.5733920214783,25.8377339109738,27.1303361415385,27.2704186153753,27.4855299533282,26.8786987708402,27.0773261044644,27.2963561291293,27.850990610949,27.0949322871556,27.7194026676147,27.9760061140741,-0.0551616204681338,-0.516551838411166,0.406228597474898,27.032018025078,-0.240646440977471,-5.56199090506814,0.81089753274142,0.948679518362231,0,0,0.988503965519664,0,0.396994177879279,-0.0617069430156572,0.855695298774215,27.032018025078,1.74206817221193,-4.56338211780062,0.0881739942842614,0.52497025745656,1,0,0.381334698697566,0
"P62993","GRB2_HUMAN","GRB2","Growth factor receptor-bound protein 2","=""GRB2""",20.8572114840939,20.394279474656,20.7387033375993,20.2816081873457,20.4536482438714,21.0899898038849,20.2933010001554,20.5448775610561,20.9281685906476,20.5109759270211,20.4792333496685,21.240216033148,20.6015871136363,20.6962890753383,19.8603211903353,20.4011579859308,20.5750120546903,20.2359272718654,20.2440256966243,20.4768802414581,20.4882670405822,20.4932900357468,21.0806651117932,20.8142362528568,20.1913030941785,20.3328901292128,20.4306596179906,20.1948586053601,21.0137855018538,20.0755573711604,20.2611793425763,20.3806973017421,20.3089889667915,20.6093520992356,20.3416161287225,20.4153471892519,20.1206795568913,20.1901911741771,20.8672288447258,20.4001280216324,20.2526783385836,20.326745714938,20.5637873123353,20.5058265821443,20.1104503601817,-0.129541029176053,-0.330640624082392,0.0715585657302859,20.4816405181709,-1.29660280647958,-4.86167758751151,0.201228982984031,0.735164347255353,0,0,0.812455073282362,0,-0.0929079384916456,-0.29283547489738,0.107019597914089,20.4816405181709,-0.93538633110468,-5.55091084560324,0.354469669154429,0.786466622673627,0,0,0.908138987498462,0
"P63000","RAC1_HUMAN","RAC1","Ras-related C3 botulinum toxin substrate 1","=""RAC1""",21.5354051300421,21.9266815685264,21.8832718999082,21.912332176864,21.736966732286,22.1778629859287,22.035003858064,21.5486103313492,21.8756894744243,21.1628041884185,21.6463565681756,22.5159835308643,22.1751144529062,21.7477084713014,21.6228133034567,21.3882783414325,22.1253137300581,21.8535960366267,22.010766477978,21.7332315452099,21.3446384744398,21.7138535339611,22.2481866580436,21.9124684029108,21.8034440709612,21.4134069388919,22.2266146621341,22.5475178647281,21.9918556898077,21.6529243153805,21.6771635905173,22.5136602096192,21.4715201294105,22.7133393732102,21.9815163089163,21.5434836572087,21.9682115690772,21.2855462707633,21.7274825676099,21.8993601835829,21.410217951482,22.7388943121889,22.7597980944416,22.2483090976323,21.8489479992829,0.0352818311511065,-0.220261311828756,0.290824974130969,21.8945811717783,0.277905854027641,-5.55349113164436,0.782328827621872,0.948679518362231,0,0,0.991376409776713,0,0.121423638158628,-0.132630135769346,0.375477412086602,21.8945811717783,0.962029524293199,-5.52724693121537,0.341060351390447,0.778269017459071,0,0,0.877555654525079,0
"P63010","AP2B1_HUMAN","AP2B1","AP-2 complex subunit beta","=""AP2B1""",17.9220039801729,19.0067108378201,NA,19.9007862940277,18.9434527953785,19.1910280090452,19.2540263375577,19.0990689172667,18.8449036797409,NA,19.6457551319654,18.9675877339117,19.5221403300625,19.3241305466033,19.2529058117466,19.2288588126448,18.6455614294455,19.0587363189553,19.3818311845763,19.7481587721756,18.8124257872347,19.3796898625206,18.6199418602787,19.563985020377,19.2581413970539,19.2309025785735,19.9258321147411,17.7240469548403,19.2802387215379,18.9594371409762,19.4361797301193,19.0264507688856,18.800341873712,19.2596402230094,19.8374217611822,19.3413681224475,19.6730536564447,19.6719918020087,18.3936785594537,19.3798171228289,18.2781238815884,19.0760743589043,18.8085162886603,19.3928574993853,19.0873094003346,-0.0300939329300434,-0.379299075527477,0.31911120966739,19.1431421723301,-0.173676541096116,-5.544021636651,0.862915513571961,0.95848719206779,0,0,0.995572824894125,0,0.0430024728688707,-0.292128410733936,0.378133356471678,19.1431421723301,0.258596011494381,-5.93286145793675,0.797151733230609,0.943354234521813,0,0,0.990298267573439,0
"P63027","VAMP2_HUMAN","VAMP2","Vesicle-associated membrane protein 2","=""VAMP2""",17.8763292789705,NA,18.2623283519107,18.4948526666856,18.0006484823952,17.4861094127255,NA,18.3052716959323,18.5265971449562,18.0679092682444,17.8904277921634,17.739068176763,NA,18.2730118391482,18.9842030841908,17.6904138834359,17.7279119567249,18.3784745632873,18.4314015272623,17.6839444673727,18.5397916634455,18.3526085504263,17.8737006152586,18.2506027534746,18.261347981591,17.7573171226833,18.2871246696272,NA,18.0427524884771,18.7305344740584,18.4387070950245,19.9664721500866,18.4245611251404,17.235058488883,18.4028573129894,NA,18.1639574647854,17.4632357639482,17.7654767691972,18.155779893252,18.070571344459,18.7796488757964,18.0966610762002,18.0042185256308,18.5855409282024,-0.0339736307187657,-0.394335612556157,0.326388351118626,18.1866857681202,-0.190389276030247,-5.50958041695685,0.849942739212456,0.95848719206779,0,0,0.994491580459742,0,0.109121938682751,-0.235474552721641,0.453718430087143,18.1866857681202,0.639500236105992,-5.73906547345849,0.526051288963592,0.839999406703649,0,0,0.932305066270745,0
"P63098","CANB1_HUMAN","PPP3R1","Calcineurin subunit B type 1","=""PPP3R1""",22.008028527955,23.2803483504568,23.7218210875875,22.9254475745355,23.6725069207844,23.6836871633544,22.6930106167831,23.4864112641314,23.6242851980967,23.5993921355102,22.710736441207,23.1142498938323,23.2898510915842,23.949304398161,22.9803391166907,22.9593429046664,23.2720938727335,23.635969578793,22.9542380334622,22.8717318299821,23.9009181618671,23.3719533032227,22.6313795262658,22.9314066791972,22.552073195603,22.7104601654913,22.8025115548713,23.0289131782693,23.4930026100098,22.7962349488955,23.0948537489505,22.8789174627009,23.3923632329172,21.963346553036,23.2235607231965,23.4100763226061,23.3167674779365,23.020419079661,23.2987276795454,22.9439690913171,23.2651767945949,22.8531422518652,22.9596140267853,23.3228857025969,22.7424765537121,-0.201839007320505,-0.481480919079994,0.0778029044389845,23.1186210227872,-1.45282615244162,-4.68091069209561,0.153053972737172,0.720861261794311,0,0,0.684651942421983,0,-0.0150621894605614,-0.293074278544596,0.262949899623473,23.1186210227872,-0.109052401748915,-5.9591500969803,0.913634842491648,0.979656818909501,0,0,0.998640443267644,0
"P63104","1433Z_HUMAN","YWHAZ","14-3-3 protein zeta/delta","=""YWHAZ""",24.8775359519009,22.7050712892836,23.3886719617091,24.3423553364156,22.9938328114204,23.5032444498509,22.5127262161607,22.9432047811995,22.2082834115096,22.9669206463733,22.6307314272297,22.8449076857569,24.4219753424695,23.7130490456739,24.1122886465388,22.8070568717179,22.7800253557408,22.443430952515,22.7526146247786,23.9115451158541,23.2910799511983,22.8267486372131,22.1508381689935,23.3050928286553,23.4836401690163,23.0008844162026,24.7634885894592,22.7421029841276,22.7754199509507,22.8021211016522,22.9679414397013,23.2648740928382,22.4306920449404,24.6147082028382,25.6791795952607,22.7127537824268,22.7831970714944,23.8702618986551,22.0298268024136,23.7432142489653,22.9404721207704,23.517602445626,23.293748319277,23.3719547288253,24.4893532516382,-0.289686993066493,-0.816522444011899,0.237148457878913,23.2824593059386,-1.10678895028022,-5.05571499522176,0.274134538636416,0.794236235660287,0,0,0.687361828432447,0,0.391579355173072,-0.132185567614443,0.915344277960586,23.2824593059386,1.504853376393,-4.91012372925017,0.139191710106215,0.626842806368387,0,0,0.462015638387439,0
"P63146","UBE2B_HUMAN","UBE2B","Ubiquitin-conjugating enzyme E2 B","=""UBE2B""",NA,NA,17.1238952252495,NA,16.3765915169033,19.2869287664535,18.2943269530186,18.5231280650699,19.2053318148576,NA,16.5990540656759,19.2141870579147,NA,18.7103864412156,17.0092713882963,18.3166065438314,NA,18.1746673101191,18.0301590217249,18.5938600473852,17.5514538835206,17.8915159650758,16.8380955386273,NA,17.3273837556107,18.0535731773972,17.986762514316,NA,18.7871412418156,18.0681943518423,NA,17.3202327628911,18.1504899001039,17.0158560189087,NA,17.6040073579373,17.7246297363008,18.4667031421522,NA,15.9062029041097,17.5739583974546,17.8915839759372,NA,NA,18.4725497143607,0.000836827192365774,-0.648404543603425,0.650078197988156,17.8777727673774,0.00262222574846037,-5.45676067901594,0.997923537454505,0.998977310989304,0,0,0.999998260554617,0,-0.331132403297353,-0.97653491520859,0.314270108613884,17.8777727673774,-1.04378610077126,-5.31746931054665,0.304161351597858,0.754001885643784,0,0,0.674278007810355,0
"P63151","2ABA_HUMAN","PPP2R2A","Serine/threonine-protein phosphatase 2A 55 kDa regulatory subunit B alpha isoform","=""PPP2R2A""",20.8890994576096,20.7477753163699,20.0956223693502,20.5564445905434,20.3283346052438,20.7547858863522,20.8394648676445,20.5515423215995,21.1332848921838,20.4435535593052,20.5243755018291,21.0639825835231,20.2757634444621,20.5884757239453,20.7674588599326,20.6498739079881,20.2907516290669,20.4238354996822,20.5235754259289,20.6944003610473,20.4926944779726,20.3900356862696,20.8693712880731,20.667834536198,20.6768305842838,20.298448323105,20.7617003604341,20.940652141334,20.7401540840448,20.4636436839446,20.5234657746071,20.1413974572848,20.3559894143245,20.1997106236082,21.0749057832705,20.6107382483188,20.47589091874,20.3270366938475,20.5979118539213,20.7129144267552,20.3753781163824,20.4301038084019,20.5482764723935,20.1194259231804,20.5583630784185,-0.0403846485908481,-0.223396755942763,0.142627458761067,20.5665616569494,-0.444168030262332,-5.50076717841388,0.65900185617445,0.941573111760933,0,0,0.983299459670286,0,-0.122152893061223,-0.304098360292678,0.0597925741702317,20.5665616569494,-1.35136705362379,-5.11012749283518,0.1831809465438,0.67048191514958,0,0,0.812753214738201,0
"P63167","DYL1_HUMAN","DYNLL1","Dynein light chain 1, cytoplasmic","=""DYNLL1""",19.9400630527798,20.7596259491056,NA,21.3032473833714,20.0612595524262,21.4254937408512,21.4248683548924,20.3775932834553,19.8034028833723,20.4297818218892,20.1124905717204,21.4118186523103,20.7116592966622,NA,20.0548582703769,20.647035405295,19.6026927672716,20.3836591335655,19.5828536072709,20.9126283621283,19.2869639460521,20.0724159414213,20.531732858459,20.3098731440499,20.396144227278,19.8860644092881,20.7742890392087,NA,21.4296079058274,20.3911780119341,20.3674062289204,20.9054641143751,19.2240242590482,20.0803003289825,20.7576217134,20.8030997941408,21.057025961143,20.4443452698976,NA,20.5245662897838,NA,19.3560122261323,NA,19.9532529948985,NA,-0.291690213292661,-0.732608383918304,0.149227957332983,20.4078005461312,-1.33806989109866,-4.7832305704949,0.18861548932193,0.735002747790118,0,0,0.614742167510767,0,-0.0129888428951901,-0.470987470425301,0.445009784634921,20.4078005461312,-0.0573615957536859,-5.87500077300515,0.954549739916538,0.987878263296057,0,0,0.999395999619602,0
"P63172","DYLT1_HUMAN","DYNLT1","Dynein light chain Tctex-type 1","=""DYNLT1""",15.1416442406683,NA,NA,16.4388952949768,16.2799040537686,NA,NA,17.0288951795626,16.8727074657705,NA,17.920668138879,17.2789464673319,NA,NA,16.7988387653532,16.9848827396655,NA,17.7499337177572,17.591736890624,17.2461301170455,NA,16.1604452458355,17.3678915390944,17.1936363324956,17.5246556925196,16.6703160279429,16.0557517533485,NA,17.8719115966658,17.2903456930228,17.4063574255193,16.9832041308118,17.7843202078187,17.1936485089906,16.2557878968592,16.0429325347613,NA,16.9846779600053,NA,17.7958971754112,NA,17.0540283236173,16.4977160414848,NA,15.3871480631295,0.378732868880753,-0.208458730034899,0.965924467796406,16.9307695232496,1.31373623539237,-4.71351621935334,0.198264278026395,0.735164347255353,0,0,0.541805467246193,0,-0.262965640980095,-0.797303739895829,0.271372457935639,16.9307695232496,-1.00239266707005,-5.37649449754209,0.323664475835191,0.770746018696202,0,0,0.743313168821603,0
"P63173","RL38_HUMAN","RPL38","60S ribosomal protein L38","=""RPL38""",20.0277342020787,19.7951697441932,20.1709495293089,18.827023781471,20.5042310212106,19.8369524974283,20.0825850825981,20.0770186526428,19.7191823623798,21.1508888858775,20.2319098207595,19.888377703645,19.2465927801198,20.1293638566785,19.3904846630012,20.3062690242876,20.9038755424369,20.5073693079992,19.5967673839257,20.3780399869159,19.8219951228338,20.3994176979645,20.1876186396422,20.1215976625143,19.7445653536288,20.323759817013,18.8195481599403,17.9990820768625,20.5257572462901,20.3365649662099,20.4810088873,21.0829927538195,20.2564517446076,20.0992449337016,20.1550511820931,20.3128879232593,20.72413866053,19.9085459355482,19.9985516666359,19.9824383028562,20.9141284751595,20.9549668480609,20.35898996393,21.0315083224969,18.3901501464433,0.0527078861627714,-0.375200979566715,0.480616751892258,20.08226107374,0.247933450546057,-5.56042434106117,0.805288360649456,0.948679518362231,0,0,0.988650745677154,0,0.311921850531824,-0.113493055805074,0.737336756868723,20.08226107374,1.47585572856126,-4.94940293048731,0.146789504271809,0.638134999764275,0,0,0.549634472663415,0
"P63208","SKP1_HUMAN","SKP1","S-phase kinase-associated protein 1","=""SKP1""",23.6792433913648,23.2944643473195,24.0222186217834,24.1764360873343,23.9308071893438,23.585562382816,23.5226704261116,23.8222453845538,23.25059120619,23.541764389765,23.1843051797056,23.9109290996365,23.7599367219902,24.03080353371,23.7578509519578,23.5623458581613,23.07640379551,23.4752981781511,23.8794079968715,23.0419442464406,23.9608722267204,23.8408574731643,23.4461614058533,23.1414735384915,23.4553146513629,22.9207708453829,23.8248202193298,23.6532598156225,23.8039960497722,23.5546324477222,23.583788242825,23.8731803894576,23.6327859611832,24.2582117156955,24.9832880681058,23.7452317403287,23.0853792919653,23.4614163858487,23.6636773641111,23.2968399816003,23.8585766111604,24.2054831628936,23.8812991846053,23.5234456576709,24.4823657762853,-0.186587330006425,-0.446540344447004,0.0733656844341534,23.6809412710195,-1.44476796087205,-4.69068991890269,0.155294910811737,0.720861261794311,0,0,0.70644797724983,0,0.326494052345346,0.0680561087853171,0.584931995905375,23.6809412710195,2.54290307855534,-3.08620724391725,0.0144188635732285,0.310945250995393,1,0,0.25055434138498,0
"P63220","RS21_HUMAN","RPS21","40S ribosomal protein S21","=""RPS21""",19.5706888816905,19.3969914891457,18.7527829120221,19.5293290372751,18.8625010440303,18.5729127046243,19.3324535544285,19.2623619402654,19.1251172519249,19.3178828138227,19.0864073632693,17.9013182817184,20.0209232914965,18.6914864663212,18.6359274029195,18.9673647226061,19.7110165524684,19.2981387747464,18.8380306582857,19.2337189656474,18.8678315674102,19.0602932934866,20.118770582749,19.090386668379,18.7355312852252,18.3088003020022,18.6666186244547,19.511430936458,19.7999895327818,19.1841132277564,19.0580112380436,19.810407948669,19.2980361264418,19.4842129123154,19.0121285540718,19.2933544189253,19.1377001615167,19.1157686622186,19.2959742963776,18.8979922227688,19.0966076277528,19.6434686332119,19.7553441299314,19.4717951295308,17.5597264212045,0.0938983027624936,-0.240907311805242,0.428703917330229,19.1418144136087,0.564515433735136,-5.44761339023684,0.575143526660965,0.909046723445544,0,0,0.949387252876225,0,0.0358995192348637,-0.296954764865065,0.368753803334792,19.1418144136087,0.217092735705867,-5.94232350119587,0.829095241856735,0.954505588586296,0,0,0.993294287696475,0
"P63241","IF5A1_HUMAN","EIF5A","Eukaryotic translation initiation factor 5A-1","=""EIF5A""",24.5281908786723,24.8559347851776,24.8424976956805,24.8822510719713,24.671646725799,24.8259681856508,24.6637222583365,24.4854186286764,24.5870906333514,24.2284120071101,24.623207681659,24.4945546975652,24.8817748632682,25.0121787003679,24.0108161747421,24.3884140139483,24.0565049209733,25.0625531934394,24.4471105048361,24.7307552167695,24.7032777774409,24.4523545812107,24.0566580413886,24.6733516154961,24.7941759013991,24.3087638572498,25.2871632856375,24.5007203889759,24.7215140572766,24.39262650093,24.4746108046522,24.9822664404654,24.7704690896324,24.7938227679055,25.1216369078838,24.6621306803124,24.5589542370393,24.7150795585371,24.6085861771837,24.816578035536,24.3123086668766,24.9191499648875,24.5360051436744,24.5863458917025,24.9811411984623,-0.0645106432229277,-0.266751569733435,0.13773028328758,24.64463765355,-0.642056335762625,-5.40675508679706,0.524020754731658,0.896077533266722,0,0,0.959168682813341,0,0.150876113851947,-0.0501861021932449,0.351938329897138,24.64463765355,1.51043080481558,-4.90248982437081,0.137766833754456,0.626842806368387,0,0,0.741510823002351,0
"P63244","RACK1_HUMAN","RACK1","Receptor of activated protein C kinase 1","=""RACK1""",21.0873075180853,20.9332745424802,20.8078895264871,20.0159356828442,20.5103952134602,19.6660409462793,20.9513106285019,21.0665380132394,20.9035831603555,21.3491435439231,20.6901308833958,19.7678812626915,20.5026078987794,20.3708582359116,20.363119149501,21.1199932510267,21.5369317956308,20.6604393775428,20.2361928036892,20.5586546555129,20.7725050151927,20.9940159489312,21.2787665812371,20.6699188856893,20.1302728956108,20.7999710230192,20.9406810813998,20.5957373387957,21.0287253349571,20.6593899436858,21.2771959878707,21.6517457877959,20.9609009234902,21.0055824516582,20.4000023690178,20.9057846171633,20.8194822860205,20.6010896566914,21.3326927246082,20.6776902232716,21.2165341266374,21.3519980842999,21.2343211844017,20.9077532774494,19.9278696004158,0.203583816415151,-0.0883265797981178,0.495494212628419,20.7830856764144,1.40379761103624,-4.73965065560604,0.167088560050176,0.723287465422682,0,0,0.694711562174963,0,0.152563157924728,-0.137645911831587,0.442772227681044,20.7830856764144,1.05815551185834,-5.43659747895911,0.295504879840127,0.754001885643784,0,0,0.8302859179837,0
"P63279","UBC9_HUMAN","UBE2I","SUMO-conjugating enzyme UBC9","=""UBE2I""",19.2780057282031,19.4558452246604,19.8612826508506,18.2254745260135,20.0783962494029,19.9710519781051,19.5396246051282,20.0936404747133,19.5223260766691,18.971479175001,19.8426973433615,19.3698238161529,19.3189798128412,20.0177399610515,18.9883127109418,20.019302592356,19.0953084337341,19.9196043052058,19.4469160607227,19.6126841434222,19.781291749112,19.982062856702,19.6802653883283,19.4612826631682,18.9454118380029,20.0585848853775,18.9458415067856,19.0990437804142,19.7202526904215,19.5524287054888,19.204700218909,19.6268240863328,19.8787323893865,19.6927137017498,18.522590333631,20.1686578124471,19.6463099353515,19.8467349854611,19.6959619070968,18.6898325572203,19.934362387574,19.7697585685718,19.5759671436141,20.2588668126177,17.939050721752,0.0466794015265961,-0.291899352436703,0.385258155489896,19.5179116776456,0.277508561952552,-5.55358818342375,0.782631934545948,0.948679518362231,0,0,0.988624413335317,0,-0.0579478691684159,-0.394553301868231,0.278657563531399,19.5179116776456,-0.346519085674198,-5.90753307588922,0.7305313728328,0.926345276578894,0,0,0.981969871653794,0
"P63302","SELW_HUMAN","SELENOW","Selenoprotein W","=""SELENOW""",17.3808312018281,NA,NA,16.145628669999,NA,17.3543750525007,17.4230774130155,16.0311269043756,17.605775059351,NA,16.9678545954647,17.0071961741225,18.1389807935902,17.7923494806992,17.4911576337431,16.6216102098817,17.4249408567637,15.1761250794956,18.296220753811,NA,NA,NA,19.6569015102313,18.0944114086406,18.7684545936092,NA,17.1936564212164,NA,17.7647039964381,16.6506895178519,17.1796152397441,NA,NA,17.4969799028387,NA,16.2576577744336,NA,17.6189433570595,NA,16.8665607290316,NA,17.7645207331814,17.5046166088455,17.1278933888646,NA,0.392136013484322,-0.311065801095084,1.09533782806373,17.3380294848492,1.13879502930992,-4.90722488312053,0.26378876218659,0.788132833907788,0,0,0.592998710158467,0,-0.399538808916745,-1.15640103302453,0.357323415191044,17.3380294848492,-1.07803027385249,-5.20362014753381,0.289600826723386,0.752565436019539,0,0,0.609492171886699,0
"P63316","TNNC1_HUMAN","TNNC1","Troponin C, slow skeletal and cardiac muscles","=""TNNC1""",27.1961473753699,26.5992148949415,24.8762686577676,23.7427468769683,25.3399170243454,25.0078234842657,26.9129699751105,25.8531736488668,26.5032305484853,25.4968194838135,25.6550855918163,25.1471331439372,25.5140542910627,26.0699725451718,23.8095957310113,25.5575472824636,24.783029264674,23.8771492276517,24.0755976849283,25.2338815042599,27.1960954280193,25.8262414950186,26.8303992748049,24.9544730892012,25.0675861000534,26.0295691063013,25.8324195870588,25.2266629236544,25.1903483610169,24.9427627827196,26.3972600236008,25.8475981954205,24.9807185479521,24.8448438855745,25.8402680669483,26.1082305344431,24.7702134594516,26.3174724136911,25.7669192407971,26.5237497523539,26.243157805291,25.7397473379939,24.7914272825881,25.8204514075528,24.7845898628363,-0.185021661063477,-0.721249151908027,0.351205829781074,25.5361014266946,-0.694519286293854,-5.37619382233679,0.490846635478438,0.896077533266722,0,0,0.876633942149135,0,0.276858980311271,-0.256243243228813,0.809961203851355,25.5361014266946,1.04534327832937,-5.44915424628364,0.301321742169819,0.754001885643784,0,0,0.717405838975595,0
"P67775","PP2AA_HUMAN","PPP2CA","Serine/threonine-protein phosphatase 2A catalytic subunit alpha isoform","=""PPP2CA""",21.9834921028036,22.2310295958931,22.1372300762153,22.3307228520984,22.1634005159085,21.87446211373,22.0397223156245,21.9793998573698,22.1810762006415,21.9302044711213,21.9258280803011,21.8796155239938,21.7204838423813,22.1657285169812,22.0649772901984,22.1716531343357,20.7745997316596,22.1011558238893,22.0806746970796,21.8605395435464,21.9976660008764,22.1405907693704,22.0667810470129,21.9106723006938,21.9393104619456,21.7722209707791,22.185265660425,21.662453918487,22.2761379153111,21.9059938510964,22.3239716126499,21.9078364254337,21.9493542076392,21.9345406529244,22.5624786378965,21.9750684975168,21.7588480194301,21.9743140106615,22.2233602038357,21.8867967818737,21.8794069699601,21.9123037006685,21.949408624465,21.8344547733349,21.9661958236812,-0.117173778091775,-0.307427776219144,0.0730802200355933,21.9886984027498,-1.23967388134008,-4.92286113505534,0.221377696931117,0.752472233109963,0,0,0.838044076678343,0,0.0795082076975397,-0.109636942767142,0.268653358162221,21.9886984027498,0.846111431514872,-5.62553635241249,0.401866843766496,0.805884259633412,0,0,0.930082094056308,0
"P67809","YBOX1_HUMAN","YBX1","Y-box-binding protein 1","=""YBX1""",20.4876011940244,22.0239725902978,22.1912204635161,21.2116777939179,21.8667257765014,21.8535657922341,22.0326517059398,22.3876302911611,22.3248096597424,22.245062057263,22.0261772946967,21.868214814559,21.2539180683365,22.098566965317,22.232025934708,22.100324679892,22.7080886486101,22.351740341374,22.3892509920239,21.5803979552031,21.7104680264936,21.8154335709631,22.1947829440644,22.1708850123961,22.1285270651523,22.4144083015422,22.1595041008336,21.1906935014253,22.1767671640498,22.2865500069647,22.5183157530133,23.1994687228197,22.2204681749958,22.2435214810006,21.6224706477952,21.7455081039629,21.7072028757603,22.2216398079867,21.9903622995986,22.163850222598,22.3671613695937,22.8260828186807,22.6906479725117,22.49774420634,22.392607904297,0.22953885671653,-0.0680503412405678,0.527128054673629,22.0864154460924,1.55256524922481,-4.55584608859492,0.127374680809035,0.693972398890605,0,0,0.623134504550822,0,0.201948669997737,-0.0939061040321713,0.497803444027645,22.0864154460924,1.37395726761453,-5.0819221325605,0.176107451308676,0.660228923186874,0,0,0.704183453523752,0
"P67870","CSK2B_HUMAN","CSNK2B","Casein kinase II subunit beta","=""CSNK2B""",NA,NA,NA,15.4280735617315,NA,NA,14.658654400129,14.7244084550975,NA,NA,14.5642578922266,15.6443060906307,NA,14.4760056891003,13.5570091643909,14.3939675632962,NA,14.3511823155926,14.6485475445713,NA,NA,NA,15.5478385207269,14.8841134304831,14.6964003619595,NA,NA,15.0489207945655,NA,NA,15.0575650740882,NA,14.9791051229207,16.636107527507,14.6779287991245,NA,14.9622806658397,NA,NA,14.8491365562343,NA,15.293009009248,14.88436282837,NA,NA,0.0888961966425992,-0.468206586729795,0.645998980014993,14.9074173349015,0.330060604694287,-5.24150419161971,0.744336350513156,0.948679518362231,0,0,0.974093784361748,0,0.388543220070311,-0.147827476871793,0.924913917012415,14.9074173349015,1.49837366205199,-4.67552027619943,0.147612687827888,0.638134999764275,0,0,0.475519840795765,0
"P67936","TPM4_HUMAN","TPM4","Tropomyosin alpha-4 chain","=""TPM4""",17.1086985648173,18.2904926310992,17.7456979067964,17.9618772780277,15.7901943215901,17.2689455872573,18.7695344169439,17.8841910034792,17.1804775961102,NA,17.024761457061,17.3534247583587,18.1781895176697,17.3524623464004,17.9813005861285,16.6267662302342,NA,17.7788537969903,17.8127588653147,16.9703146649166,17.43012479053,17.2079886768514,18.2800744168321,17.3183311490161,17.7832637631086,17.0664272743179,19.9817173109479,15.0747097215654,18.2510172471297,17.8793953963764,18.5557763594224,18.2904123193777,17.4987320049118,17.7732550940765,18.2119644401635,17.052754539227,17.2567339513874,16.9801265690413,16.5040824295825,17.8207983619979,17.3037714540686,18.7267805866374,18.0504070689358,17.9709810314144,18.4575508553449,0.00676670882335273,-0.557583541395245,0.571116959041951,17.6233981009642,0.0241641548518375,-5.55921489243974,0.980830827001935,0.99364049692513,0,0,0.99986903700655,0,0.215444177446216,-0.336709920047453,0.767598274939884,17.6233981009642,0.786352560535205,-5.65635945481916,0.435871822704474,0.82110113969254,0,0,0.836184190386286,0
"P68036","UB2L3_HUMAN","UBE2L3","Ubiquitin-conjugating enzyme E2 L3","=""UBE2L3""",25.1033212051875,22.2101091381712,22.9881301575932,23.8397689801556,23.0582965180346,23.113547089128,22.1437635694569,22.4908384200199,21.8792290498953,22.5074671835939,23.2209441775943,21.4894440079923,23.6691400388297,23.7574249544596,23.0835037193963,22.4476855740162,21.4096679568026,22.2664698843885,22.4980666643382,24.2984110747275,22.5530678648638,22.3614637418037,20.8024874706149,23.2031163153011,23.6778101533023,23.7753812482135,23.3765199073161,23.3147403247021,21.7029204134778,21.9535033177925,22.3817612092827,22.2213815042161,22.6086857874698,23.8804428629422,25.6390560460049,22.7744731013884,22.4726910909633,23.9501672979977,21.6624392892224,22.97253366833,21.576265342375,22.125580193183,21.7142733341642,22.6717264043098,23.7688185705991,-0.331360360686755,-0.985830754487121,0.32311003311361,22.8137007960804,-1.01911069435634,-5.13561140496739,0.313475884085358,0.821681358316758,0,0,0.680866584987581,0,0.185265586052534,-0.465390391369693,0.835921563474761,22.8137007960804,0.573131318094608,-5.80846003443121,0.569344623130399,0.862573310642818,0,0,0.900905933854867,0
"P68104","EF1A1_HUMAN","EEF1A1","Elongation factor 1-alpha 1","=""EEF1A1""",26.7457727444369,26.1961474286905,25.4228196340379,27.5179780432025,25.9542589125544,26.6923013620392,26.5026135930511,26.1165254958574,26.0610802538006,25.9602300595472,26.1942074656022,26.8291510514836,27.0981779999233,26.2107607283778,26.2714582690619,25.9840133296793,26.3642597970002,26.3921902094139,26.8064771145666,26.3808102188861,25.7838176648598,26.1424999489794,26.1865228977937,26.3871020762354,26.3963277978782,25.9362997676862,27.1194201812112,26.5808306723151,26.5089122404395,26.3402411871283,26.3600906044141,27.3111225566978,26.2217007832976,26.825544680439,28.0111986088709,26.1026281318339,26.621876240988,26.1286959822079,25.9790732348614,26.1280826606065,26.0849743398731,26.7619782200773,26.3076589634535,26.196658453115,26.2121703251864,-0.0286252953571129,-0.34738862059086,0.290138029876634,26.4074813762591,-0.180755881650757,-5.57309985098774,0.857352527797707,0.95848719206779,0,0,0.995604083054924,0,0.129581912123321,-0.187323581098406,0.446487405345048,26.4074813762591,0.82304849818842,-5.64363981542679,0.414723202106073,0.813290868361498,0,0,0.892212685807575,0
"P68133","ACTS_HUMAN","ACTA1","Actin, alpha skeletal muscle","=""ACTA1""",32.1424776377727,30.8422342317301,29.0132024824237,29.6666960378402,29.3845238903757,29.3285770125051,31.6036013929443,29.6151412851824,30.4712667528643,29.6451780949468,30.9086981755824,29.2585380314456,29.9539188162824,29.2913532936055,28.6740834095383,29.1237041757955,29.8360508490328,29.084708993287,28.6460921705629,29.2362607386377,30.7940493495546,29.2166317534547,31.9480552099944,29.6547479055212,29.296098169498,29.589130017852,29.6424480650321,29.7495684377527,29.0739724289591,29.2074095189731,29.9089594608998,30.3727352951187,29.9278859800172,29.5452191381762,30.0980768966474,29.6844125797035,28.9167577174146,30.1521147113423,29.7934305698773,30.5146045849741,30.2402723370867,30.6970985475168,29.0394597847837,29.2586973675028,29.0200976821067,-0.345565548244188,-0.874870161258798,0.183739064770421,29.8015164662692,-1.31412164658891,-4.84234086316541,0.195315133945339,0.735164347255353,0,0,0.568725578294257,0,0.204726324617358,-0.32149336934815,0.730946018582866,29.8015164662692,0.783100321051222,-5.67384909969344,0.43757794546123,0.822236277634361,0,0,0.84433461902572,0
"P68363","TBA1B_HUMAN","TUBA1B","Tubulin alpha-1B chain","=""TUBA1B""",24.491851703011,25.4493532567892,25.1707054112722,25.7153388261614,25.4900984643025,25.1450163698995,25.3717864518362,25.3621873625388,25.2666545833869,25.2343410582187,24.9678363677069,25.2512650012051,24.8951869562877,24.9548451859294,25.1591521311005,25.1749220432386,24.7778598781989,25.5403033740692,25.432867529305,24.9877044902512,25.236173911705,25.4259056729488,24.6673234092286,24.9637974375593,25.0378825792899,24.8723196683326,26.4646793631032,24.8611176210517,25.2292503828269,25.26944699985,25.8656540184598,26.2302115464993,25.3615722799452,25.1833117599146,26.476188355963,24.9472146170546,25.1688959113819,24.8371358398704,25.1889552684122,24.9674893656369,25.1414586116946,25.7903392946501,25.1683183841478,25.1938870964454,25.3118688583137,0.00322271049400413,-0.276318623978818,0.282764044966826,25.2599927710888,0.0232052402490946,-5.58725429196573,0.981586841108,0.99364049692513,0,0,0.99994010839185,0,0.192729789828732,-0.0851823081580998,0.470641887815564,25.2599927710888,1.39589324293883,-5.0541240394254,0.169441935017524,0.655071957582339,0,0,0.710246922431734,0
"P68366","TBA4A_HUMAN","TUBA4A","Tubulin alpha-4A chain","=""TUBA4A""",24.9543987534351,25.4100159124046,26.1984281774346,25.7284988194493,26.2600678809703,26.0241861620056,25.4078430690674,25.7731052299495,26.3019261560152,25.6564820492443,24.8781774374323,26.0865971164903,25.3134992428915,24.5569430849381,25.101114231404,25.3167608737362,25.5883377911667,25.8079948944187,25.8464452648066,24.9556412408636,25.4553079933645,25.8823647105862,25.1019382227601,25.2733152929664,24.9391881042432,25.0980316101477,25.5761483937188,25.6105944934575,25.3825979301059,25.8110610626068,25.8636080391114,26.4458227938933,25.9242488307123,24.7853946030947,27.1258249286594,25.7218663610981,25.6861844908191,24.6116766973971,25.7377015257271,24.6617294214584,25.4815583487639,26.0532308108513,25.5056780141409,25.7557623796915,25.1690168087032,-0.141113574918066,-0.49615341054295,0.213926260706818,25.5516958945823,-0.80002308767735,-5.30766210376206,0.427806113904489,0.872297158372813,0,0,0.887082361746847,0,0.192238411678186,-0.160732163401487,0.54520898675786,25.5516958945823,1.09625724604416,-5.39839870575164,0.278667357681285,0.747796548567826,0,0,0.78221156584494,0
"P68371","TBB4B_HUMAN","TUBB4B","Tubulin beta-4B chain","=""TUBB4B""",24.7547490464361,25.6073886795038,25.8698806479595,25.4030020697508,25.6238666692347,25.4080223773496,25.3866030338732,25.469906885639,25.5328783583894,25.4709442229443,25.2802263442437,25.6407422048496,24.5567622091319,25.1671906258609,24.9435463440802,25.1361223819514,25.7187712746434,25.7740646611668,25.3952078170365,25.2246050124088,25.3582560003907,25.4310897697184,25.1151901380761,25.3356842670028,25.1288665869399,25.0285569217758,25.9271240671657,25.6048996437447,25.4679354217906,25.3960314009732,25.5221751299492,25.7851188314074,25.6260446965741,24.9764445542609,25.8076269128447,25.2307308027582,25.4560628653753,25.0702346448565,25.7533161779651,25.054071577912,25.5050551145073,25.7577877183077,25.2387882512067,25.4085445385448,25.4432905983224,0.0619147033161838,-0.145497617531229,0.269327024163597,25.3954090555294,0.600855519619987,-5.42910710875562,0.550882945999071,0.905137078267613,0,0,0.963757487438685,0,0.0395258033338486,-0.166677666874693,0.24572927354239,25.3954090555294,0.385829602561765,-5.89381876984058,0.701399974899152,0.916795722614859,0,0,0.986078914647757,0
"P68400","CSK21_HUMAN","CSNK2A1","Casein kinase II subunit alpha","=""CSNK2A1""",NA,18.40170023041,NA,18.8296035661318,19.0278819779959,19.0642949686152,18.7246997263978,19.733290404532,19.2354438176874,19.3058172522616,18.5743004007235,18.5964977495548,18.2712021689845,18.2780556111673,18.3424031095845,19.6075798796504,NA,19.0084717458176,18.9573628246782,NA,19.1624799644856,19.7557524919539,19.0419743639245,18.6839910611213,18.2854131225676,18.865142608484,19.0348997986505,19.0270971456603,19.1780518881311,19.4472092319398,19.171467001433,18.520807027983,18.7096421067794,18.7237886853593,19.5242184798283,19.1459725391134,19.0578684990806,NA,19.0595391424997,18.8756734621138,NA,19.043208634991,19.118090873719,18.3852490320414,NA,0.265453030073566,-0.02301934643904,0.553925406586172,18.9414774367382,1.86122291958897,-4.09973294161779,0.0702547456190885,0.612150491830663,1,0,0.494136074476002,0,-0.131791523531657,-0.424218479969379,0.160635432906065,18.9414774367382,-0.911559479191991,-5.49424927073614,0.367595125864506,0.791831108546088,0,0,0.876434402341813,0
"P68402","PA1B2_HUMAN","PAFAH1B2","Platelet-activating factor acetylhydrolase IB subunit beta","=""PAFAH1B2""",19.050060135092,20.7981875225855,20.472111083484,20.9253387685151,21.2522776913778,20.7077178070494,20.5897038249064,20.4589597984594,20.4933519535918,20.6102237807225,19.6316051927804,19.8141879249045,19.9648788121918,20.9441235172784,20.3642243311121,20.9338003397244,NA,20.7913814503198,20.7149466395553,20.8489037024587,20.3699017982754,20.8370411048906,19.6329787298026,19.682641743815,20.4259269943174,20.2441897207466,21.1276442445851,19.4963164243509,20.7114258960168,20.5771155694502,21.0332058094811,19.9093601944663,20.592611408922,20.8276142416658,20.3526943263748,NA,20.7082771218704,20.3486636626275,20.205054558342,20.7200987620912,20.5925786276951,21.1590627537597,20.7359343970154,20.3014965967714,20.9839718312531,0.0454080605427762,-0.297600059230646,0.388416180316199,20.4870183905743,0.266791135326802,-5.54195379445768,0.790875252101539,0.948679518362231,0,0,0.989403133016309,0,0.154248916903377,-0.192244156185022,0.500741989991776,20.4870183905743,0.897161048068514,-5.55478427935274,0.374511298674057,0.795820049946075,0,0,0.859423899271491,0
"P78344","IF4G2_HUMAN","EIF4G2","Eukaryotic translation initiation factor 4 gamma 2","=""EIF4G2""",NA,17.6851115794525,18.7664714708561,NA,18.7505714513403,17.0234530231352,16.5516187607897,18.6792560379659,17.2720269312215,18.6801241609683,17.9285231869256,17.4938100323392,16.6623858793289,18.5329955877059,18.017164621776,18.7014218175041,NA,17.7870538920244,18.211411828087,16.3750389762739,18.4852676261046,18.8250686047234,17.7394097965846,17.4456591254255,18.1337018823271,17.346958254733,18.3263719027959,NA,18.3786006464279,18.0738996959884,18.8192479175608,18.1388576208915,18.4500505314628,18.7227096417483,15.9159665482718,18.7316883389311,18.063452571338,18.1762831329156,18.6277874445571,17.6350255078205,18.2476143747735,18.3365135953592,18.1525085037544,17.9257141405463,17.8821767043094,0.0629344764574924,-0.453464023608865,0.579332976523849,17.9926578865133,0.245940382330611,-5.50333320404232,0.80692517426003,0.948679518362231,0,0,0.986589752650036,0,0.153796705470469,-0.343145974806989,0.650739385747928,17.9926578865133,0.624549588612949,-5.74688715527515,0.535641676955594,0.845712063915002,0,0,0.908451549395748,0
"P78356","PI42B_HUMAN","PIP4K2B","Phosphatidylinositol 5-phosphate 4-kinase type-2 beta","=""PIP4K2B""",NA,NA,NA,16.2356713128365,NA,15.5585701363003,15.3107864781167,15.6702432702364,15.8404898645514,NA,16.2736683151112,15.6543632579277,17.0678654740397,15.6560053767371,16.2200330498624,15.5301713930017,NA,15.7787927858432,15.5633182316654,16.1421592192804,16.1670973191333,16.0590055252261,15.5999581539473,15.5742925293824,15.7915546169006,15.8434864580946,NA,NA,15.967646963571,15.1472721729382,15.6249873306279,NA,15.8049348961214,NA,16.0671262974138,16.5696370511419,NA,15.5303353725147,NA,NA,NA,14.679833588259,15.3385446028553,NA,NA,-0.220682156060324,-0.587283903139603,0.145919591018955,15.8023396911599,-1.22931025403479,-4.83386836017486,0.228497533348926,0.753445779529677,0,0,0.721965742585801,0,-0.101438054269002,-0.506144536872005,0.303268428334001,15.8023396911599,-0.511858082472365,-5.60602587759355,0.61249277866318,0.880375407265006,0,0,0.951489361641723,0
"P78371","TCPB_HUMAN","CCT2","T-complex protein 1 subunit beta","=""CCT2""",23.2576409467729,22.9869066395708,23.0864273863989,24.0430670616206,22.7090581999303,22.2229917283197,22.6289398564981,22.9832282962508,22.8082697090005,22.6774824818166,22.827512344755,22.9754083118081,23.2309800880949,23.2088816095366,23.1582648348194,22.7346798403011,23.2989076929071,22.7737395432633,23.0383129212727,23.268191983183,21.9712401554108,22.7261812159244,22.5565375001654,23.1021539054447,22.8572432742756,22.9449409892228,23.2959998859092,23.4725089551843,22.8766737174773,22.7423426697765,23.0538410295758,23.2777345475981,22.9253968310169,23.1037995165217,23.9988308961428,21.8442843429001,23.0801342053641,22.9929323311601,22.6104505093579,22.9359506358797,22.7428426079697,23.2072291654777,22.8715187245007,22.8957727132773,23.1129352621127,-0.0800816655681906,-0.342279549183256,0.182116218046874,22.9581859347504,-0.614772914549221,-5.42171936146844,0.541731282232672,0.899122088181203,0,0,0.952096508397361,0,0.0662666046091616,-0.19440312446897,0.326936333687293,22.9581859347504,0.511699423884663,-5.84008984104716,0.611307032643592,0.880375407265006,0,0,0.9679125826885,0
"P78417","GSTO1_HUMAN","GSTO1","Glutathione S-transferase omega-1","=""GSTO1""",23.7351559401027,23.5935678298474,24.1228594358223,23.4941961099135,24.1757686310263,24.4931644519117,23.8150977010098,23.8429666560148,23.4801765853531,23.9286621197341,23.2799401217042,24.6723358388114,22.8883943363646,24.0590407069056,23.7774139205781,24.0498348191133,24.3308953334685,23.2843036976166,23.9262804302001,23.5224481400983,23.8320509393318,23.9586041245465,23.6136098959066,23.3711547986826,23.6484681371445,23.4035449261974,24.1072466454028,22.6443898957534,23.5910847297798,24.0578072949398,24.035195390717,23.818494583124,23.4902508309767,24.4862994707356,23.5299373153298,24.0274950331137,23.437144666578,23.8372634779087,23.6898396176014,23.7186642973293,23.8238997987958,24.1688714400029,23.7014209874755,23.6354767031696,24.6305869869449,-0.132843186566102,-0.403083014607438,0.137396641475234,23.7940289954019,-0.989465688179738,-5.16121048702343,0.32760710575115,0.826372714395847,0,0,0.862219795977529,0,0.179274452774738,-0.0893903502755962,0.447939255825072,23.7940289954019,1.34313121021852,-5.12030366359057,0.185813190243238,0.67048191514958,0,0,0.739544134048091,0
"P78560","CRADD_HUMAN","CRADD","Death domain-containing protein CRADD","=""CRADD""",NA,NA,16.5488058763989,17.9337166588698,NA,17.1359750990416,16.1387857198009,NA,16.8550000304956,16.975443864136,17.0897931595068,16.1607959719241,18.0973953177512,NA,17.2307467006283,NA,NA,15.9454409454355,16.73177964527,NA,17.3786976779778,16.0177122985884,14.8772807138521,NA,17.9603190573875,17.1010572858758,NA,18.0035124199517,16.4633647009536,16.2902607209422,16.6052386740752,15.5305910194045,16.9283074538068,17.812140899264,NA,17.0457824080778,16.2678023349175,17.9401381599304,NA,17.6219897697645,NA,NA,16.5855947012396,NA,17.1703229077315,-0.337541740349174,-0.969428532353821,0.294345051655473,16.8814597397667,-1.08941041394283,-4.93787337566588,0.284358501695592,0.799489091675277,0,0,0.654119434324091,0,0.313296286621071,-0.314850193179277,0.941442766421419,16.8814597397667,1.0171795773766,-5.30717253328049,0.316931065703423,0.763936761930615,0,0,0.697676553986012,0
"P82650","RT22_HUMAN","MRPS22","28S ribosomal protein S22, mitochondrial","=""MRPS22""",NA,NA,15.7370449524111,16.1613285364744,15.3734324785182,15.3204633244917,15.7719167875806,NA,15.9244830220123,NA,16.7099743833219,15.7151885549818,15.6784812649936,14.5055597195444,16.2097192162658,15.6714960596566,17.3161187177473,16.0174447618807,16.2802232794712,16.2486739228164,15.2232761202129,15.6292258042595,16.2330122026743,15.6902155309721,15.7038786160163,16.5641655145742,15.563868493015,NA,15.7257098997633,16.6805181032491,NA,16.2423994507756,16.3116310479897,15.6583908360842,15.3551324322139,15.4071834826345,16.6653397526801,NA,15.5930838780256,14.8639253870021,16.3084058953463,16.1439272772453,15.8758940303189,NA,16.6144020568947,0.295612743600248,-0.0923034700655819,0.683528957266078,15.9106793187599,1.54264117714027,-4.51845707514348,0.131196592511718,0.706666727583279,0,0,0.548588458660804,0,-0.141294273478067,-0.518057093346168,0.235468546390034,15.9106793187599,-0.759165077026909,-5.62643071501463,0.45243253921678,0.82844066302532,0,0,0.893988081624435,0
"P82909","RT36_HUMAN","MRPS36","28S ribosomal protein S36, mitochondrial","=""MRPS36""",21.1040450658864,20.8779935441011,21.5113571641939,20.6157916344431,20.6121429128598,19.5327058380709,20.288615511483,20.174026352225,19.4272282971065,21.5302054888291,20.4111502821168,19.6980003709048,20.8730819231578,20.5310138477071,21.032696894644,21.0812714695608,21.1049456516851,20.5490970986112,20.2105028781213,20.724459099673,20.6632273189969,20.7096625509296,19.5248427922332,19.1938379172003,20.4426191690315,20.6960405380708,20.0801099941847,21.0738834237239,20.6418246668929,20.906705519122,20.5575860355765,NA,20.5787185785059,19.0753082799824,19.9372038396621,20.914201382078,20.5277038962861,20.7042788323087,21.2246672747965,20.5930981119875,21.2272440679945,19.9310620006974,20.0362415165475,20.9567363485527,20.9120065068115,-0.0466818036827483,-0.442518536033986,0.349154928668489,20.5227077701717,-0.237521200605065,-5.56263554299877,0.813329605201012,0.948679518362231,0,0,0.990401027288849,0,0.0159870401789419,-0.384136659346784,0.416110739704668,20.5227077701717,0.0804719704406048,-5.94621470419165,0.936218395418718,0.984482425781213,0,0,0.998946905010076,0
"P83111","LACTB_HUMAN","LACTB","Serine beta-lactamase-like protein LACTB, mitochondrial","=""LACTB""",21.2433237226344,20.8803225184021,21.0469377020282,19.3275426039651,20.0591146251594,19.9584227637246,21.1229424827905,20.5654388079622,20.6373382360686,20.2852025625665,21.0437836865599,20.1830640837866,21.0101188528433,19.7837197631422,20.8933451271074,20.9688328962946,20.8025918691701,21.2005991085072,20.0275902874053,20.9587597016297,20.6292636331281,20.2362811000347,21.2286308262836,20.7193400568248,20.0023577625579,20.9592354301753,19.1792362570383,20.9078941469441,19.9448111456692,21.0686398677165,20.5674188754026,20.2683541166538,21.2178253801884,19.7896294126673,18.1101347371656,21.0262473781829,21.0427894414565,20.7124493326024,20.6671938197342,19.928160935973,21.085237864985,20.1425089661022,20.72400154587,19.4850730600874,20.1592566668681,0.0565508672072248,-0.357210213411351,0.4703119478258,20.4844658480458,0.275106240302259,-5.55417208334199,0.784465467784195,0.948679518362231,0,0,0.98636592043471,0,-0.260518837029331,-0.671868415068877,0.150830741010216,20.4844658480458,-1.27479069439116,-5.20252953006304,0.208779413788668,0.701115954106001,0,0,0.664914530804676,0
"P83731","RL24_HUMAN","RPL24","60S ribosomal protein L24","=""RPL24""",19.1058937071588,NA,NA,17.6325827428667,19.344940201544,17.7287840704723,18.739591593616,18.9537098911026,18.8442885087632,19.4761254130044,18.4515820223271,NA,19.1782205420352,18.8804099982478,18.8226731626444,19.0494283018996,NA,19.4513191522751,17.8151374236848,19.098026186679,18.0651082716163,19.488489560367,20.2127659727946,19.188936878307,18.445586755987,18.7943412886112,NA,17.2700280803019,19.103267043967,19.2244237714617,18.2890045289707,18.6084052825411,18.8076913614203,NA,17.9552452195254,19.3084670491883,19.327752552489,18.3473076485055,NA,18.1208201831573,18.9849265657251,17.923090893419,NA,NA,NA,0.068364824069711,-0.405123727962767,0.541853376102189,18.7439534807622,0.292815550474915,-5.47469633269939,0.771342428720794,0.948679518362231,0,0,0.982407515271595,0,-0.322729478227487,-0.816402318281737,0.170943361826764,18.7439534807622,-1.32577651227034,-5.03136542510158,0.193255838413988,0.677645703274186,0,0,0.588320462518435,0
"P84077","ARF1_HUMAN","ARF1","ADP-ribosylation factor 1","=""ARF1""",22.4520407309448,21.8082924496558,22.7701174116828,22.1374179135037,22.2047862516137,22.3221479094572,22.0405421467046,22.2784265216555,21.9628039311921,22.12211210274,21.8935205281863,22.386649996865,21.6557305499891,22.9004736561367,22.6001314283617,21.7172130765804,22.5717458395512,21.9064351810766,22.4378924458571,22.4410706691713,22.5490644591846,22.2566230658249,21.5372459268797,22.2723616341635,22.3555331777761,22.257698387585,23.3682228574714,21.413830772569,22.0704932083897,22.2645783836572,22.5498299770028,22.7586374357081,22.1033464767849,22.8521191947276,21.826011615765,21.6622698588255,22.0975208192664,22.3935327805607,22.4595196444978,22.1213205527547,22.1340579877589,22.4885115476018,22.507225589122,22.5853214645931,22.9687087855546,-0.00760180498748042,-0.286073199506978,0.270869589532017,22.2769585854433,-0.0549473743442766,-5.58616118209705,0.95641813976369,0.985311836462058,0,0,0.999661320350347,0,0.139194976319061,-0.137653417590844,0.416043370228966,22.2769585854433,1.01202761464976,-5.48112412263782,0.316814017910394,0.763936761930615,0,0,0.852146920344456,0
"P84085","ARF5_HUMAN","ARF5","ADP-ribosylation factor 5","=""ARF5""",NA,15.5062047947184,NA,16.6345626549692,15.5495558438803,NA,16.5936648596222,16.0095868836989,16.4456768973594,NA,15.9215758577727,15.4163631202853,NA,NA,15.3645932453944,14.4943184087968,NA,15.9302731566349,15.8322894230244,NA,15.6203107114133,15.3980816238207,14.1337080228286,15.4876816250821,16.2424986770882,15.8534712138119,16.4134185440682,NA,16.3617855528932,15.1320909586493,16.0732719488759,NA,15.9933094546321,NA,16.5061172628476,15.4689085583161,16.5499045408768,15.4461160518008,NA,15.793533312165,NA,15.4466437289272,14.8627076446596,16.2661101459257,14.8169052933234,-0.388697964294021,-0.880107817039666,0.102711888451624,15.7364137505676,-1.60919578344722,-4.39694094889721,0.117088036685597,0.679806474125127,0,0,0.434442910227067,0,0.205937214182565,-0.256820680070858,0.668695108435989,15.7364137505676,0.905360362886161,-5.4626460119227,0.371829361626966,0.795820049946075,0,0,0.815676170075314,0
"P84098","RL19_HUMAN","RPL19","60S ribosomal protein L19","=""RPL19""",17.8563978766634,19.3343903573878,17.9683326340727,NA,18.5724978939061,NA,19.1544934371776,19.4149956996667,19.2596896740996,18.5020139682003,18.9515857297191,NA,NA,17.9248800625129,17.6711930937646,18.860927645593,18.9235696178245,19.1745269328947,18.4653614789229,18.3823534680233,17.9992776169293,19.0163369972102,20.1907941859591,19.4400289846179,17.4852147159939,19.4453977063165,17.5812223678605,17.8051828784637,18.3166723381171,18.412874584416,18.6615537764553,20.3205329844729,19.1474358648773,18.2893698486553,16.9987090565193,19.3812302151262,18.5102963420916,19.0318010123975,18.857646432079,17.6804183203548,19.2359528019896,18.8719108601608,18.8331104687685,18.5757756115543,NA,0.0704978016842048,-0.435277367137779,0.576272970506189,18.6626488885454,0.281486491695208,-5.48468954999089,0.779751729219002,0.948679518362231,0,0,0.982614480567281,0,0.0970092386670309,-0.374722938096678,0.56874141543074,18.6626488885454,0.415295364053127,-5.86698000280422,0.680088945715376,0.914300764132198,0,0,0.963290611527319,0
"P84103","SRSF3_HUMAN","SRSF3","Serine/arginine-rich splicing factor 3","=""SRSF3""",NA,17.8493865780541,NA,17.378634774782,NA,18.4039997805064,18.7245353053362,18.4296311064443,NA,NA,NA,18.9265331998321,NA,18.1110721104959,17.1157247449895,18.2126470664591,NA,18.0768420488694,17.939613044284,NA,NA,NA,18.9706026636042,18.4810456783476,17.9969196587009,NA,17.9879813801199,NA,18.4563155141608,18.3088205588427,18.8676552709294,19.4765653261452,NA,18.8349417452243,18.2523768906918,18.291319456186,NA,NA,18.0916432605383,17.7001889646004,18.7489664536608,18.8529354179123,18.5185295919844,NA,18.389025111752,0.20876153867604,-0.231047125612649,0.648570202964728,18.3355161679805,0.970738255157958,-4.9840215209106,0.339694806528206,0.826779657480717,0,0,0.798195727402005,0,0.280613810834748,-0.124684140243161,0.685911761912656,18.3355161679805,1.41595701627604,-4.87265264357637,0.167424632127782,0.655071957582339,0,0,0.605609934610786,0
"P84157","MXRA7_HUMAN","MXRA7","Matrix-remodeling-associated protein 7","=""MXRA7""",NA,NA,NA,14.48149927945,NA,14.39880000552,15.6959625188271,15.222763731574,14.2253599892272,NA,NA,15.1114946184144,15.4268102711839,NA,14.0957455570097,NA,NA,14.7470703813787,15.010209481944,NA,15.3952580252573,15.3559645722516,15.3165788187142,13.7317624746066,14.2726845521452,NA,16.1186171338922,NA,14.8706051757595,14.6573033061744,15.8824772934015,14.9899223790351,NA,14.142364733776,15.2077571336128,NA,NA,NA,NA,15.2020171988736,NA,NA,NA,NA,NA,0.151304906912307,-0.375825388327511,0.678435202152125,14.9373490709578,0.592357888478362,-5.23103233902218,0.55914169749728,0.905137078267613,0,0,0.915796167335381,0,0.12364721128457,-0.484106100084396,0.731400522653537,14.9373490709578,0.419861576762409,-5.51865269870032,0.6783151706812,0.914300764132198,0,0,0.953140621176071,0
"P84243","H33_HUMAN","H3-3A","Histone H3.3","=""H3-3A""",23.2503912858032,22.8309569677982,21.4739481385076,22.2353174439213,22.4805478341605,20.5114548100855,23.3362075939049,21.4776264159079,21.6593402371321,22.1155193035309,22.8896529237778,23.446606569388,20.2168669154214,22.8665630218255,20.8221506727688,22.1624506705065,22.2387381168331,21.2179057731032,21.0803752338761,22.4155762518006,22.5116216415985,21.5298334543459,23.80170084827,21.5989803412208,20.7855090945348,21.2349466576674,18.7009627330888,23.4520659776316,21.3193704234303,22.7453557088071,22.8333915616552,NA,21.7841263912403,21.7315571035748,23.8203118831492,22.0464417811482,22.9292313314119,22.5446528095473,22.2147984386072,23.3220465581029,22.2358540193706,21.6742105286539,22.8399441983595,23.3807336598073,22.5409447922338,-0.306441235724527,-0.98879365444369,0.375911182994635,22.1433360935798,-0.904501547935913,-5.2304868000061,0.370542268705633,0.846443543934795,0,0,0.737690361704809,0,0.792026602437907,0.102284211587795,1.48176899328802,22.1433360935798,2.31272340506729,-3.54756817386602,0.0253629028800349,0.344080314270748,1,0,0.0544606879529872,0
"P98095","FBLN2_HUMAN","FBLN2","Fibulin-2","=""FBLN2""",NA,17.1942543156752,NA,17.3876235493863,NA,NA,17.1909735134907,17.3814742979444,NA,NA,16.8900080148657,NA,17.2181503708531,NA,17.8250547794293,NA,16.9108135243471,16.8343878456249,16.8050600592269,NA,17.4338473820517,17.8799795631532,17.2082176437865,16.1622177502014,16.4838647612466,NA,19.198620293871,NA,17.3591191724493,17.0240755536302,17.8266912233409,16.8364844057456,16.9316435968674,NA,17.4456878158624,NA,NA,NA,NA,NA,NA,NA,NA,NA,17.704331237277,-0.122444000047786,-0.659792473217718,0.414904473122147,17.2666339421881,-0.470251976979563,-5.26885899593616,0.642413148425296,0.937693137615552,0,0,0.9472574486317,0,0.155262593968644,-0.442352371704275,0.752877559641563,17.2666339421881,0.536160126960455,-5.48264262338576,0.596774448912264,0.874267168578469,0,0,0.922978773425062,0
"P98160","PGBM_HUMAN","HSPG2","Basement membrane-specific heparan sulfate proteoglycan core protein","=""HSPG2""",21.9393471516728,20.5856126592859,19.4087093209591,19.0061643182865,19.5323264003621,19.7245781000986,20.4528239403381,20.331223849556,20.7823779390531,NA,21.1097821795326,20.3542396974567,19.6878076172325,19.6787081249263,19.909220174638,20.112639056631,19.812563330567,19.3703154750942,19.8280550463,20.0148245451395,20.3821211410822,20.2208630915696,22.7831998192807,20.364920755113,19.4323464947805,20.201283333693,19.5673940697607,20.1692059780899,19.833387565672,20.5398451096548,20.0662362942502,19.6773314441269,20.0327661516947,19.3675711928661,19.8057382707238,19.9145043118339,20.3463112481481,20.1025723397296,20.3335882979991,20.1004379341019,20.0790560922246,19.558688436156,19.9186252232518,19.7622039705599,19.8801573525262,0.00161577913226196,-0.432988244159827,0.436219802424351,20.0927653374095,0.00748788381843212,-5.57315122459233,0.994058656550392,0.997214398317219,0,0,0.99999037151598,0,-0.245811750149009,-0.670757133120783,0.179133632822764,20.0927653374095,-1.16503874515668,-5.32612611649489,0.250136581547917,0.729789526030434,0,0,0.711319782126115,0
"P99999","CYC_HUMAN","CYCS","Cytochrome c","=""CYCS""",25.8837226047664,26.5887552856072,26.3551722627042,26.2706074788713,26.9506769093518,27.035314522819,26.8145902874638,26.4281592800595,26.5239674744108,26.742473094354,26.8435707534374,25.6970668892406,26.649182685908,26.9012534349327,27.1661456330252,26.7909110448161,25.8805011331965,26.8112986856026,26.9254954245521,26.6525127789534,26.1714945923625,26.8627628375166,26.9435359369142,26.8038199009155,27.590198020576,27.3865866806753,26.55480888184,26.1116934342896,26.8146890022192,27.0231260541414,26.5783210858894,26.8746147177099,26.5729691228678,27.3585704683982,25.9926443110809,26.8815051201765,26.3204199918534,26.8792465950795,26.2800392316616,27.2128653355618,26.8929970080395,26.6322301653633,27.1201561713016,27.2483863451701,26.8707507667608,0.171504363580699,-0.111842621530667,0.454851348692064,26.7086624320542,1.21833687262974,-4.94513763332402,0.229302435531665,0.754787183625065,0,0,0.776796563452941,0,0.0261521352228797,-0.2555434331232,0.30784770356896,26.7086624320542,0.18686929554458,-5.94815215577468,0.852584137286465,0.960993528480347,0,0,0.99583785491762,0
"Q00013","EM55_HUMAN","MPP1","55 kDa erythrocyte membrane protein","=""MPP1""",NA,15.7295028142602,17.5443569355668,16.6332677162408,16.866695070207,16.0220990065381,16.604197708691,16.5278290316179,16.9431854275488,NA,17.0380929735143,16.4059385286406,NA,18.1269192159232,16.4033151102081,NA,NA,16.7009734645752,16.8769480684758,17.5406820707377,16.276735337261,16.633080147515,NA,NA,16.9528104362937,16.3564289202603,17.2701985952794,NA,16.4492574309891,16.395330050001,NA,NA,17.2327069693405,18.2800718511578,NA,16.77899274292,16.1298118206755,18.2096923894625,17.0161299694737,16.8639156673856,18.2030021318134,19.0183434042983,17.2212258138068,16.8736118426125,19.2419433323671,0.0154084137727963,-0.556974271156606,0.587791098702199,17.0402144704605,0.0546477644844444,-5.45596674896388,0.95672947833684,0.985311836462058,0,0,0.999318647140932,0,0.865223278378213,0.296192979986634,1.43425357676979,17.0402144704605,3.08669529454938,-1.90420391944281,0.00394094147783498,0.196735946932972,1,0,0.00831107376900838,1
"Q00059","TFAM_HUMAN","TFAM","Transcription factor A, mitochondrial","=""TFAM""",19.8144623339528,20.6216457350704,20.2073066176035,18.9275649737017,20.6902226924163,19.5440409886376,20.5194324487345,20.2250648217436,20.6836707167397,19.9806699984379,20.9100968983653,19.4844487335588,20.2781964618413,20.2544315430783,20.6096136273408,20.5832162581187,21.1148158609879,20.3208386167611,20.3864644701503,20.5349473045485,20.442153601177,20.7857347369801,21.3943054651431,20.7644763609084,20.5700304321525,21.0751464203254,17.8095695956321,20.4532489846566,20.7656134800855,20.9085524989215,19.2651537682159,20.0824459267243,20.5739362590009,18.7483108801613,19.9665746541948,20.3017829417509,20.4791926905903,20.279586114382,20.8950443527844,20.5544723302666,21.1122216865588,20.2108633723601,20.4533412504951,20.2952785742152,19.6110951527673,0.342317415101888,-0.0782596662516781,0.762894496455455,20.299761836272,1.63830290431335,-4.4424731781641,0.108175614970331,0.679806474125127,0,0,0.467052459671364,0,-0.338654275472059,-0.756780128897546,0.0794715779534272,20.299761836272,-1.63027305750536,-4.73237558199819,0.109867096231372,0.582172853494171,0,0,0.473353647172006,0
"Q00169","PIPNA_HUMAN","PITPNA","Phosphatidylinositol transfer protein alpha isoform","=""PITPNA""",26.2760724114021,25.7669345835508,26.0050339163658,27.0467197139737,25.8721279393056,26.1575700393971,25.3817402598804,26.1219926581188,NA,26.4580203958866,NA,NA,NA,25.7875654240508,26.3379057747574,26.0580633958712,25.7289505052617,25.2089134146353,NA,26.0257833704881,25.3951038098211,26.2417800564432,23.5341942280541,24.9376938094636,NA,NA,25.422991165596,NA,25.7856951680974,NA,25.9292484814648,NA,NA,26.006137064385,27.1597053287247,25.6392665703505,26.57836472366,25.9416208516663,25.4716877961011,25.0088253262269,NA,25.74887056424,NA,27.1633349401454,26.1150881191602,-0.681654115153918,-1.18562708684391,-0.177681143463928,25.8847813064546,-2.75167599304542,-2.63281544109278,0.0095507880655738,0.416167334657996,-1,0,0.0419841547107637,-1,0.623602935560733,0.122620051369109,1.12458581975236,25.8847813064546,2.53236173101988,-3.07669336229757,0.0162631468974215,0.324435639911382,1,0,0.0766481942795931,0
"Q00325","MPCP_HUMAN","SLC25A3","Phosphate carrier protein, mitochondrial","=""SLC25A3""",25.2929443084684,25.5875065354898,23.7381823563202,25.6912611107236,25.4365401562042,25.1237346609835,25.6123162915886,24.9175807791585,24.9658614803126,25.2181165427835,25.4955748501514,25.4268623387328,25.4517672765377,25.0879934490418,25.7751395431534,25.564153965709,24.8608773191193,25.2949915164964,25.5974567669163,25.5320869995746,24.1698177426874,25.4078436477942,25.6037845620776,25.2354947315688,25.6762581186211,25.6227147426578,25.3622098202656,25.6913484378927,25.6452506273605,25.7516228902517,25.4062552312599,25.0807907901744,24.9759974469238,25.1439838676723,25.1024265168383,25.2133923698086,25.748448543792,25.2648630241754,25.3254264077972,25.4971215895671,25.7500719269451,25.5500407008312,25.4821426537232,25.3062134150596,25.6248028605663,0.146708987050719,-0.116979359484337,0.410397333585775,25.3402060203062,1.11989315843718,-5.04324028292201,0.268567499944148,0.794236235660287,0,0,0.824588001108879,0,-0.0362623029238769,-0.298413808133068,0.225889202285314,25.3402060203062,-0.278428594963184,-5.92782086298967,0.781930063729969,0.942584418301806,0,0,0.991119503632094,0
"Q00577","PURA_HUMAN","PURA","Transcriptional activator protein Pur-alpha","=""PURA""",NA,18.1494864205675,18.4079537190853,NA,NA,NA,18.902513994017,17.4694579485659,18.5326184448427,NA,17.892671754982,17.3878458415889,16.2340437125918,17.5581606119853,NA,15.6964484677047,NA,17.7978312990768,17.4342969292745,16.3325799115951,17.2713360579822,NA,17.878078113423,18.2450298519576,16.6156009584642,17.7728894765936,17.2641996462727,NA,17.0348061182538,17.5627172328603,17.8082300246684,18.2359039295276,16.619543254966,18.1030859251434,NA,17.2217675607668,NA,17.580405271226,16.977716689605,18.0568719248693,18.4221791078956,19.0658928544034,17.7598980037116,17.9377672621161,17.7307537749078,-0.537398583486819,-1.11275563860295,0.0379584716293128,17.6164877086909,-1.8960947263497,-4.01598337954431,0.0662175902708999,0.612150491830663,-1,0,0.232483834638716,0,0.563256796183676,0.0423892017916387,1.08412439057571,17.6164877086909,2.19523014385429,-3.74772607621406,0.0348613795010511,0.37833073328471,1,0,0.150996079659963,0
"Q00610","CLH1_HUMAN","CLTC","Clathrin heavy chain 1","=""CLTC""",20.4770660128966,21.0582518405706,20.8738053250502,20.8095206863044,20.861311582288,20.7052176644887,21.0470067180404,21.0840938921338,20.5798062507986,20.8412909592462,20.5752705718237,20.9688977958192,20.4642729507606,20.6447024749329,20.831463184055,21.0906088501182,20.4834120093296,21.0092333247494,21.1061811777449,20.7953518669588,21.162025288482,21.1900775768863,20.3466269160379,20.2407768374822,20.6804652235543,20.7777560382058,22.1826034132493,20.5550360930485,21.0988238321281,20.9661071447969,21.5058683085121,21.8901206705722,21.0378057762344,21.0994139340252,21.1440710941658,20.7406145841397,20.9785091779547,20.4253038909621,20.6097609029717,20.8684471274992,21.0192171151625,21.4969269338155,21.0354571361093,21.1982979771191,21.4092452480289,0.125825206629191,-0.121528666952761,0.373179080211143,20.932580519539,1.02390519470811,-5.13140380129997,0.311229934371553,0.819572160511757,0,0,0.863409568950664,0,0.184931618966683,-0.0609806146640585,0.430843852597424,20.932580519539,1.51370709685046,-4.8979936777547,0.136935262636444,0.626842806368387,0,0,0.69233195358127,0
"Q00688","FKBP3_HUMAN","FKBP3","Peptidyl-prolyl cis-trans isomerase FKBP3","=""FKBP3""",23.1093246527565,23.7024845093553,23.7714727485941,23.3197734410139,23.0276847799814,23.5529207296467,23.9977843210823,23.3932377065834,24.2058966298748,23.5784101617604,23.8610963127004,23.6257261218462,23.6508151330063,23.9446531359405,23.2561326323519,23.1902854454794,22.9532604564087,24.0470056853223,23.4634664448237,23.6799804471521,23.4364722660804,23.2531748784487,23.8119923711885,24.0959458748308,23.681302015294,23.6957822855447,23.1558432197153,23.3982768587949,23.7512366827254,23.3931933668379,23.0531154722639,23.165470327697,23.7241053514149,23.3943396409527,22.9443508947547,23.4678311383926,23.616174334562,23.4850002612219,24.008283106311,23.6038155564275,23.3810127113891,23.4739027400544,23.6561615076852,23.6945041706748,22.9536845062931,-0.0597780123442,-0.27064115240852,0.15108512772012,23.5250307341163,-0.570626072059815,-5.44458093545629,0.571027798669415,0.908279116004371,0,0,0.967060075669945,0,-0.0923644385701365,-0.301998615762146,0.117269738621873,23.5250307341163,-0.886856832960553,-5.59237145913166,0.37976524189794,0.796038302630268,0,0,0.914454620752057,0
"Q00765","REEP5_HUMAN","REEP5","Receptor expression-enhancing protein 5","=""REEP5""",22.8864204499059,22.817466322523,22.6186099918083,24.12628289113,22.6788845218736,23.4825519246148,22.8216903573058,22.6562439539578,22.1620064517298,21.6229507013699,22.5662982518318,23.5378608888547,23.5554211931386,22.55180065042,22.3704123238742,22.1993693218978,23.3417837065217,22.7546617465432,23.2259676057795,22.5443011422173,22.555133109673,22.6357913515289,23.4890648372139,22.7609893341974,21.710515884278,22.1543156223947,23.026421162113,22.6930013288876,22.8705378261426,22.8503744284171,22.4534205620073,23.7422791376529,22.7818478899957,23.3210817105383,23.8445215141892,22.9610779531697,22.8570833320874,22.3711456685997,22.8906772016515,21.3533041628908,22.6588914071636,22.9334909840206,22.8439465169425,22.4314554246403,22.9411957420789,-0.109048413349949,-0.46162032543305,0.243523498733151,22.7922788553283,-0.622561772583097,-5.41751235889121,0.53664397387608,0.899122088181203,0,0,0.934378238420777,0,0.104879386654861,-0.245637648555793,0.455396421865515,22.7922788553283,0.602270815943708,-5.79222303297489,0.549948711991761,0.856094249166275,0,0,0.939215282217315,0
"Q00796","DHSO_HUMAN","SORD","Sorbitol dehydrogenase","=""SORD""",NA,16.9953454860331,NA,NA,17.1215704618449,16.348530229618,17.0416714493238,17.1017008093082,17.1591008980989,15.8699556234036,16.9157111449924,16.0924722473912,NA,17.8434989220138,15.4158059908732,17.430124236388,NA,16.9850796249951,16.7137055532615,16.9050954336417,16.2402488680573,17.0269047725344,16.6505556587469,16.9005281175468,17.0087144098187,17.2495225800601,16.7408930525865,NA,17.3118648274419,16.8847150783214,17.5005112613464,NA,17.0258557449959,15.9590620658038,16.0817337096978,16.6398201494517,16.7945839109488,17.5390633634027,16.169199847303,17.317658233522,16.5964823527277,17.0622380191569,17.2145152510624,17.3085391106808,17.3348486975805,0.21490320872342,-0.181924617581323,0.611731035028164,16.8551954524732,1.09535707857279,-4.98924490634804,0.280071717935367,0.79852026647437,0,0,0.760705207725127,0,-0.0358635273513137,-0.407763926456751,0.336036871754123,16.8551954524732,-0.195047907321682,-5.89848226756086,0.846366977249649,0.959935715069946,0,0,0.994035740745443,0
"Q00839","HNRPU_HUMAN","HNRNPU","Heterogeneous nuclear ribonucleoprotein U","=""HNRNPU""",NA,19.430719241454,19.2361376416728,17.5804652132477,19.1502224447534,18.7082671090436,19.9955318966999,19.5112342157549,19.4671160882552,18.8718087558479,19.5515543403589,18.4309348542184,NA,19.4371926362053,17.7297973697959,19.7805666705367,19.0665463876942,19.3550198714387,19.600193203202,18.9690704943322,19.4400138621364,19.5761425591909,19.9993498475436,18.6437590116573,19.7697854841365,19.7930453275478,19.4194045026054,NA,18.9641437305007,19.2128873363067,20.1275740990995,21.049216628662,19.2763790191042,20.6688550745773,17.6452808548982,19.1090589580604,18.6973663386743,19.6106556958622,19.5685945366002,19.7522503410264,19.557142953145,20.5832320823817,19.7038817915193,19.5405887235906,19.4817796313411,0.403720585128312,-0.0749522856092787,0.882393455865902,19.3586373053495,1.70086455250624,-4.33207619936745,0.0961838187735907,0.658355669295047,1,0,0.388559338236743,0,0.223728803553414,-0.236121082272876,0.683578689379703,19.3586373053495,0.981145615417914,-5.49470631665982,0.332004079639291,0.773724495179036,0,0,0.781386655985818,0
"Q00872","MYPC1_HUMAN","MYBPC1","Myosin-binding protein C, slow-type","=""MYBPC1""",26.208921658408,26.6165636242628,25.346072299513,24.9754052499485,23.7889909582153,25.3101980333542,27.0546942102493,26.1519804221597,26.6262942827619,26.0495411648186,26.0122704376559,25.3563881517629,25.7172242589552,26.3347208219243,24.7026968908106,24.9637813796871,25.5278239433635,25.0393994973636,24.2832097256399,25.305456615617,26.3410197506866,25.0095863202019,26.3706247690568,25.794829078156,25.1053812303183,26.0663071085018,24.5229899229724,25.3543331047877,25.2786840597848,25.314884343198,25.9302989352596,26.4681419848373,25.7655133527215,24.0035458712301,25.1315608171124,25.8419205920509,25.5332356020403,26.6544004866171,26.2412255925778,26.0021839722385,26.9631127006522,25.5885992326077,24.7668159896902,25.510452700876,24.1920787960123,-0.376719478757245,-0.850959551696979,0.0975205941824887,25.5805191097924,-1.59893436885317,-4.49519677140765,0.116676142709961,0.679806474125127,0,0,0.445157781209772,0,0.287651718479239,-0.18382436525865,0.759127802217128,25.5805191097924,1.22805584189491,-5.25646639891904,0.225667234062181,0.710460443550504,0,0,0.651664562438297,0
"Q00G26","PLIN5_HUMAN","PLIN5","Perilipin-5","=""PLIN5""",18.5758056571507,17.1536672153005,17.1154960825827,16.1546456094932,17.8131651455556,17.5437353080907,16.4466232375345,17.3641675924926,17.1521097226098,16.9451310296766,17.9846138786566,17.6077552559482,16.5640651222462,17.6673455682617,18.2637921694558,16.7389037191484,18.0986679198858,17.5508394000611,16.6363575544513,17.9701935067699,16.7487209113631,16.3344536175022,16.5101731218759,NA,18.0116702042383,17.1272596788986,NA,18.1203285791252,16.5187705171345,17.5081588212989,16.5218870953297,16.4323160475255,17.8354689565515,NA,NA,17.2276007716036,16.6821249272478,18.2184034775825,NA,18.1824536337276,16.3531197166888,16.5514830947418,NA,16.5052457269184,18.0654987321977,-0.14135580106414,-0.63074697814362,0.34803537601534,17.2513389314596,-0.583749009944691,-5.4084343658948,0.562663370921042,0.905137078267613,0,0,0.921926284289858,0,-0.0824553592995194,-0.606657418743748,0.441746700144709,17.2513389314596,-0.317898751291582,-5.81483864639631,0.752213784088803,0.932548715587236,0,0,0.976795559013984,0
"Q01082","SPTB2_HUMAN","SPTBN1","Spectrin beta chain, non-erythrocytic 1","=""SPTBN1""",NA,NA,19.0992488917397,18.0627455952585,18.0023007876838,16.5727522504665,18.7187222012813,18.7903322069473,NA,NA,18.4809565168742,17.98422080395,NA,NA,17.7723950507258,17.9925114036733,NA,18.3779915149224,18.1457915974459,NA,18.5257330311136,17.8074751823265,18.3322564391968,17.7489133720548,17.488664165788,17.6358737404793,19.0428400879567,NA,17.7668533060205,17.6754690818216,18.6275349851074,18.5493270609699,18.3865147081035,19.0101125610785,18.3583204241163,NA,17.9367329401517,17.6349883603062,18.2216062626951,18.0380996765414,18.5017706772731,19.7713280792671,18.6260700729542,18.1015226352538,18.7709719436338,-0.06430199308695,-0.519280780109031,0.390676793935131,18.2445413604337,-0.286618491163796,-5.40009764220544,0.776045727353472,0.948679518362231,0,0,0.983828806862757,0,0.40722398430707,0.00231788462858468,0.812130083985555,18.2445413604337,2.03962322742613,-4.03212309235108,0.0487701565352595,0.41674318444769,1,0,0.292270448475737,0
"Q01105","SET_HUMAN","SET","Protein SET","=""SET""",20.2895718036081,NA,20.3051543669864,NA,20.4240339910865,NA,20.0742978446739,20.3388246763185,20.2865598199518,20.1410908716518,NA,20.6232659744509,19.4977808032037,NA,19.5967790839736,19.9676467253667,NA,20.2774054007258,20.009498783577,19.2880646123235,20.2058098641799,20.6337104374096,20.3817051728778,NA,20.1335497620172,19.3282591866784,21.1947090732222,NA,19.7584304986673,20.6556686984646,20.9493028227573,21.6917715657984,19.7549267365832,20.5243096656332,20.576707246918,19.5985394122003,19.7201256102428,NA,NA,20.0242459496206,NA,21.38913373053,20.8877227979019,20.8580968605609,20.6864404315846,0.0293804796088502,-0.398500228204556,0.457261187422257,20.2962688318161,0.139391769488808,-5.44964678181259,0.889938665239459,0.963182196760887,0,0,0.996580017257641,0,0.38057603127222,-0.0255651796963625,0.786717242240802,20.2962688318161,1.90224008581633,-4.24027613829493,0.0653845958711705,0.474471915813104,1,0,0.354159051173679,0
"Q01130","SRSF2_HUMAN","SRSF2","Serine/arginine-rich splicing factor 2","=""SRSF2""",18.8672780846246,17.9754039977814,18.4494622969089,19.1738884342253,NA,18.6298658863893,NA,18.7214758191936,18.9668517177075,18.6934426430742,18.8120450830957,19.9039111688388,19.6217693784912,NA,19.0494966185845,18.9354737687909,19.8911208174634,19.2176583257215,18.2839255418,18.2416015891794,19.123996684871,19.1027256333445,19.3793826936026,18.695296395692,18.2668922516688,NA,19.7309555369259,18.6482578501226,19.6364427914633,19.1634370768253,19.3440629851099,20.5619324972733,19.2184458265588,19.7591399796915,20.6577561145511,19.1610418077251,19.1905396266954,NA,17.8743297195772,NA,18.2628180794075,19.8522455299735,19.5377323454666,19.4297654909486,19.2909293194995,0.0891221054752478,-0.357149545521487,0.535393756471982,19.1108409592016,0.403603380195667,-5.45549684439635,0.688651780050796,0.944778418940889,0,0,0.967302232018837,0,0.377017369940724,-0.057582661762963,0.81161740164441,19.1108409592016,1.75323552584958,-4.51074528072767,0.0872150272055738,0.52497025745656,1,0,0.398643352044659,0
"Q01432","AMPD3_HUMAN","AMPD3","AMP deaminase 3","=""AMPD3""",22.1675602610649,23.1311925690831,21.6154258562718,21.2891654199057,22.8234741295385,21.5293624006206,23.1348905373677,22.8163242022439,22.9410961216641,22.4208106327558,22.7325519397454,23.790352644584,23.1524740818923,22.4400082697599,22.6593154790654,21.5562799891183,23.3398899533881,22.8943131487814,20.1296101641004,21.524093936895,21.310279641119,22.5737804054924,23.5671052118082,22.2870394889035,22.5841916074267,22.3660355446042,22.3165019292966,22.3702022005631,23.1267273517262,22.5257617695544,21.5313792828885,21.8377477976338,22.6670949529228,21.330131408555,22.6407494036341,21.7036590855243,21.9401958018829,22.432247873352,22.2653923398587,22.2384630412584,22.0335101572642,22.0964092017207,22.3944595313573,22.7358540443523,21.4865469129011,-0.272342483187394,-0.705123377502676,0.160438411127888,22.3211035049655,-1.26665436161016,-4.89418029599248,0.211649530227039,0.752472233109963,0,0,0.655144264439672,0,-0.209198100511419,-0.639456640038677,0.22106043901584,22.3211035049655,-0.978676247499789,-5.51213855240594,0.332854667549995,0.774754974653178,0,0,0.794431727735189,0
"Q01469","FABP5_HUMAN","FABP5","Fatty acid-binding protein 5","=""FABP5""",19.9564909159132,21.9075888211915,20.8998527575578,19.9394385666605,21.4314037080615,22.4061910032073,21.9017717931957,20.8984453112298,21.4580931555813,21.4221907607748,21.293716970456,22.0867409188459,21.1215927024825,21.5866990524832,22.1698964621945,22.0753823852614,22.0125688914274,21.492340949739,21.9105341226622,21.4086221502886,21.7360445934853,21.3639671723882,21.2756725537488,21.1644881806684,21.75479440788,21.4885304722769,22.3649605242822,21.2361777413437,21.9058320988675,22.1481889655281,21.9312937118297,22.3031496960513,21.4926643718566,21.3238424385477,20.4331060593293,21.4497861206362,21.7212374479728,20.9900077239402,21.1534255360598,21.7769686834001,21.3647322024782,22.0133985261585,22.0198967348319,21.843235700308,21.610725180602,0.332517401144692,-0.0241847409930205,0.689219543282404,21.5387930720819,1.87637427436753,-4.10019065636444,0.066950814468462,0.612150491830663,1,0,0.406952191722754,0,-0.12737567172303,-0.481998864979363,0.227247521533303,21.5387930720819,-0.722986455216156,-5.71655124016592,0.47334518456339,0.834663611429138,0,0,0.909129132899935,0
"Q01484","ANK2_HUMAN","ANK2","Ankyrin-2","=""ANK2""",NA,23.0336975026907,23.0266273403991,23.2567380902374,22.9334198646851,22.7215530164395,22.2689933931944,22.8968263793263,23.4155700678299,23.415110560844,23.2726055537531,21.8588205658443,22.9613578793414,22.8294353955628,22.4767507235391,23.5032993459763,NA,23.2599784895193,23.4010236756479,23.2007801396101,23.0875099112347,22.624537613903,23.2575677441231,23.2361550724004,23.1645842752198,23.7030953405054,22.998674878531,23.4009646672999,23.3626005522274,23.0548772309669,23.0652551504521,22.8935864534592,23.2353584630314,22.8737523923778,NA,22.8391283734282,23.1901299515009,23.1383613333046,23.0452041021596,23.1050618316883,23.6731671509513,22.9195608685245,23.0271545255945,23.4948980518262,22.2612710562417,0.342697805124935,0.101186076984879,0.584209533264991,23.0567867851284,2.86154610509049,-2.32495314119179,0.00648344907921403,0.416167334657996,1,0,0.177873296863079,0,-0.177796098839867,-0.417891733127766,0.0622995354480325,23.0567867851284,-1.49336378272344,-4.9002006311074,0.142637064428527,0.631993832589005,0,0,0.707336092279052,0
"Q01518","CAP1_HUMAN","CAP1","Adenylyl cyclase-associated protein 1","=""CAP1""",18.989914970881,20.1549601407579,19.9748781504274,21.1716435939494,19.6145566954762,19.1522429493441,19.9101720264311,20.5781495884309,19.2485933938042,20.0491125869048,19.1781600764504,19.3552222379277,20.2214284171153,19.3796635447217,20.4765516161295,19.7441694341686,19.4894195331043,19.694806768644,19.8013478913498,19.7380453267958,20.1386649672556,20.432009885699,19.2373794219889,19.3131166906404,19.4537257052091,19.6093695858533,21.743406334241,19.0305191924705,19.9074356993658,20.1775770957867,20.718746356181,20.7903734366832,19.8452281610511,21.8959795292483,20.8496126864699,19.6843637446619,19.6688501069682,20.0333338163808,20.0972413648142,19.9595355714896,20.6464373574961,21.6640066273524,21.6194585184464,20.7280357804158,21.6248290588501,0.0088934384828292,-0.438834364433485,0.456621241399143,20.1064950141741,0.0399821782777171,-5.58678716480983,0.968280210473611,0.987358808768291,0,0,0.9997133721243,0,0.821002572262426,0.375884238438327,1.26612090608652,20.1064950141741,3.7126144022345,-0.255797506392164,0.000552374629948822,0.0796719250753777,1,1,0.00211526852540343,1
"Q01995","TAGL_HUMAN","TAGLN","Transgelin","=""TAGLN""",21.1869102606926,21.2554776161701,22.0590159527702,21.6016344942086,21.8650123562042,22.2506633470058,24.6407669147913,25.476388856167,20.3241833184762,20.6358115834315,22.0889176824132,20.2460746763176,22.671157043421,21.6124544783146,22.9692134762438,21.3751665509756,21.2998893821595,21.6196959382146,21.6455756286946,20.780148995232,24.7520178756517,26.0534391663117,22.2467455770359,20.6311704894865,21.7885139013026,23.2122192841201,25.2931886238721,20.5175865084927,22.7058696539706,21.759966941791,22.6965399039538,21.3802237398419,22.1671282168783,20.1233134008163,22.533947816538,21.4342668930851,20.8837784952514,21.0949785964091,21.6643396905163,21.7867913398258,25.399003581994,21.6224948618181,22.0689852877903,23.3841346335746,23.4609007985155,0.326775694488052,-0.66235539166673,1.31590678064284,22.1836823073499,0.664977123964844,-5.39369172717926,0.50938252145502,0.896077533266722,0,0,0.802174980399876,0,-0.265357817366819,-1.24872400131839,0.718008366584754,22.1836823073499,-0.543159558478023,-5.82433323855718,0.589640118391436,0.870161621650437,0,0,0.869207517228631,0
"Q02127","PYRD_HUMAN","DHODH","Dihydroorotate dehydrogenase (quinone), mitochondrial","=""DHODH""",NA,NA,NA,NA,NA,NA,NA,NA,NA,NA,18.3274496921211,NA,NA,NA,17.1204382458786,NA,NA,18.5835990201735,16.4474674126317,NA,NA,NA,17.2606398221322,15.8381824323688,NA,18.7074804839728,NA,18.5496715617769,NA,16.5673001472054,NA,NA,NA,NA,NA,NA,NA,NA,19.276251105593,NA,NA,NA,15.7214935988586,NA,17.7317911353306,-0.239270793988467,-2.10836861282556,1.62982702484863,17.5109803881703,-0.27646916277742,-4.98598652351781,0.786520890422541,0.948679518362231,0,0,0.944161987783586,0,0.259137722232992,-1.33422183754527,1.85249728201126,17.5109803881703,0.351241549221681,-5.3510566718401,0.731016804975543,0.926345276578894,0,0,0.922015975967846,0
"Q02218","ODO1_HUMAN","OGDH","2-oxoglutarate dehydrogenase, mitochondrial","=""OGDH""",25.1158032391407,24.7172063336673,24.710964374812,24.771763286852,24.6460920370876,24.6329861493125,24.548368840596,24.4665209309816,24.4900340047053,24.7805810165014,24.9008691794993,24.5753503595725,24.8905973951018,24.4860932863945,25.0079811979728,24.8456432346366,24.5312729342995,24.6571246085102,24.8125017119037,24.7134840956931,24.8190269733283,24.5420427834652,24.6950350514207,24.6519880433516,25.0456915198995,24.9417710804151,24.7642835881689,25.224915676234,24.7351515196933,25.0316634652053,24.5239172111296,24.1362326260635,24.6279775880343,24.5744690209243,24.5452498709941,24.6399181388182,24.6574537958846,24.7989980739218,24.5055744999215,24.922543767639,24.6958990273026,24.3985025114985,24.69185317424,24.7210983049759,24.9994591464312,0.0850087414329401,-0.0647559788238311,0.234773461689711,24.7153767705822,1.14252280318328,-5.0213731989771,0.259143553575583,0.782382448374689,0,0,0.891550213493258,0,-0.171496635229715,-0.320388489414581,-0.0226047810448493,24.7153767705822,-2.31843794013965,-3.54443928052945,0.0249197666305487,0.344080314270748,-1,0,0.530899952240721,0
"Q02252","MMSA_HUMAN","ALDH6A1","Methylmalonate-semialdehyde dehydrogenase [acylating], mitochondrial","=""ALDH6A1""",19.1181538851003,17.2320005363474,17.9570865892929,17.8948443799554,18.8063802042914,18.6299551627774,18.3263558131979,18.5615333975577,18.6832342988522,17.7473516218409,18.1771130660314,19.1752480546828,18.0169489828789,18.4899283741189,18.7281280277076,19.020564726152,NA,17.316617508905,18.9199433990244,17.9454287747757,18.3609312130669,18.7894684556655,18.9036672600257,17.8703038594758,18.5010988539564,18.140054267104,17.7031921113276,17.2975978073425,18.6085967671461,18.9190395032363,18.7126844853857,18.2799941020703,18.0967917320764,18.4547716411701,18.142851414817,17.4707705965651,17.9051754391505,18.030273376759,18.5371833373046,18.501892376713,18.3771444476312,17.8585259640897,17.5766647192997,18.5380171288198,18.2238212896236,-0.0774319809652191,-0.418858620779914,0.263994658849476,18.2851665671207,-0.456766043977753,-5.48186459254151,0.650034493941967,0.937693137615552,0,0,0.967197789121774,0,-0.114646890489439,-0.454079295508824,0.224785514529945,18.2851665671207,-0.680267657688981,-5.72974878037154,0.499816955167949,0.834663611429138,0,0,0.923569571458348,0
"Q02338","BDH_HUMAN","BDH1","D-beta-hydroxybutyrate dehydrogenase, mitochondrial","=""BDH1""",20.2600011227744,19.3985882512378,19.2336451856319,18.41640112591,20.6605391138917,18.7913156833023,19.8868550027754,19.4774051625883,19.8661349583247,20.1803662588454,20.0626889553314,19.1568944173566,19.815708782014,20.0397067141101,19.781722231783,21.0026970354234,19.058543314897,18.7355236453982,19.9017266724773,19.9745976248575,19.3256308100052,20.5965234879989,19.3733027950197,19.3876499593682,20.2330534929902,20.4680276722934,18.5109965196493,19.9969675281331,20.1620462906119,20.168060577683,19.4752369386011,17.8002517820904,19.2928906649536,19.0677613942869,18.3466155441009,19.6147700005403,20.1479039755848,19.4652557647706,20.081039333787,20.186046810105,20.3990896250485,18.9613071898461,19.6692628998806,20.2262044067902,19.9119019472954,0.111866841298909,-0.312582521527315,0.536316204125133,19.6570857482303,0.530501112979329,-5.46390544471071,0.59831415971853,0.92370936905128,0,0,0.944160404328649,0,-0.283320609941647,-0.705296176219408,0.138654956336113,19.6570857482303,-1.35145526136279,-5.1100181943875,0.183152909868367,0.67048191514958,0,0,0.618215604082806,0
"Q02543","RL18A_HUMAN","RPL18A","60S ribosomal protein L18a","=""RPL18A""",18.2005189448832,18.608971375525,16.3939216369922,17.9649373698805,17.0161448968665,NA,19.0041736319447,18.3816833797505,18.5292924119847,17.9736751114253,18.3801375582542,16.6596340382416,18.1290892520683,16.4343070077745,17.3385408914717,16.5774102269644,17.0935240858783,18.1398457402168,17.41782983911,17.6400569206594,17.2463045098056,17.6464796252433,18.4575523812876,18.453453608509,16.7262602598445,18.6862917090098,16.5670432310387,17.0641885546025,17.6442980444276,17.7074223034894,18.5933269680605,19.2330539643794,18.2522319806517,16.6111273685926,18.4962618673396,18.4025515244412,17.0540266675861,17.995748384005,18.0345979175101,17.3115229917456,17.9617050538457,18.8846095205206,18.0140495607668,16.9686543648496,16.1662986700228,-0.227702770132804,-0.770932894457049,0.31552735419144,17.7286989852606,-0.844219372010988,-5.26321495604934,0.40300861614718,0.868410244728084,0,0,0.813071952264323,0,0.327453717615366,-0.203703659792584,0.858611095023317,17.7286989852606,1.24164530952695,-5.24090882004105,0.220794621817,0.707512495923732,0,0,0.609798837938976,0
"Q02641","CACB1_HUMAN","CACNB1","Voltage-dependent L-type calcium channel subunit beta-1","=""CACNB1""",20.732256224073,21.2909099970123,21.7608356159973,20.9420114582124,21.3496279589166,20.8247934441867,20.8975728263003,21.3116640458298,21.4628146313177,21.3236343184918,21.3711017575932,21.1877843595713,21.0946720193427,21.1331378816305,19.9438593686016,21.2401549714792,21.216346508066,21.6686675518864,20.9996552227755,21.143067985802,21.4513131713569,21.1603070879642,21.2745232074079,21.2589300080607,21.1292625829789,21.1139270890245,20.5671584248986,21.7664001995773,21.8238352238495,20.7673180610398,20.8575466820432,20.3898645741221,21.2502062994888,20.3132062983426,20.5387500729989,21.1572166751137,21.6918086555874,20.9602962394955,21.160844069231,21.2057216076756,20.8934377238372,19.9008994829121,20.5341116787299,21.7076713967051,20.0951278359316,0.119342510076674,-0.16366282727203,0.402347847425377,21.0636500554547,0.848811689115761,-5.27280042928792,0.400377905359689,0.867495161100663,0,0,0.896515462286571,0,-0.394943866930177,-0.676299778721805,-0.113587955138549,21.0636500554547,-2.82546634806288,-2.46590852724471,0.00695888516605272,0.249075569056642,-1,0,0.14058023808324,0
"Q02750","MP2K1_HUMAN","MAP2K1","Dual specificity mitogen-activated protein kinase kinase 1","=""MAP2K1""",22.6408086693729,21.2007279956572,21.1650466095687,22.5677913329586,21.6134734665053,21.7645188010073,20.8411128885559,20.9536794532804,20.781955946781,21.3073346412792,21.3269574979467,20.9808822622957,22.6404047020603,20.845939698368,21.8420083801972,21.0266528317458,NA,20.908927628985,21.0532344116966,21.3121361598164,21.1144589251568,20.6213816559554,20.1480257757918,21.3025156433357,21.583086754741,21.9050484317618,21.8407920501681,22.5547704275881,20.5738917373618,20.9193488949384,21.2286168572322,21.3446839962076,20.8857268284426,21.741818189888,22.3877109020511,20.9654833636995,20.7756260904585,21.4168900084499,20.4486509411377,20.9531907384581,20.6076580097502,20.8837592446629,21.126386824782,20.7159600592491,20.9186236977417,-0.293285198887105,-0.68612317686816,0.0995527790939495,21.2667658960702,-1.50365264987825,-4.60849207893349,0.139650918850988,0.708378884160682,0,0,0.561376204784013,0,-0.110299747004341,-0.500843202317116,0.280243708308435,21.2667658960702,-0.568821491478618,-5.79554261754476,0.572302882201313,0.863690188970478,0,0,0.940299492561423,0
"Q02790","FKBP4_HUMAN","FKBP4","Peptidyl-prolyl cis-trans isomerase FKBP4","=""FKBP4""",NA,16.6515062797833,17.5600485582605,16.9010366340852,17.2098283262326,17.333684625182,17.4365616650876,17.7551535145662,18.1121037743741,NA,17.5053599418386,17.8271308696273,15.8431610844071,18.0717803209128,17.466843914782,17.984968477425,17.4507510508347,17.6527994517494,17.4738142739359,17.5843017439027,17.5655549869254,17.5234447700506,17.1977346851535,17.5102369969755,17.6209139809767,17.9486727816756,17.5585514595611,16.8532928096738,18.1174128377794,17.6223411576473,17.5833591959286,18.5004272771492,17.6292569052627,17.7726740499227,17.4258190404468,17.1744084420774,17.8347521712246,17.172985935125,17.1279111151388,17.4282591399569,17.596261801359,17.9298864329007,17.2314397366565,18.0613798513757,17.8135382611893,0.214365895041311,-0.0902633464395903,0.518995136522213,17.5260779146307,1.4181655971045,-4.70120384001516,0.163179941466584,0.720861261794311,0,0,0.677988938126716,0,0.0411711927631409,-0.251180363429256,0.333522748955538,17.5260779146307,0.283812083788625,-5.92633098738047,0.777884425135055,0.942584418301806,0,0,0.989712017242398,0
"Q02878","RL6_HUMAN","RPL6","60S ribosomal protein L6","=""RPL6""",20.2282728403417,19.1190260608295,NA,19.6255069042845,18.4326183395956,17.7625850198059,18.6926038976633,18.8269010042841,18.4904379596839,18.7719332948257,19.7689412854129,NA,19.9108110077964,18.8416651103955,19.7145629770253,18.4465090373119,NA,17.8954157638798,18.2420616795233,18.4794352720804,17.7386810473946,18.9231028045572,19.2318259279743,19.6134710472985,18.5225329249632,19.4743244670892,NA,18.5135571252727,18.073782629608,18.6807675090844,19.0549356028323,19.4885834532667,18.4240394197915,18.7079733600439,20.5392686859333,18.9852783377557,18.4705691749035,19.6602553373896,18.4606919027836,18.923203919038,18.1268883743035,18.140109684822,18.1394552660821,NA,18.3962315052914,-0.471645585368595,-0.955183334445537,0.0118921637083469,18.8384704240555,-1.96981244334635,-3.93482266309979,0.0556337984878903,0.582873842922507,-1,0,0.256002698331767,0,0.212647097993969,-0.259696948202301,0.684991144190239,18.8384704240555,0.909160381046172,-5.52827456639033,0.368573855576781,0.791831108546088,0,0,0.808765651454245,0
"Q02952","AKA12_HUMAN","AKAP12","A-kinase anchor protein 12","=""AKAP12""",NA,NA,NA,17.8948231636167,NA,NA,16.507639541604,16.6857670554314,NA,NA,NA,16.3753285696997,16.8313886710598,NA,17.8075234199181,NA,NA,15.7835913184495,16.0212386620377,NA,16.6940321266568,16.4785838283498,15.9054315658225,16.0079348788224,17.4635030683111,17.3260318636961,18.1079076269145,NA,16.0061679710793,16.0987166320453,16.539318952586,NA,NA,17.2725907636465,18.5351865519965,NA,16.262979321695,NA,NA,17.7069400926177,NA,NA,NA,NA,16.3136960087029,-0.499430676921868,-1.21724677229611,0.21838541845237,16.8098400719461,-1.4358569117387,-4.53943574970332,0.163928007678938,0.720861261794311,0,0,0.405297286775385,0,0.512393797349151,-0.201197206324922,1.22598480102323,16.8098400719461,1.48184793078085,-4.70597157611448,0.151370527497851,0.640959577373712,0,0,0.380065335213956,0
"Q02978","M2OM_HUMAN","SLC25A11","Mitochondrial 2-oxoglutarate/malate carrier protein","=""SLC25A11""",23.9875156877708,24.6157676132268,23.8215052583685,23.4361780090757,24.1235781252796,24.1153496891636,24.7071478395017,24.4927079672132,24.0689635766796,25.1591718907686,25.0913414859826,24.6358244807274,23.8552761369907,24.5182378404208,24.35673222387,24.8448978391046,24.736691361586,24.5540576729633,24.2875164424388,24.5806553538467,23.9844974140874,24.3828312391311,23.411815906023,23.9149966057303,24.6800734043421,24.9444080262561,24.5122199113486,22.9695887139093,24.7457899403116,24.771622782141,24.3635918355569,24.3730195600708,24.6097708298175,23.9401198395408,23.4191656351406,24.6570574407197,24.8865949805965,24.6020200488844,24.6391547664824,24.7773417041445,25.0875914631356,24.7264413596386,24.4443045435492,24.8783526918492,24.4044138889077,0.023013549353422,-0.293285710943301,0.339312809650145,24.4025755783621,0.146452314056029,-5.57804269011365,0.884203713986205,0.962924583781994,0,0,0.997171780145771,0,0.165818531654313,-0.148637257814244,0.48027432112287,24.4025755783621,1.06141270079669,-5.4333820799334,0.294038550889948,0.754001885643784,0,0,0.816303347086183,0
"Q03013","GSTM4_HUMAN","GSTM4","Glutathione S-transferase Mu 4","=""GSTM4""",NA,17.5414366488075,NA,19.1270682157715,18.9798317380373,22.1977877651766,NA,17.1476636101307,NA,NA,NA,NA,22.1055819307459,21.9449014726523,21.7468396941569,NA,NA,NA,19.478980584489,NA,22.4441881681358,18.1102882136534,19.0620133815651,17.2307322819109,18.3183452392512,NA,17.4372179564847,22.6141326496891,21.766012054568,22.4294557101361,18.8949235482613,16.3470971597765,17.8662019609573,18.9279631953793,18.9191057822575,22.5325189642856,NA,NA,NA,NA,17.592678151371,18.8509014776952,21.9133688188419,19.9847479974148,22.1432331879709,-0.112164941255173,-1.66984692019141,1.44551703768106,19.781214398606,-0.147050719528279,-5.36741067683836,0.884074450106992,0.962924583781994,0,0,0.986274770685144,0,-0.409052974764244,-1.83828195410336,1.02017600457487,19.781214398606,-0.584475832257178,-5.64363778479558,0.563264271153374,0.862398968828047,0,0,0.790729762234755,0
"Q03135","CAV1_HUMAN","CAV1","Caveolin-1","=""CAV1""",23.6033063356578,22.6978805376765,22.6570271182888,23.5874936361672,22.3593778309013,23.2465478488828,23.0722164551581,23.3756258642038,22.0494592769242,22.541947050167,22.5255473533053,21.8742508257981,23.413516101306,22.7404211258261,23.361453648642,22.8216298329729,21.423690268087,21.4462454193578,22.1014412037073,22.840335676271,23.7892547378665,23.5328436064043,22.488750905969,22.7789065747109,22.5053198534316,22.6582088286702,23.8776172105558,NA,22.3138254192541,22.721384841331,22.8152479339871,22.6416274190495,22.4281160558322,22.0175673788327,24.1301489490345,23.3516583171338,22.5059325089684,23.1812733154676,21.9494289804624,22.2635095732509,21.9598722895853,22.1080375721361,21.405458062335,22.9799300236128,23.1524786176808,-0.222666724234379,-0.672418152272604,0.227084703803845,22.7112684632923,-0.997134204087549,-5.14227770580179,0.324026399034024,0.826372714395847,0,0,0.778076931768334,0,-0.0642832625826557,-0.5114077428598,0.382841217694489,22.7112684632923,-0.289561159446064,-5.90934570094191,0.77348076974656,0.94164415266078,0,0,0.983624123340815,0
"Q03154","ACY1_HUMAN","ACY1","Aminoacylase-1","=""ACY1""",19.781121078356,20.2423438721981,19.3563854575267,19.4066322037662,19.4171013357113,19.3923808263033,19.6076737386188,19.322949789183,19.5370572978438,20.2701850538151,20.1343541675224,19.7472497782649,19.9062214327346,18.6768613758281,19.8997998460798,19.3837638914836,20.6175872139068,19.9826702896589,19.8170028570943,19.4745500940834,19.0701740019182,19.3215755519572,19.3807287207286,19.8212424938315,20.0401645686778,20.1942201822203,19.6805760489405,20.125119812069,19.3004571101339,20.0871130097579,19.1977313967763,19.1536339943709,19.6774465210323,19.4222725938185,19.0396431713407,19.2595229188309,19.8870170467518,19.3741527223093,20.1703713893911,20.0901546599491,20.346669132274,19.594441731566,19.7786590717565,19.5551811412323,20.0236957292515,0.108030039178452,-0.15911905501225,0.375179133369154,19.6792412515748,0.813957328204776,-5.29790903891887,0.419859326643757,0.872297158372813,0,0,0.910508258479267,0,-0.115090175054029,-0.380682257820014,0.150501907711957,19.6792412515748,-0.872235856300681,-5.60444549569497,0.387605847161104,0.801609022432753,0,0,0.896659945386603,0
"Q03252","LMNB2_HUMAN","LMNB2","Lamin-B2","=""LMNB2""",NA,16.1887909232818,NA,15.0356101490653,NA,NA,17.3722671113483,NA,15.1775770585734,NA,16.2054440973956,16.1974029635638,NA,NA,NA,NA,NA,14.6923488427941,NA,NA,18.1849096302108,NA,17.4647707369581,15.7899157549139,NA,16.2010981773053,NA,17.1012306633803,NA,15.865510083565,16.399165123075,16.8294436378606,NA,NA,16.5754001737479,NA,NA,15.5116062548078,NA,16.4247115330337,NA,15.0906206744703,NA,NA,NA,0.43979289880075,-0.473851422934424,1.35343722053592,16.2267275573343,1.0039700806074,-4.87819209463396,0.327361827700184,0.826372714395847,0,0,0.611945540780728,0,-0.414241482311716,-1.323075479982,0.494592515358568,16.2267275573343,-0.950645812981768,-5.18949091482349,0.353108958801209,0.786466622673627,0,0,0.649718218431921,0
"Q04323","UBXN1_HUMAN","UBXN1","UBX domain-containing protein 1","=""UBXN1""",NA,20.1327951338259,20.0389120471175,19.2607804793888,20.5679086500617,20.9920157139003,20.0113142858977,20.6196161796016,20.2319488049052,20.5404392024299,20.4212586998493,20.4170993144214,19.6823499403734,19.6095924023893,20.5788509109229,19.4085476023666,20.784351825541,20.2602294427004,20.2886117281076,20.5081062132705,20.0881077835903,20.330306371426,19.3632083392131,19.8767729296429,20.2734849298824,20.6515740321233,20.0655397301334,20.6070160907473,20.265921652619,20.3618097793616,20.1609919477721,19.6065852554365,19.8834031136718,19.9640298249735,20.0037401599545,20.3499622333552,20.1634579865638,20.2644598560628,20.7543097213947,20.018729331879,20.3236612772906,20.1374520915242,19.9623593868348,19.7267210643419,20.5197407726129,-0.008757044613521,-0.289238945659574,0.271724856432532,20.1835925963518,-0.0628815972636888,-5.57144074950163,0.950139021241382,0.983781746134092,0,0,0.999552204019177,0,-0.086265628470457,-0.360514099420669,0.187982842479755,20.1835925963518,-0.633525967099121,-5.77385220074814,0.529594297667225,0.840664945405658,0,0,0.946642057210334,0
"Q04446","GLGB_HUMAN","GBE1","1,4-alpha-glucan-branching enzyme","=""GBE1""",19.2296886291077,20.8272338666156,19.8138718637818,20.7042493597627,20.6783877916203,19.631871591965,20.9156271049837,19.6871760374798,20.607683543589,20.0763135534008,20.0679927713351,20.779722094436,19.706471162064,19.5965344014565,20.188096771508,20.5204680930188,19.3510589475778,20.7883951806189,20.9203678367222,20.4666171059518,18.7083706176015,20.435967057311,20.7763775995164,20.2825784299137,20.5863473345859,20.4803821740364,20.6850796743753,20.1109047689022,20.2880035180658,21.1554476395807,20.7368261657579,20.4547208197262,20.9171312978484,20.684420403021,20.6146042245677,18.8891087222429,20.5664198160383,19.6229308047731,20.4775750499139,20.2979958969014,20.6386833125403,20.8301605766755,20.314319552172,19.8448390717433,21.0390230241275,0.210089719859909,-0.154418218248367,0.574597657968184,20.3110232279763,1.16013524597512,-5.0040706680405,0.251974455024899,0.782013090941701,0,0,0.748567827672427,0,0.024826184018103,-0.337557311086711,0.387209679122917,20.3110232279763,0.137896222943275,-5.95574758299751,0.89092376343789,0.975133831606227,0,0,0.997136771550744,0
"Q04637","IF4G1_HUMAN","EIF4G1","Eukaryotic translation initiation factor 4 gamma 1","=""EIF4G1""",21.0318778329121,21.9089435740934,22.6278737735386,21.7911604902984,21.7878833148748,21.6898865440816,21.969680638416,22.0754134446059,22.290404236271,22.0067221563895,21.2856677977869,21.8565157462002,21.9542361003224,21.4960156764055,21.2589154661775,21.8147077509764,21.6192588727206,21.9465124749959,21.6044419770488,21.3288421730887,21.8331057761827,21.8229024004836,22.2892506089581,21.765303456139,21.7506782336251,21.2808562167886,20.8897981797431,21.9868581282211,21.7999088646216,21.6101626437783,21.7458484131839,21.1486920478371,22.0401827348396,20.7471683025974,21.6731767995603,21.8204984003502,21.9227679582532,21.3151665438454,21.6228680707817,21.5655534491721,21.4516588114234,21.7509210630896,21.6510704652392,21.8153908002944,21.2026539657509,-0.115680871121334,-0.362691879000559,0.13133013675789,21.685497830577,-0.942662113191589,-5.20015884058186,0.350774115461764,0.831991492349562,0,0,0.885866725595125,0,-0.124597995410209,-0.370169361644891,0.120973370824473,21.685497830577,-1.02127838134858,-5.47234593678508,0.312459085358305,0.760119753912049,0,0,0.865071969693934,0
"Q04759","KPCT_HUMAN","PRKCQ","Protein kinase C theta type","=""PRKCQ""",16.7827274780195,18.3183043437719,18.0157785981296,17.4843859478281,17.73429017762,17.9339575715007,18.140513933527,17.9927696267163,18.2501380926697,17.5594798420506,18.1213591011321,17.5991192416806,17.3537800170057,18.1330268961417,17.9846971609835,18.0894221562575,17.4424647990335,18.3416306155686,18.318309786687,17.7978933898695,18.0271993228199,18.0941450389001,18.4173503714269,17.9959924313194,17.8442396633671,17.5965244071203,17.1595499681971,17.6161409233462,18.2211578436175,18.1537109013291,18.4755917657009,NA,18.049753394978,16.3639019439581,17.3356665891862,17.674781246755,17.2685155457233,17.9157765840948,18.6250108655643,17.9532726178926,17.3472133876916,16.0663815394767,17.4445612049847,NA,17.5851818330325,0.119531788316031,-0.220083187126253,0.459146763758316,17.7819922829459,0.709315463638047,-5.3669966673111,0.481867189117119,0.896077533266722,0,0,0.916430932915494,0,-0.386859226487669,-0.736615663806372,-0.0371027891689655,17.7819922829459,-2.22910274087875,-3.69909480100734,0.0309565330088978,0.361917289076479,-1,0,0.260695544199264,0
"Q04760","LGUL_HUMAN","GLO1","Lactoylglutathione lyase","=""GLO1""",24.5626278694913,24.689271401186,24.9810484267108,25.4699855197841,25.2634266821808,25.5383743716383,25.1593506820405,24.9954211605776,25.3455354666709,25.0177525804505,24.954244616513,25.0936514923686,24.6821577190376,25.3697460929521,24.6820249804729,24.999164536287,23.7948691062337,25.1669631683131,25.3868484141458,25.1497553085025,25.2126599073424,25.1782473473873,24.8200143563372,24.9388323930498,25.1241421579105,24.5760786138452,25.0810007175291,25.5508683400688,24.9644910861793,24.7539475401689,25.0092800128294,24.9545271401432,24.8393388211347,25.5918950575275,24.8366867514529,24.8937879277542,25.0417566016341,24.9325808316609,24.9293515090971,25.0496797613099,24.9025249824358,24.9959964221405,25.1030616070896,25.1056321336226,25.0839700973933,-0.0748037164555981,-0.289882231127936,0.14027479821674,25.01716826028,-0.700062729106481,-5.37282766252533,0.487410631952958,0.896077533266722,0,0,0.947661824583819,0,0.038145777595016,-0.175679205952426,0.251970761142458,25.01716826028,0.359086299110877,-5.90330787072635,0.721172135280049,0.923201669288604,0,0,0.987608422245299,0
"Q04828","AK1C1_HUMAN","AKR1C1","Aldo-keto reductase family 1 member C1","=""AKR1C1""",19.8133631207293,21.7865180544378,21.2610862751084,20.8851185499029,21.3635673454518,21.9547728622708,21.7194162227256,21.4660176104523,21.6070580842468,19.9234354153124,19.9956662278646,20.6345776835468,NA,18.7291573741696,21.6399992540798,20.6400543151568,20.2837549160481,21.3498274164651,20.7317674027358,22.5082407490481,21.4944126501069,21.3602446557308,21.1213788935282,20.6353174818597,19.9975715665933,20.4317340694472,22.0029893693609,20.6838990513293,19.2331298448477,20.9973412099514,21.4425793124211,22.1169695231423,21.4124508376344,20.723197095153,23.2912639694036,21.1390814258932,21.9429330510598,20.9014999177141,21.4780394166827,20.0492000265614,20.6458780625134,21.7105085466907,19.7319377180004,NA,21.5558655015991,0.00254534171940435,-0.545704486735616,0.550795170174425,21.0323912110925,0.00935643564177942,-5.57313016859985,0.992577008842229,0.996531093084445,0,0,0.9999810356566,0,0.354840828487394,-0.19020739466515,0.899889051639937,21.0323912110925,1.31202315484876,-5.14440319428125,0.196310103323672,0.679928456791111,0,0,0.561186460847271,0
"Q04837","SSBP_HUMAN","SSBP1","Single-stranded DNA-binding protein, mitochondrial","=""SSBP1""",21.1988495548018,20.2309387011002,20.6760778540829,21.0983285815762,20.2664970458452,20.2340620133026,19.971570160308,20.1510262417688,20.3113003512309,20.0897811698079,20.2207928844678,20.3039198234184,21.0288309859722,20.229224663703,21.3354635698293,19.9998321295199,19.8889480465591,20.5431983496145,20.7563810328775,20.7250482057652,20.4141714471573,20.4388041844836,20.6567468583504,20.8166317457318,20.6518239117761,20.8586768356136,20.0977570722618,21.5241489454008,20.1404432985739,20.5899034886241,20.240914730281,19.9653552664376,20.4534423779592,20.3319889527462,20.8601446452172,20.2901529138301,20.4960806483849,20.4721666491826,20.1310580376589,20.4739871563318,20.3799942123129,20.2759450855814,20.1032698933474,20.0395536434654,20.3658532311267,0.0430042928488206,-0.213782457259379,0.29979104295702,20.451757479942,0.337093213865713,-5.53748878105891,0.737578536067784,0.947417763940137,0,0,0.986995535300768,0,-0.214840540563099,-0.470130673567484,0.040449592441286,20.451757479942,-1.69392047214998,-4.63736615025177,0.0970361244152476,0.54181532730108,-1,0,0.605832033743488,0
"Q04917","1433F_HUMAN","YWHAH","14-3-3 protein eta","=""YWHAH""",21.0686868608303,20.7155984011143,20.1140952345863,21.3284639055515,20.3767605351862,20.6651571493446,20.223396028615,20.4385994834504,20.0317226334636,20.3531818506054,20.4295072523397,21.0153510224731,21.575648351742,20.7021639577948,20.5529037059826,20.1828315355093,21.1503110466067,20.1611244512756,20.5742221424956,20.4953840711904,20.5880074346211,20.4548140997651,20.8513342043798,20.620909353026,20.4550784462837,20.0974846706415,21.2811130785888,20.9983639842159,21.1353602728086,20.5342863293163,20.8285747811446,20.9395093746164,20.1715655101218,21.0498414591079,21.5694688279931,20.5770786884327,20.2849907884997,20.5304644183446,20.1464015518572,20.3288965650422,20.3135786780534,20.6917029175306,21.0154328425617,20.6465213606262,20.7455198682261,-0.000104654187868647,-0.26196982460014,0.261760516224403,20.6446979805769,-0.000804432638820782,-5.58749129302834,0.999361631147339,0.99988899876272,0,0,0.999999933170695,0,0.0172615007622632,-0.243077454248446,0.277600455772973,20.6446979805769,0.133459718487497,-5.95632261373295,0.894411464518033,0.976798243057403,0,0,0.998075654134569,0
"Q05086","UBE3A_HUMAN","UBE3A","Ubiquitin-protein ligase E3A","=""UBE3A""",NA,15.8557979983448,16.4469425383454,16.9945708997143,15.6004168532222,16.7905232240505,NA,16.7184163104634,16.417331717465,NA,16.2756756443187,17.2644645460209,16.2156650576039,15.2681045541395,NA,16.0438408112341,NA,15.8898172337861,16.1534582599263,16.5172721323694,16.5012670413529,NA,16.6776710092558,16.5409939627404,16.3879352103458,NA,NA,15.8239897081522,16.3854178608741,16.3733726103855,15.1411792214166,15.0756307902229,15.7716298418202,15.7873494969545,NA,NA,16.8206947561464,14.9974217714641,NA,16.460644700582,NA,16.21704783433,NA,NA,15.7112956621526,-0.0479686757381543,-0.452812888608279,0.35687553713197,16.1653496535226,-0.241337499191198,-5.43602606299621,0.810831355991393,0.948679518362231,0,0,0.989991619856494,0,-0.569011440003173,-0.992566954475772,-0.145455925530575,16.1653496535226,-2.73631235969618,-2.66751049403462,0.0100479345146104,0.282187558578439,-1,0,0.072972435386041,0
"Q05639","EF1A2_HUMAN","EEF1A2","Elongation factor 1-alpha 2","=""EEF1A2""",26.3513436235146,26.1412535130126,25.4914264696399,27.1308423325133,26.0215605751961,26.347146707638,26.3982434697893,25.9882410697725,26.2982140315603,25.7384057056694,26.0991769005387,26.4741168074713,26.4395515467084,26.0271493160217,26.1593620947821,26.0582038856099,22.8711938692792,26.5908687610989,26.4490684896319,26.2097141707181,25.7855948265705,25.717978625843,25.5235705104648,26.0653021298809,26.0580001089623,25.7999255896799,26.3833836338426,24.8313151462698,26.1286227684939,26.1795074032526,26.1559210987324,26.9225861149318,26.1632533610188,26.1450130333875,27.4578349555577,25.7962340179827,26.2373629660678,26.0028665197412,25.7499945475857,25.9730216877063,25.7190966692705,26.3477887215136,26.1018960511276,26.0855439868829,25.8441329021825,-0.427783804490851,-0.855645003211015,7.73942293140206e-05,26.054685127047,-2.01248311335995,-3.88707168155681,0.0500397584167565,0.564734416417681,-1,0,0.277707820258025,0,0.403353114272708,-0.0220144028700651,0.828720631415481,26.054685127047,1.9086746352886,-4.29364609385046,0.0625494146554097,0.467370238367444,1,0,0.326928588138272,0
"Q05682","CALD1_HUMAN","CALD1","Caldesmon","=""CALD1""",16.8068100716352,17.5193159128683,18.070805922531,NA,NA,NA,18.3889297581281,19.0820742574625,NA,NA,16.7056582501049,NA,17.0696118516983,NA,17.6794344445677,NA,NA,17.2941454554398,17.1281082574422,16.4125647520743,18.3939454265578,18.7357003127656,17.6820387558421,16.9218482087309,NA,17.8726280990388,19.0512916575545,NA,16.4055850870426,16.6018904164659,17.3061730347277,17.2851940306616,17.3132933909213,NA,16.7163535082296,17.2429830956995,NA,17.2325378632851,17.0077845577534,NA,18.9358476055598,17.5718481054868,NA,NA,NA,-0.172056654341112,-0.843705553146069,0.499592244463844,17.515514360367,-0.523895421581594,-5.27886406843115,0.604326916246734,0.923983206133899,0,0,0.916993762188009,0,-0.100363716663953,-0.746092937911051,0.545365504583146,17.515514360367,-0.31786428384943,-5.73094627697163,0.752862309440957,0.932548715587236,0,0,0.971911486731214,0
"Q06055","AT5G2_HUMAN","ATP5MC2","ATP synthase F(0) complex subunit C2, mitochondrial","=""ATP5MC2""",NA,21.1294195275208,18.8187340848045,NA,21.4983861363342,20.6937207623871,19.5804285278804,20.3308815468105,17.532193082402,21.8978772969932,NA,19.4846684041183,17.8779189434351,20.0422490748707,19.9868584351721,22.2017606982992,NA,19.6347850226859,20.0518286343079,21.2352764271569,19.3685985539692,19.297934285669,NA,NA,NA,17.6368822236513,20.5984832103561,NA,NA,20.7500039082143,20.6597080999747,NA,20.5919485921693,NA,21.3628572402981,20.0687673432644,19.2264071687328,19.7416778823548,NA,20.0251823809013,17.7221176752239,20.6370633334858,19.1796154418903,21.1753399805104,21.5980646672293,0.208609164032744,-0.710617443942873,1.12783577200836,20.0496254119113,0.461176830864493,-5.34525615961293,0.64760498949577,0.937693137615552,0,0,0.913350720420737,0,0.0814899695596942,-0.832573175862794,0.995553114982182,20.0496254119113,0.181169314744962,-5.78033111061796,0.857309085133568,0.96254478959715,0,0,0.987532439941532,0
"Q06124","PTN11_HUMAN","PTPN11","Tyrosine-protein phosphatase non-receptor type 11","=""PTPN11""",NA,NA,19.7527617915289,18.7320007120523,19.9755913529264,NA,19.5250613990882,18.8706527877053,18.9064615634017,NA,NA,NA,NA,NA,NA,19.5325222961812,NA,NA,19.5563484052543,NA,19.5337510996366,19.8053351921503,18.9065978268828,19.2021072124695,19.4959526104873,18.945047297434,19.0457345522894,NA,NA,19.1751002373161,19.6807065211783,19.7805714535148,19.7620224611452,19.5972699079118,18.5407868608428,NA,NA,19.27773734156,NA,NA,19.4030012109077,NA,19.474045479128,NA,NA,0.022181112159501,-0.378115006608218,0.42247723092722,19.3532153155414,0.114113176983656,-5.30360199042252,0.910058107154221,0.968448297926498,0,0,0.997911684120802,0,0.103210001930055,-0.262111879691325,0.468531883551435,19.3532153155414,0.5818083612806,-5.57293476066476,0.565897277265547,0.862573310642818,0,0,0.942931290379206,0
"Q06323","PSME1_HUMAN","PSME1","Proteasome activator complex subunit 1","=""PSME1""",21.8721946026909,21.8314210722653,22.5003964878146,22.7639079130901,22.3470795118784,21.7684952378144,21.2965859046808,22.2416169769462,21.3404954359754,22.2362153991587,21.7001514708,22.2121576773668,21.5880414372779,22.1305574345657,21.4726122587172,21.7361137418343,22.4277955988286,21.869118330219,22.7266910161284,22.3232199412272,21.9796146438364,22.3564087400871,21.7821359406021,21.4544412361502,21.8847003327224,21.7539161121914,22.9939246394483,20.7104599999292,22.1989582557953,22.2162276094464,22.4162522012723,22.8717334568974,21.9370457398629,23.0716598286508,22.4793938145647,21.6259050927083,22.2541171244432,22.3489248014339,21.9453918497466,22.0083712031136,22.129336861739,22.8022116274161,22.2264409922369,22.520969526818,23.056396220065,0.0635232636519198,-0.238174690518757,0.365221217822596,22.1202178955657,0.423810046552981,-5.50851765857366,0.673677890364517,0.942492860389654,0,0,0.975220293194404,0,0.352028280168174,0.0520886967787286,0.651967863557619,22.1202178955657,2.36240623366808,-3.4572202569599,0.0224388816564349,0.344080314270748,1,0,0.262727656076333,0
"Q06432","CCG1_HUMAN","CACNG1","Voltage-dependent calcium channel gamma-1 subunit","=""CACNG1""",17.3253295722467,16.4516898745165,16.631253253776,16.342001005644,16.026023465287,15.9398514918161,16.326065397432,NA,16.0976585035606,NA,16.1669726505272,16.6214372212095,NA,16.2563567020046,16.254498062133,NA,NA,16.9765709923547,16.7805574208348,NA,17.229990009718,16.0911603126161,16.9699909938467,16.6281880267869,16.1646171857416,16.131033180805,15.4735892175792,NA,15.4353514708417,15.8142545619846,15.7853056626817,NA,16.5395214373745,15.3251192043322,16.2043486057705,NA,NA,15.5545117751772,NA,15.9017737177199,NA,NA,15.5038890239235,NA,NA,-0.0189065430689368,-0.39925783618794,0.361444750050066,16.2316303333414,-0.10137492504194,-5.47358463818755,0.919904843418728,0.974436949333244,0,0,0.99842283143399,0,-0.572907429562182,-1.01012541912039,-0.135689440003978,16.2316303333414,-2.67232790216691,-2.785082002695,0.0118941715984601,0.282187558578439,-1,0,0.0789486419214637,0
"Q06830","PRDX1_HUMAN","PRDX1","Peroxiredoxin-1","=""PRDX1""",25.8332396929667,25.9731554222773,26.2743604757527,26.3865891488769,26.453208718634,26.6004369693313,26.2899206526453,26.1635981804144,26.1871686652625,25.8146206729249,25.8201861887351,26.826054362509,26.0473596644274,26.4108596434488,25.4452044676712,25.8549750779747,26.2899793620051,26.0305682953647,26.0391732733558,26.2722820371746,26.2676944076955,26.3507091362061,26.2363332795831,25.9565934153265,25.950174787482,25.5732397460104,26.516824889557,25.5640722144945,26.3253976786455,25.5902526940672,26.0015466701014,26.5811111491903,25.8887360816832,26.4131212116872,26.8072251243338,26.0055620008324,26.2031507587143,25.8779786913085,25.9780779721077,25.8751913934866,25.9077686060816,26.511872034328,26.0743909575941,26.0038850439224,26.1049876952457,-0.116036212708895,-0.326178651508461,0.0941062260906703,26.1239741913653,-1.11145168166079,-5.05129207349354,0.272144415751018,0.794236235660287,0,0,0.859837270509688,0,0.0944223397116204,-0.114495336642016,0.303340016065257,26.1239741913653,0.909725526115164,-5.57309861628376,0.36770530835496,0.791831108546088,0,0,0.909857719076702,0
"Q07020","RL18_HUMAN","RPL18","60S ribosomal protein L18","=""RPL18""",20.8531573474305,21.3544830829361,21.5286925936164,20.9975672956828,20.5624481548912,19.7864794512426,21.6221968152653,21.4190118556384,21.5120816325842,21.9097356931686,21.1775028634688,20.4076568161545,20.805192169863,20.7153614859502,20.4499069725089,21.0922222437487,20.970223512429,21.2202172435915,20.7269733397181,20.9754755682623,20.9208473941998,21.3891295789132,21.8220770070817,21.6195429271255,20.1139959463505,21.6132064115581,20.3185759626178,21.5474353007984,21.0194156066593,21.0840164985149,21.9379100761571,22.4233501311519,21.433170549111,21.2529524772749,21.0960594531574,21.9425766914599,21.3354162363697,21.6934313160064,21.8946231617869,20.4773922677779,21.4767247511177,22.2780812423783,21.4014287927696,20.8713266061777,21.0268931837642,0.0953314585870011,-0.259578514195656,0.450241431369658,21.2016925712985,0.540665732559751,-5.4591413301973,0.591344239600385,0.91874201782733,0,0,0.951150432541054,0,0.407198826326127,0.0543573572157072,0.760040295436546,21.2016925712985,2.32293846720776,-3.53556990549899,0.0246550073773149,0.344080314270748,1,0,0.22140410006749,0
"Q07699","SCN1B_HUMAN","SCN1B","Sodium channel subunit beta-1","=""SCN1B""",NA,NA,15.9355202596561,NA,NA,17.6780052951882,17.182552017311,16.9328527113744,17.6300897475733,NA,16.6093310175847,15.3439469525772,NA,16.5296265469409,16.8485863018666,NA,NA,16.4026062723927,NA,NA,17.0120628924991,17.02571322833,16.2447563675472,16.3337163490212,16.4828107097664,16.5236320013468,15.9202603935116,NA,17.043096496566,15.4761197970938,15.6424475475541,16.7001648754701,16.1775265545811,16.4859050724394,NA,NA,16.8628470976114,16.9041903415628,NA,17.1353676093191,NA,NA,16.6714871695719,NA,NA,-0.313002878623902,-0.793810815495996,0.167805058248192,16.5827859861577,-1.33341202387815,-4.68983003887549,0.193128172341223,0.735164347255353,0,0,0.597678490563951,0,0.139406526367445,-0.353551406773895,0.632364459508785,16.5827859861577,0.579243153496983,-5.57459275813027,0.567049808801812,0.862573310642818,0,0,0.923960038929216,0
"Q07960","RHG01_HUMAN","ARHGAP1","Rho GTPase-activating protein 1","=""ARHGAP1""",NA,NA,NA,19.2430270450411,18.1733927755151,18.409959945021,18.7017897260091,18.8076351250986,17.7482747399981,18.1191075067026,17.8729792240142,18.1490510112989,18.7962505284943,NA,18.7538473692875,17.4943227409569,NA,18.2244035255526,18.3229979149514,18.0537447479148,17.8662881159893,18.9092098351298,18.6210980665377,17.7910702517661,18.2597620636078,18.518485635832,20.7930770299789,18.9706593091899,18.1578923236819,18.878999769258,18.9446811801168,19.7535057836694,NA,19.2523210758594,19.5115440375084,NA,NA,18.0781644063271,NA,17.892640249857,18.8711354228428,19.2559060206716,19.2218119432228,NA,19.789168921844,0.0765083957508494,-0.401017899200375,0.554034690702074,18.6345201533928,0.324924698215183,-5.46053898894844,0.747116697156575,0.948679518362231,0,0,0.977942122794595,0,0.522088534785421,0.0346569683010304,1.00952010126981,18.6345201533928,2.17220807895593,-3.7683421937575,0.0364971410139773,0.380412508261071,1,0,0.177570912835486,0
"Q08043","ACTN3_HUMAN","ACTN3","Alpha-actinin-3","=""ACTN3""",24.8195316252346,24.6288855949288,20.2951003434278,NA,21.399716679394,NA,25.5182430415387,21.8657161556866,NA,21.5377387934642,26.1334976857333,21.7009199331268,NA,23.3283138634413,NA,NA,21.7628028489998,21.1760336397198,NA,23.1504889358378,24.6102102795156,NA,25.8437902026119,NA,21.090124274746,20.5702527418811,NA,NA,20.764490592501,22.5275271482794,21.2550645416847,21.2360869015219,23.2712807679489,NA,21.2571889981073,22.6138704873151,21.9190827054674,22.7971205369248,NA,23.7110048481118,22.958636827669,22.2915848115286,NA,21.1983879046598,NA,-0.741930551954056,-2.11026447788739,0.626403373979277,22.5744231237003,-1.10579462674136,-4.90678575815432,0.27731244093202,0.794236235660287,0,0,0.386119686610242,0,-0.146101946181542,-1.47818539941597,1.18598150705288,22.5744231237003,-0.223680375064174,-5.75349534656775,0.824471651090727,0.952784992278144,0,0,0.972194389892617,0
"Q08209","PP2BA_HUMAN","PPP3CA","Serine/threonine-protein phosphatase 2B catalytic subunit alpha isoform","=""PPP3CA""",23.1148129033335,22.7935089537964,22.4700133474044,22.7663757310667,22.7191099827099,23.303987741616,22.7606801512125,22.6829212312458,22.6415089793967,22.6430172675723,22.632952497197,23.3789540502242,23.4306747629702,22.864638123799,22.2919531439312,22.2515872643116,22.9574186087236,22.9423903063721,22.5983863134959,22.4818499881091,22.8635412875154,22.6306231885599,23.0761584061066,22.6569085057363,22.6819653992629,22.0301224613736,22.4985455521013,22.3479678639586,23.1487224043624,22.6415763566256,22.3140848601318,22.714480838131,22.6818649022235,22.650138783508,22.942118711784,22.85905192919,22.8168036640662,22.6248255967622,22.4760726708546,22.5420843984984,22.4644177455681,22.4503307224465,22.9620561067039,22.5360228327337,22.3541835088389,-0.181877390135341,-0.388797016976378,0.0250422367056965,22.7042535565674,-1.7692444301045,-4.25912242339548,0.0834765694059189,0.632228637420987,-1,0,0.636585852624157,0,-0.0279484423449325,-0.233662090090418,0.177765205400553,22.7042535565674,-0.273467243471916,-5.9291269997163,0.785717115841305,0.942584418301806,0,0,0.993282659705647,0
"Q08257","QOR_HUMAN","CRYZ","Quinone oxidoreductase","=""CRYZ""",20.8387602521491,22.4531854061444,22.1648635190699,22.7577468386087,23.0434173570651,22.9700143066774,21.617027933451,22.0246140623144,22.0821087060984,21.8392393278716,22.9361066584296,23.3101514040581,22.1138113353423,21.9716113785893,22.4206704672298,20.9303671326467,22.0822988002716,22.7296309712013,22.9446960124729,23.5636003165468,22.451941194685,23.0310517979882,22.0896962958146,22.2514127844176,22.4304389304781,22.7860814466808,23.1596522713651,22.1470189268592,22.0221221225959,22.577614153862,20.8166210639263,22.1937711817565,22.6902257941781,22.1141872733858,23.1900355959675,22.5950006801702,23.5519812128878,21.8840724149301,21.6507847691735,22.4070726175112,22.327296300359,22.5947052776986,21.9862232503633,22.1765880081133,22.5538192848625,0.149034827434928,-0.223097705504039,0.521167360373895,22.3660741519171,0.806122308638148,-5.3034131108065,0.424316611376558,0.872297158372813,0,0,0.880061147661601,0,-0.164349228840116,-0.534312880738891,0.205614423058659,22.3660741519171,-0.894168616330756,-5.58626078178088,0.375882285517156,0.795820049946075,0,0,0.851451864258032,0
"Q08623","HDHD1_HUMAN","PUDP","Pseudouridine-5'-phosphatase","=""PUDP""",22.1703273235856,21.0419616062589,21.2524155157555,22.9401026515142,22.4914857085246,22.0391302541812,20.9169068171541,21.5977069867478,20.2200326619594,21.2371613537031,21.2032728732002,20.9101287896692,20.721405489601,22.4647733735207,21.8748082492933,21.9828616945924,20.0269205161186,21.2033666608316,21.7435522158022,22.1096925024705,21.3875554921327,21.9431178356395,21.8315692426214,21.384048794019,21.7027098785654,21.0205722002517,20.3132516422715,22.8117094824182,21.4842622968836,21.3841491287678,21.3158152965769,20.279788027248,21.1311288601957,21.343508485343,23.0989887889349,21.2617770903282,20.8586769270466,22.2505767128862,NA,21.7039618772004,20.9356499138519,20.247275139037,21.7419592155139,21.0739637565726,21.3167977458966,-0.0581677258994766,-0.512567325888703,0.396231874089749,21.4538824335156,-0.257819041533931,-5.55820978181936,0.797720929505628,0.948679518362231,0,0,0.98694032748234,0,-0.179497655905589,-0.638818467116632,0.279823155305454,21.4538824335156,-0.787070260830076,-5.65593598038816,0.435362835639737,0.82110113969254,0,0,0.861340096091098,0
"Q08752","PPID_HUMAN","PPID","Peptidyl-prolyl cis-trans isomerase D","=""PPID""",NA,NA,NA,17.6907542754543,16.8836449362424,17.5555436838593,16.4529293970168,NA,17.0419675138251,NA,17.0657583896276,17.7566994225193,17.223513559361,NA,17.1664290599717,15.9879329239068,17.0595799610813,16.7704403894337,17.1933699230521,NA,16.1772600495802,16.7682449303178,16.8451927743156,16.4301954716285,16.9796215006376,17.2316900355602,16.1740691661971,17.9987079152909,17.2528280975379,16.6024109131767,NA,17.4456049086298,17.0487225420365,16.8435260409414,16.9237253213805,NA,17.6603402958528,NA,NA,17.2860859274056,NA,17.3255838527265,17.3982401531306,NA,NA,-0.412923129397427,-0.774010368680236,-0.0518358901146184,17.0400197848935,-2.32922843726524,-3.36443134546942,0.0263110538064923,0.488872265797768,-1,0,0.222658120699665,0,0.397908991506327,0.025523626036309,0.770294356976345,17.0400197848935,2.17643731047963,-3.73398558759808,0.0370042091188402,0.38205111055717,1,0,0.269335903073542,0
"Q09028","RBBP4_HUMAN","RBBP4","Histone-binding protein RBBP4","=""RBBP4""",16.0129990282071,18.4052140457525,18.1137982441445,NA,18.4799180918589,17.8419611569337,17.8338261131567,18.2691781974199,18.5423920887796,18.0557714478888,17.5391442627368,17.8209382641412,NA,17.7098770278793,17.2905691996361,17.715018337216,17.247589425708,17.7872007693206,17.6207755493301,17.6925841281809,18.3980207990457,18.268671759354,18.231239052931,17.7835128715065,17.8224851955324,18.2536337984789,18.0243979814545,NA,18.5818722860998,18.2742759939976,18.2692085785932,NA,18.0944600015722,18.2991534187091,NA,18.8060284771279,18.0279288619382,17.8274061895813,18.2750118841205,16.9961788692838,18.1283762581265,18.1893367139324,18.3960599486058,18.5530315564195,NA,0.139305202932906,-0.226211912272147,0.504822318137959,17.9866422019154,0.770243915275502,-5.28727889909233,0.445676107594722,0.880210312499577,0,0,0.893524715051315,0,0.172151172299998,-0.198566735711394,0.542869080311389,17.9866422019154,0.938501724881013,-5.48522252888,0.353613616880929,0.786466622673627,0,0,0.836139489074309,0
"Q09666","AHNK_HUMAN","AHNAK","Neuroblast differentiation-associated protein AHNAK","=""AHNAK""",22.1041847094247,23.1956835827659,22.7828130490927,22.8235655732368,23.0606223563301,22.8835576281852,23.5069268796361,23.498444696253,22.4751871000039,22.6157800907911,22.5541957600926,22.9583003180115,22.5297045456672,22.8972817382211,22.808734136566,23.0289877110647,23.0885610714265,23.0013357837603,23.2333201566579,22.6323201261364,23.7987402005254,23.5296945737089,22.9923807684886,22.6537357735409,22.8174574627134,22.5903143975094,24.9449044733483,22.3396158032366,23.218744190662,23.1017083479048,24.1377945463967,24.2162367561165,22.8005424688231,23.8776754043938,23.2839153292797,22.9329281627613,22.69023909068,22.9533333636689,22.8535694700883,23.0362582273125,22.8908634941439,23.5984046310085,23.4339281666817,23.6492277850619,23.4633838837661,0.296081414708102,-0.0431807182734735,0.635343547689677,23.0996689730032,1.7566553751359,-4.27727699837973,0.0856259207146987,0.632228637420987,1,0,0.483019043602298,0,0.189765329299913,-0.147519499515139,0.527050158114966,23.0996689730032,1.13248086179439,-5.36089892995727,0.263295851668353,0.741757591163142,0,0,0.776283522695827,0
"Q0VAK6","LMOD3_HUMAN","LMOD3","Leiomodin-3","=""LMOD3""",NA,19.0308740533675,NA,19.1829635405533,18.4886557298039,18.6039174033905,19.2900727446891,18.1856803590883,19.2088481874122,18.8535845421736,17.276474755418,18.4579248783928,NA,18.7217238028014,19.30825617639,19.2976367615975,NA,18.084578706501,18.6133379945598,19.7316883661291,17.9879007098059,18.3843191242352,18.6596993046896,19.4002652262396,18.5326143001056,17.7795849911014,NA,19.5308127876654,NA,19.2339886572422,17.6720046709471,NA,18.4110383537059,17.8833696551752,NA,17.8066563256349,18.5003107525907,NA,19.4674545960178,18.6966736841033,18.6538249110333,NA,18.6279386539267,18.974098093569,19.784576945785,0.0816408718683022,-0.365572713177153,0.528854456913757,18.6949528498812,0.370223145125677,-5.4377187872318,0.713383122804056,0.947417763940137,0,0,0.972803552749972,0,-0.183739250104882,-0.638169513245008,0.270691013035244,18.6949528498812,-0.819984443718401,-5.53115738166999,0.41761509904358,0.813842251159307,0,0,0.851768748994765,0
"Q0VDG4","SCRN3_HUMAN","SCRN3","Secernin-3","=""SCRN3""",NA,19.840122467886,20.7505520518709,21.189401246182,20.6637166598007,20.6483656382109,20.3100724139289,20.3722548925456,21.0667268480854,19.3440752377911,20.4903212660085,19.6890382955497,19.0039619573273,21.271067327884,20.9301353455291,19.9484697845035,NA,20.5032013883522,20.0876323549959,21.2758584742004,20.1756364545418,19.9106129602862,19.4775844049769,20.9019400453858,20.7414549255069,20.3193701072757,19.6418425664344,19.3845654558829,20.50144011441,20.2507657645581,19.2725433981922,NA,20.7177576726023,NA,20.5150201375743,20.4370249283956,20.375055066286,19.2491280934845,19.7183825363257,19.2712391296948,20.2132473605125,19.4794670649629,19.6205470995975,20.3183533328689,19.3380480630373,-0.175580709081039,-0.566286435733373,0.215125017571295,20.1760000081328,-0.90688707851731,-5.20330943463526,0.369635411869112,0.845390519787498,0,0,0.839671431195761,0,-0.328736464667109,-0.724337396807715,0.0668644674734963,20.1760000081328,-1.67693707417998,-4.62565544474831,0.100976223262949,0.555222885593667,0,0,0.470598474403632,0
"Q0ZGT2","NEXN_HUMAN","NEXN","Nexilin","=""NEXN""",18.202872439722,18.5888664187465,18.5874985161608,17.0532219751072,18.2040872561508,17.5088403577042,19.7159707198643,18.9661943351271,18.6625585237473,NA,19.1525368781774,NA,17.3106210401023,17.0066871375458,17.8535759785416,17.5026845522705,19.6398737921589,18.5899485966236,17.8724708445027,18.7485137027924,NA,18.4157777282137,20.4055822741212,18.7655141819928,NA,18.7267630030026,NA,NA,17.8553711047875,18.3697205446862,18.4022460353361,20.1903617525852,19.046569594485,19.0065906165766,17.752246930591,19.1501720159903,17.650839208904,19.2272555245093,19.0202791196216,NA,19.7858067617941,18.3324407616788,18.6684890480254,18.1378292607064,17.8102692480003,0.433087583887787,-0.121030265308402,0.987205433083975,18.5233459942277,1.58084223591003,-4.46220508556404,0.12198293715628,0.686289759193786,0,0,0.40205686214354,0,0.120154515568821,-0.422110741912998,0.662419773050639,18.5233459942277,0.448170486732552,-5.7808235908493,0.656507537656508,0.905507449629859,0,0,0.950693504609506,0
"Q10567","AP1B1_HUMAN","AP1B1","AP-1 complex subunit beta-1","=""AP1B1""",NA,19.1202801310721,NA,20.3594375087758,19.1298771344348,19.083215311607,17.7831651214009,NA,17.9166933171094,18.8395428667433,19.6041902725454,NA,20.3215581581102,NA,19.5513432391915,18.2782182547804,NA,NA,18.6167123209058,19.6742927318724,18.1181030113857,18.6455038760723,16.6633154308124,19.629170895063,19.5722662894902,NA,21.2628858419065,NA,18.6178740638176,NA,18.4620538642827,19.0611318118947,18.0335515466224,20.9238620768054,22.0512681147474,18.4265435574377,18.5337263548971,19.9370052433015,NA,NA,NA,NA,17.8693616420289,NA,18.9691881817712,-0.26317145331123,-1.18079472076854,0.654451814146083,19.1018446056962,-0.584894687198677,-5.28127995316682,0.562846316074639,0.905137078267613,0,0,0.859626367536387,0,0.385751552458956,-0.52619313549327,1.29769624041118,19.1018446056962,0.862665638142737,-5.44021158923606,0.394937572103035,0.802565618275863,0,0,0.698811790666934,0
"Q10713","MPPA_HUMAN","PMPCA","Mitochondrial-processing peptidase subunit alpha","=""PMPCA""",19.054794772711,18.9893608241717,17.7325343117987,17.6861292452555,19.2873416038877,19.1924423263845,18.4091650877374,17.569647515632,17.8696961382065,NA,18.9326237914451,17.9471918591959,NA,18.8071713962071,19.2208343930057,19.1661492735542,17.3466370136492,18.3634377679041,18.8164982656422,18.8581920702791,17.6444345828599,17.8135042082764,17.5053141123149,17.6415371568427,18.4697829698144,18.4217750888155,NA,19.3956740545479,17.9096215303463,17.7771491803877,17.9950948133209,18.0323407914355,17.9890799178845,NA,17.2968893170319,17.8899590976312,NA,17.6500860129889,NA,17.9695850529931,NA,17.593759323007,17.4470190536099,NA,19.3188346460564,-0.310438253722516,-0.7558976226339,0.135021115188867,18.2435483396441,-1.4107395238923,-4.70091007064884,0.166447184264007,0.723287465422682,0,0,0.573131689228147,0,-0.317001945279273,-0.792096490868525,0.158092600309979,18.2435483396441,-1.35070834297897,-5.01350474585899,0.184769299565763,0.67048191514958,0,0,0.585491000447649,0
"Q12797","ASPH_HUMAN","ASPH","Aspartyl/asparaginyl beta-hydroxylase","=""ASPH""",18.2481705796016,19.7782764918403,20.0015937715804,18.7501093202396,NA,NA,18.9640228901333,19.7654042119165,19.3638414051133,19.4205663476448,19.6630589310019,NA,19.5731033767487,19.5845411936067,17.6168171831289,18.9675248625716,19.3619764290471,20.1924478400142,18.7841409304631,NA,19.0611652484538,18.6154694047535,19.6632640038912,19.5945379419284,18.2335752444316,19.8449758228864,17.0306590897174,17.475278465243,19.3471496931515,17.8860251689214,19.1390224582306,20.0967306196254,19.7167075284579,17.4455088351182,19.9775569213892,19.0133635435389,17.7797980261357,19.3843652444428,19.3334282932814,19.0207126300462,19.4879831853421,18.8846187564801,18.5483082912836,NA,17.2006769369786,-0.331542851411808,-0.88924646300037,0.226160760176755,18.9954119279595,-1.20053741263726,-4.91513093117738,0.23681438224279,0.766516808651113,0,0,0.620282415140356,0,0.0650234201913875,-0.468410571555926,0.598457411938701,18.9954119279595,0.246166306824062,-5.9051744699711,0.806780536339719,0.947477443017977,0,0,0.986136237270392,0
"Q12849","GRSF1_HUMAN","GRSF1","G-rich sequence factor 1","=""GRSF1""",NA,20.5395522034983,NA,20.1763558373128,20.1653108790216,NA,20.7917153285427,19.7500105553939,20.1584271140712,19.9810993925719,20.0461575041355,19.1987553991519,20.3531996733679,19.7977318877544,18.8504891048824,20.4035150745682,NA,20.7393250283225,19.4535007684537,20.1509542925231,19.148536264207,19.5412806927901,19.4274338477227,20.2564526475954,19.8574985391864,19.6822529060222,19.9850119240527,NA,20.4942183088139,20.196153937061,19.7542310327984,NA,20.4677901941124,19.7029085743632,NA,19.7495194030971,20.7076741655878,20.2085249138145,20.8030780991687,20.053309733196,19.7643634091873,19.7401431070145,20.2304757880925,20.9798055459628,20.0318021167761,-0.00830839702552666,-0.361255474568623,0.34463868051757,20.0352253998472,-0.0476126757325278,-5.5115940709928,0.962267665381402,0.985435363040972,0,0,0.9996804882659,0,0.219219723019847,-0.124963750194658,0.563403196234353,20.0352253998472,1.28826304583262,-5.12981273625948,0.205237405318364,0.697733616288417,0,0,0.70669670079875,0
"Q12904","AIMP1_HUMAN","AIMP1","Aminoacyl tRNA synthase complex-interacting multifunctional protein 1","=""AIMP1""",19.0670062185349,19.529960007429,20.2649948215736,19.1122816919593,19.5912827152205,19.3204683671667,19.5344483768889,19.3863169232376,19.6103585344215,20.1468322122021,19.1331395431876,19.552978745793,18.5953148449268,19.0939368027167,18.8707434814959,19.8042564910444,19.540521091104,19.902025854086,19.4293979003964,19.7484285044062,19.4903545866542,19.6462604149333,19.0098146890868,19.2769700583033,19.2581039825502,19.200495197286,19.4207634595498,18.931324327119,19.5037419235162,18.7446192231825,19.8175114210813,18.9773221180472,19.8267783396601,19.7169489101645,18.3481582303367,19.3456396689509,19.5046653535706,19.3849620831393,20.055019783423,19.8264281862503,19.7005438725208,19.4922781840935,19.4349823727925,19.7990248853607,19.2548650102028,0.00559225322550105,-0.264804590837319,0.275989097288321,19.4267170979904,0.0416290039948884,-5.58672794285972,0.966974459897551,0.986801864048637,0,0,0.999812211900667,0,0.105203381091727,-0.163617522851631,0.374024285035084,19.4267170979904,0.787730154130268,-5.67042272958306,0.434891404773639,0.82110113969254,0,0,0.916128597367152,0
"Q12905","ILF2_HUMAN","ILF2","Interleukin enhancer-binding factor 2","=""ILF2""",NA,17.259977718221,NA,16.6426443590827,NA,NA,16.8428884103677,NA,NA,NA,NA,15.5641175029625,NA,NA,15.645844369682,NA,NA,15.867691304005,16.530787729078,16.5730046514358,16.7093099849041,NA,17.2588281358095,15.6520674579127,16.3646950044769,16.7027985660714,16.8968425674265,15.7446312793732,NA,16.400583905883,17.5831968628709,18.2486148850119,15.7273786145187,18.2304301469382,15.0671774931627,NA,NA,17.0808191768,NA,17.056085379449,NA,18.3058599029405,17.3674925439916,17.1438831225091,16.2642962958352,0.19949636936035,-0.568493368034768,0.967486106755469,16.6937758285452,0.53206812631261,-5.16662864297345,0.598869605609903,0.92370936905128,0,0,0.902773072525497,0,0.624433827426685,0.0213131981812434,1.22755445667213,16.6937758285452,2.12065442016643,-3.86270307435086,0.0429284507937644,0.402966196550617,1,0,0.140036053219631,0
"Q12906","ILF3_HUMAN","ILF3","Interleukin enhancer-binding factor 3","=""ILF3""",NA,NA,NA,NA,NA,NA,14.9614930005893,NA,15.8347606754775,NA,15.2246895339206,NA,NA,NA,NA,NA,NA,15.4909274856124,14.4166800345832,14.6408060964495,15.5938359759549,15.0915820724353,15.3482541875871,15.1692864041915,NA,15.3628324854089,15.3747648213421,NA,15.4490798454243,15.4756953095987,16.7695932232852,17.1183534609901,15.286078463742,16.8690957970189,NA,NA,NA,15.3277369568424,15.8975481847112,15.8599017024646,NA,16.535570202248,15.8353800000578,15.470116414127,15.6310919837928,-0.115624180497452,-0.771660807777154,0.54041244678225,15.6014061727142,-0.362252165957757,-5.08983226556643,0.720086917517402,0.947417763940137,0,0,0.962742731188211,0,0.804267523524302,0.382333875258148,1.22620117179046,15.6014061727142,3.91784077474053,-0.224322965569848,0.000577749253246222,0.0796719250753777,1,1,0.00248640666301111,1
"Q12907","LMAN2_HUMAN","LMAN2","Vesicular integral-membrane protein VIP36","=""LMAN2""",17.8596198660832,18.8550004517744,NA,18.2722600333377,19.834335926514,NA,NA,19.4567248183619,19.5245750118083,20.3585962095727,NA,20.2758884185399,NA,NA,18.5252150148051,19.7401136620627,20.8605839987806,19.6840311749967,19.5501957764023,20.1825869784811,NA,NA,19.3309006669056,19.2215275676209,19.7161535935365,19.4817177016117,19.6760151670733,NA,19.1888604267121,19.5316523920998,19.7689688119541,19.349122118871,NA,19.321869050152,18.8779329694071,NA,20.2179474998933,NA,19.3269881062392,NA,19.9912793848865,19.3004106698882,19.3558329670557,NA,NA,0.464759209013351,-0.0355354225682608,0.965053840594964,19.4878968811809,1.89454740266187,-4.02265933134452,0.0675015224659427,0.612150491830663,1,0,0.285701618046712,0,-0.195901712631677,-0.692912323362876,0.301108898099521,19.4878968811809,-0.803851611919075,-5.49434044137617,0.427596048196144,0.818304171032817,0,0,0.846679152795671,0
"Q12931","TRAP1_HUMAN","TRAP1","Heat shock protein 75 kDa, mitochondrial","=""TRAP1""",20.7850099765962,21.1423991279928,21.3266259362968,20.7720068061971,21.3060421630252,21.3869320621949,20.9478659685996,20.8115576169644,21.2780811946866,20.7565474467801,21.4304010178115,21.3298882353561,21.179501115827,21.1868554527453,20.9724985221626,21.3890076962269,22.1017084187887,21.435350275903,21.4093954314735,21.3300918937687,21.4355056699778,21.6328625305321,21.553435644088,21.2891348187336,21.299240041935,21.7004137998884,21.5252791669887,21.5127304142081,22.0446887991742,21.2278320019266,21.0238066771369,21.8471339203307,21.5412167730171,21.1033156192246,20.7681700674446,21.2988658687036,21.5079695727905,20.7763828743871,21.4679040509986,20.9525901610505,21.7354481317002,21.4269561535785,21.7869961032916,21.6531480990345,20.9965045781835,0.41315637720961,0.21505285356327,0.61125990085595,21.319673286616,4.19790948585375,0.829326522260041,0.000121832669229386,0.118815690067924,1,0,0.0241439506775544,1,-0.200017863516059,-0.396966790510936,-0.00306893652118279,21.319673286616,-2.04421219572283,-4.05895865164308,0.046676139905877,0.407484700279197,-1,0,0.541745374500214,0
"Q12955","ANK3_HUMAN","ANK3","Ankyrin-3","=""ANK3""",NA,NA,15.9451946499711,16.1348231400303,15.9090860243628,NA,15.8559498608913,15.9831306179155,15.3742808006868,NA,15.2547496544893,NA,NA,16.234954656764,NA,16.5315860483141,NA,16.2720497534945,16.4652674570751,NA,16.2804715132768,15.9033782274765,16.1298507264905,15.077224099823,15.1532518216145,15.4556296500237,NA,15.6966206769748,16.6458046237749,NA,15.7283661953924,15.1163166271169,NA,16.5294004553751,15.2384438003964,16.292760165787,NA,16.2994900571114,NA,15.7289758927932,NA,15.3680144013799,15.9617180300333,NA,NA,0.121279702141726,-0.274132186087656,0.516691590371107,15.877385343887,0.627269015387883,-5.23058299139035,0.535383974847174,0.899103645978957,0,0,0.927027497995005,0,-0.146256746759533,-0.526421969940764,0.233908476421697,15.877385343887,-0.786790232025729,-5.4914727537096,0.437778561645487,0.822236277634361,0,0,0.886198577940371,0
"Q12988","HSPB3_HUMAN","HSPB3","Heat shock protein beta-3","=""HSPB3""",22.1579240492,22.3840588968622,22.7689570291966,22.4910175935526,22.7565657734748,22.0315809452818,21.9051421944427,22.1237783246276,21.8072804461995,21.9024868228255,21.4835398345365,22.1724681376228,NA,22.3452510849909,22.4282673018628,21.4124544279623,22.0412865774572,22.725012418185,22.4499776468988,21.9239841783304,22.5546579234251,22.5461711117965,22.0976793894553,21.829041973345,21.6365355269103,21.6093705636379,22.8316574877625,NA,22.1086534112639,21.7847940853774,22.4888303991688,22.2222702523486,22.0825655338543,22.7774359358131,22.8747452333361,22.1346207053607,21.8692276056277,22.382933384427,22.1780882516668,21.8642666366569,22.1004398329465,22.3509112368966,22.2231751243207,21.7149562649556,21.9000084843316,-0.0913042468382557,-0.356272576850636,0.173664083174124,22.1738155822836,-0.694448194359106,-5.34948400086339,0.491048562119078,0.896077533266722,0,0,0.937126782589804,0,0.100208711312664,-0.158948089124256,0.359365511749585,22.1738155822836,0.779265969220794,-5.66126899656894,0.439990549512468,0.822236277634361,0,0,0.921021816213037,0
"Q13011","ECH1_HUMAN","ECH1","Delta(3,5)-Delta(2,4)-dienoyl-CoA isomerase, mitochondrial","=""ECH1""",25.1374151641594,25.0678617499735,24.9122169039348,24.4720103994482,25.3832871499026,25.1080433191469,24.9070780443219,25.008378756267,25.0237721065352,24.8856513355709,25.3786990286662,24.8028299266318,24.8632114686599,25.1085168692845,25.3025318656345,25.4434956671432,25.3874281192624,24.3885276160583,24.8587180474394,25.6308070758878,25.3371993357,25.4236729975072,25.0259598595878,25.0346160282089,25.2085860063524,25.5142391518115,25.1976764360795,25.3038167297586,25.3302877011418,25.1252258302287,25.0758656050549,25.4674891241766,24.5673550063723,24.9418807172599,25.4900307974898,25.2771194177205,25.2140542310137,25.2142487725324,24.9758918193279,25.2195318332474,25.3417776697685,24.8529165892885,25.406539080042,25.3463718402252,25.1010648402884,0.185661064874861,0.00605348065183836,0.365268649097883,25.1347532896469,2.08068806240482,-3.77570402669229,0.0430537011599629,0.541576330957584,1,0,0.557684961305662,0,-0.0478746172239681,-0.226435403734843,0.130686169286907,25.1347532896469,-0.539672184384063,-5.82612557808555,0.592023817605039,0.870596265113766,0,0,0.975216016545861,0
"Q13057","COASY_HUMAN","COASY","Bifunctional coenzyme A synthase","=""COASY""",19.7039751072239,NA,20.6619815427474,21.3003993576829,20.3700973381924,21.2296638483021,NA,20.3470950999044,20.5580707705382,NA,20.1679141837158,19.5406158345271,NA,20.5827419695939,22.4461676785196,20.1052178641726,NA,19.9524490149314,20.891262119073,NA,20.6867991861983,21.0427197488085,20.3731349156152,20.4485428801424,20.5006469671616,21.4034152829476,NA,20.1217026005745,19.8915233936183,21.0302775486091,20.3193633643086,20.5782275126945,NA,22.0451853835888,20.7179715328048,20.482021344901,20.4690748569711,21.2692465501147,20.2834043241674,20.4506916582903,NA,20.3860001537115,19.2414158011554,20.9546999164643,NA,-0.0865964772905663,-0.56486549019976,0.391672535618628,20.5872490471992,-0.367196811329867,-5.42074066777236,0.715619587764265,0.947417763940137,0,0,0.971440022611622,0,0.112821076158081,-0.352318279645685,0.577960431961847,20.5872490471992,0.491901413454164,-5.75105667371617,0.625771892607522,0.887211719190187,0,0,0.948487124762257,0
"Q13085","ACACA_HUMAN","ACACA","Acetyl-CoA carboxylase 1","=""ACACA""",21.6446910611158,24.4283238438394,23.7499701005177,22.0564259258807,23.9685629735953,22.6214834190927,24.1617905134805,23.8091123211395,23.7520375513162,24.8046337526397,23.9633908168005,23.048521135643,21.7315993313231,23.3079098772869,22.3130381465931,23.8545046106855,24.3960718084127,23.8795326318532,23.3742929186044,23.9251611105114,23.6153700600406,23.8821954815842,23.1367371280671,23.7681603688075,24.0865232602766,24.0435219835507,23.6613427296313,22.6708616653053,24.0312475625331,24.287636886609,24.2739426881675,23.5839696523932,23.7867322639484,24.2287859378089,20.9258247057004,23.7697925862346,24.2331938746524,23.8066267274787,24.49328410463,24.2578315163553,24.5914190217059,23.4106377315404,23.3869341807786,24.333385631673,24.3026090835935,0.489096160630726,-0.0468025651568794,1.02499488641833,23.6302137929644,1.83705576240095,-4.15943784858553,0.0726613102065237,0.612150491830663,1,0,0.277375296232383,0,0.0514539666792118,-0.481321407928522,0.584229341286945,23.6302137929644,0.194395195802663,-5.94678217160349,0.846721675607305,0.959935715069946,0,0,0.99147546405913,0
"Q13098","CSN1_HUMAN","GPS1","COP9 signalosome complex subunit 1","=""GPS1""",20.2859059899856,20.0623776219329,20.2963378050179,20.7016931561482,20.5802679946435,21.0366624768391,20.6550689897278,20.6214374559039,20.127830220345,20.4358417876806,20.5815280185512,21.197274473085,20.4244896026988,20.9097952850697,20.4592188794873,20.8017850477406,20.6544681526909,20.7711249236485,20.8426613056468,20.6043065830562,20.5192211996609,20.556212053648,20.8473247343219,20.4770338855999,20.9852078261625,20.5004504323141,20.6963327662447,19.0491508005451,20.73535556078,20.8126759626208,20.37431812569,20.5796676435225,20.6399898006273,20.8338393074994,20.4083663986008,20.7733554703379,20.8252308086132,20.6905053224829,20.3352070108218,20.7076455488498,20.5573032949656,20.7350313346965,20.620710102487,20.3618951706805,21.0449966636564,0.0313806525373543,-0.204087903852829,0.266849208927537,20.5937133998962,0.268250079209139,-5.55581070068912,0.789705088390569,0.948679518362231,0,0,0.992618540370345,0,0.0423167179233843,-0.191779469102898,0.276412904949667,20.5937133998962,0.363855083177061,-5.9016654062243,0.717631823829847,0.922322201765054,0,0,0.986057481236167,0
"Q13126","MTAP_HUMAN","MTAP","S-methyl-5'-thioadenosine phosphorylase","=""MTAP""",21.1210324295947,19.705007962228,20.4931675600775,20.2564798618421,20.8354513898905,19.9270171881998,20.0583488447387,20.2403585700695,20.208324644524,19.1821523411161,19.3572205363169,20.7296919455715,20.7201025158027,19.9152484256412,19.5077235394754,20.5371377688187,NA,19.4432195432246,20.0231648474056,20.5640643898387,19.9920591098352,21.0226121875098,20.3253347601841,20.0463729237513,19.5546734413947,19.4841763221475,20.4073963415538,19.9159824418341,19.9922696709657,19.8072121515147,20.4153416291333,20.414030073361,19.6915633246465,19.5268738806004,21.5460589321483,19.6355908340647,19.7034727697114,19.1707489552818,20.1914226939286,19.0462218693941,19.9474633707337,21.1299598373273,20.6368574694079,19.6669326466437,20.4374242777725,-0.0794549997422216,-0.451213004825879,0.292303005341435,20.1030219595278,-0.430458954361543,-5.49205607641792,0.668914667237885,0.942492860389654,0,0,0.968556211141509,0,-0.000986611001554394,-0.370573219179641,0.368599997176532,20.1030219595278,-0.00537651141686853,-5.9492898534043,0.995733928372886,0.999903966701438,0,0,0.999995782052231,0
"Q13131","AAPK1_HUMAN","PRKAA1","5'-AMP-activated protein kinase catalytic subunit alpha-1","=""PRKAA1""",20.1514774963517,20.2929397650805,19.7327756669624,20.80967368909,19.8545425097665,20.3754868271257,19.7042015284966,19.8964035619581,19.9039325058663,19.7971863666123,20.5131928203398,20.3950414419054,20.8615400622237,20.4149839166154,20.5349652806381,19.731244219925,20.3989223802892,19.6177136927701,20.2825243472211,20.5641014828064,19.9724796935458,19.8208102441376,20.6112104041572,20.5205950214949,20.1713722914293,20.39068063005,19.6752469078566,20.7967612039824,20.0891964122364,20.1851554879912,19.772559760174,19.636586257242,19.850658716785,20.3292269146755,21.0981089901683,19.917343567815,20.0603008543008,20.3958357351098,20.0838314223998,20.5390296233748,19.9585963301858,19.6362736407338,19.5673525775651,19.9461515339421,20.2784871888751,-0.0298628861186963,-0.296819025716182,0.237093253478789,20.1585933549394,-0.225165928352757,-5.56516425006206,0.822846634192032,0.949618938478124,0,0,0.994194091657452,0,-0.117178087103053,-0.382578339863225,0.148222165657119,20.1585933549394,-0.888701435764971,-5.59083443082502,0.37878326218871,0.795820049946075,0,0,0.89247618900795,0
"Q13148","TADBP_HUMAN","TARDBP","TAR DNA-binding protein 43","=""TARDBP""",NA,NA,18.6025538539718,18.6836468226087,18.6682435389666,17.3146315318746,NA,18.5825073705981,18.6316825035231,18.1072274455601,NA,17.7258497376359,NA,NA,18.8741757684744,18.4402872234729,NA,17.8099569824484,17.9924907729629,NA,18.8644348889394,18.4337093115893,16.6592470926051,18.3217246558354,NA,NA,16.9439498631449,20.0624341269894,17.7430533820496,18.2149788029951,18.1274691301577,NA,18.1188449099325,16.860676361107,18.1006705505925,NA,17.4377223026982,NA,NA,NA,NA,18.8705260365295,18.1118486938681,18.8958178074528,NA,-0.264284010337708,-0.880974216619385,0.35240619594397,18.1857271953066,-0.876434113514549,-5.10155853912363,0.38798643558248,0.860654333525107,0,0,0.778629379901851,0,-0.0895279315058559,-0.722994602610924,0.543938739599212,18.1857271953066,-0.289034854244616,-5.70867714991142,0.774608000348832,0.94164415266078,0,0,0.977394158154955,0
"Q13151","ROA0_HUMAN","HNRNPA0","Heterogeneous nuclear ribonucleoprotein A0","=""HNRNPA0""",NA,17.7092850155234,NA,NA,NA,NA,NA,17.0359696866785,17.3501607045126,NA,17.7132407133367,NA,NA,NA,16.0456869034099,17.3416105336526,NA,17.0322391029786,16.8964993516185,NA,16.963730187233,NA,17.1840265792694,16.9146518750265,16.6229704532655,17.6015008924122,17.3565159796509,NA,16.728862830287,16.6994668997011,17.1372073463717,18.6305339468112,16.6314147157649,NA,NA,NA,16.2490491787857,17.6116265870576,NA,16.8474322063338,17.1280591980279,18.5942133605091,18.0282731878189,NA,17.0463560530349,-0.0773694759391503,-0.656035703583303,0.501296751705002,17.1961762880412,-0.274316658150433,-5.24624306437452,0.785926068688766,0.948679518362231,0,0,0.981534878049454,0,0.332135432247455,-0.13374981899827,0.79802068349318,17.1961762880412,1.46267187109611,-4.83376797279134,0.155083853807947,0.650053360268424,0,0,0.538466243723811,0
"Q13153","PAK1_HUMAN","PAK1","Serine/threonine-protein kinase PAK 1","=""PAK1""",NA,19.1633419649297,20.4627882419162,NA,19.4160090610539,20.2793563210542,19.3240389059239,19.5294365913244,20.212867881776,NA,19.4141269579429,19.8401547004733,19.655583581326,20.0851325559897,18.289549384723,19.1048058424233,19.2670186177045,19.3111403139311,NA,19.0268788071627,20.3965258589555,18.2794924686852,19.3264546858013,20.321694133664,19.4195534015071,19.6243484054295,19.5127456196228,19.2867040482351,19.3302780246256,18.5054354249084,NA,19.4052288793178,20.0077768174121,NA,18.4555738868675,18.33666046341,18.6371128841429,18.9882176667632,20.447383108907,19.1748398756221,NA,NA,18.5167730936564,19.8195508453122,18.9257397399075,-0.283762489710583,-0.699255516241934,0.131730536820768,19.3810897043894,-1.3825184837505,-4.72031038481616,0.174875781965488,0.727577717533431,0,0,0.609698442536,0,-0.178624605685396,-0.601344676039262,0.24409546466847,19.3810897043894,-0.855397771435304,-5.53264124507169,0.397686705945868,0.802565618275863,0,0,0.848141242541403,0
"Q13155","AIMP2_HUMAN","AIMP2","Aminoacyl tRNA synthase complex-interacting multifunctional protein 2","=""AIMP2""",19.2513930278466,19.8559219039257,19.879868622083,18.5054190659052,19.8942323567464,20.0032471187708,19.7278702318635,20.0627754599745,19.8160621773275,20.2352141938805,19.8917431365122,20.2951301663796,18.3996313937699,19.0993721794813,19.4346076445218,20.3767620603576,20.5189379813454,20.2509059547428,20.0770758009312,19.9695756668091,19.9278308971252,19.756186157481,20.2555113575207,19.859916651123,19.9581088574033,19.7361138277389,19.5873678974519,NA,19.8218424207679,19.8805152120929,19.851443175294,19.6220733324619,20.2347707403496,20.1126338229375,18.6253062274975,20.0585992990178,19.6677529936875,19.8114453554963,20.0147263766256,20.1573990987247,19.688529768521,19.7016405606675,19.9962351999015,19.6420112780547,19.3401363831263,0.368567981985869,0.0614999931977642,0.675635970773974,19.7921327962328,2.4174299872776,-3.18334012994203,0.0197403321490581,0.473767971577395,1,0,0.2353543511326,0,-0.218868520660092,-0.524142959688577,0.0864059183683942,19.7921327962328,-1.44398840340399,-4.97845192434013,0.15566261270468,0.650422855288056,0,0,0.665571284121308,0
"Q13162","PRDX4_HUMAN","PRDX4","Peroxiredoxin-4","=""PRDX4""",19.1144709543655,19.1779253952964,18.374715927556,19.7913561303428,18.6598341969349,19.627655217619,19.4073535823438,18.8484390350659,18.5878524569724,18.8980075232652,19.1691925657483,19.9071026688571,19.1571594549396,18.8179512182599,18.702185511719,18.7931562768796,18.658676408515,19.2424293677881,19.5157895478549,19.3412530628518,19.2230280117722,18.4691796477266,19.3952679219163,19.0676517820367,19.3890700684116,18.1397589829277,19.9616219808583,19.4181488072129,18.9023502020633,19.0376995558992,18.687478410842,19.6936476919589,18.5993599976494,19.427298060931,19.3299210896384,19.247082452821,19.1142669317726,18.8981679800968,18.8911329478664,19.1763173314757,18.4023251791495,19.0729679013157,18.8638392504098,18.8823585051712,19.2233537646458,0.0310157326803946,-0.245787944804716,0.307819410165505,19.0734622435499,0.225538661748408,-5.56509031525151,0.822558417240947,0.949618938478124,0,0,0.993959833420149,0,-0.0697042752646624,-0.344894672010216,0.205486121480891,19.0734622435499,-0.50984357608405,-5.84099033700549,0.612596487922935,0.880375407265006,0,0,0.966418317436889,0
"Q13177","PAK2_HUMAN","PAK2","Serine/threonine-protein kinase PAK 2","=""PAK2""",20.3058013382413,20.2843909254366,20.638528145517,19.8534136598436,20.5317122928916,20.4363603337939,20.4807063834287,20.6888607603272,21.1377520030118,19.8711637891948,20.6601407502234,20.6242391856908,20.124244220672,20.4817219286112,19.966972303896,20.347730639178,20.5908013534923,21.0031576940939,20.6872624726182,20.3588452850155,20.6931983000929,20.5360045293371,20.7349505800646,20.8696610225154,20.7474508229337,19.7853376528201,20.8869442531081,20.6018805726106,20.7458023255311,20.2793900841815,20.8656430657333,20.7748229620939,20.9090276245992,20.4163544583513,20.626627981957,20.0835987934735,20.5943513868006,20.2806102831071,20.8818617087212,20.6102779250719,20.4065247638712,21.1021270294203,20.7763966738,20.8240557974947,20.5792029774188,0.187628060311816,-0.0267450392904952,0.402001159914127,20.5485757564508,1.76172578736736,-4.26997833264834,0.0847547465696122,0.632228637420987,1,0,0.629351824994779,0,0.0575377229547485,-0.1555859568573,0.270661402766797,20.5485757564508,0.543415190711958,-5.82420140810037,0.589465567868182,0.870161621650437,0,0,0.97004683144245,0
"Q13200","PSMD2_HUMAN","PSMD2","26S proteasome non-ATPase regulatory subunit 2","=""PSMD2""",20.1158709000667,21.5585011185652,20.8108679327085,21.458479886095,21.2027465714711,21.2957776608727,21.4452962939839,21.1655076811197,21.4470917389869,21.3454244574806,21.3814774109831,21.6897170457302,20.1539338852459,21.5254799728251,21.0661384618312,21.3740197560824,20.9674462578274,21.4582940071208,21.7662935605295,21.2889391369691,20.996766038554,20.8660409397575,21.062228110119,21.2869905949114,21.4466621091507,21.1937099057847,21.5451010315876,21.0520275285611,21.3097990201252,21.263569895006,21.3360542459106,20.9562557684442,21.2923251134946,21.1141454290599,21.4696740912117,21.1264742637418,21.3594681363654,21.3614424770315,21.1527742904626,21.4954120523241,21.3799861316366,21.4788887020055,21.1785122551297,21.3636762622963,21.4820508346364,0.0880681286927079,-0.138118070360702,0.314254327746118,21.2463853103067,0.783724594414916,-5.31886290108891,0.437215125698845,0.873144117382484,0,0,0.929729683079617,0,0.0446168107776579,-0.180251118801149,0.269484740356465,21.2463853103067,0.399375861440998,-5.88875408449186,0.69146290512598,0.915228679438145,0,0,0.983673561160271,0
"Q13203","MYBPH_HUMAN","MYBPH","Myosin-binding protein H","=""MYBPH""",21.7390751564365,21.6696767267908,19.0794479814471,21.1935811667409,19.2574252534078,21.004224375631,21.8860261706447,21.1588017852347,20.156552215185,20.3051184847039,21.3300150379329,20.7009598571208,19.6547174841813,18.2711249885597,19.7068465759467,20.5612989203353,19.1941816144985,19.7462035725852,20.1200634816783,19.611999751662,21.1869646295851,19.9385061344203,21.6990319265998,20.283028572849,17.9720499890666,21.2057013658934,20.1004324213174,18.6268437042185,18.7778309159696,20.1866892688295,21.8186329618109,21.9460645291887,20.5498441041838,20.1077853230096,20.8290049392332,21.1217206036937,20.1312453453168,21.5889742996442,20.656807740079,18.9194764592015,22.3516849929832,20.843859032026,19.5035916252666,18.0383701579765,19.1569806201267,-0.504666109944267,-1.16469096281212,0.155358742923588,20.3086324947381,-1.53905685049713,-4.57321738666266,0.130635595840882,0.705655526251603,0,0,0.358019112090013,0,0.556881097615459,-0.0992969661040916,1.21305916133501,20.3086324947381,1.70825058856244,-4.61553537967984,0.0943246765012697,0.537339073041768,1,0,0.26852716402281,0
"Q13228","SBP1_HUMAN","SELENBP1","Methanethiol oxidase","=""SELENBP1""",23.3035680866591,24.4626276753038,24.8874353075949,23.4545086187286,25.1582138045911,24.4479599115929,24.4371951934972,24.7014286939826,24.7651137501014,24.0313134501832,24.1177837558984,24.095235527141,23.8523184805038,25.1542787969866,23.2871953946236,24.0211884347171,24.189111752397,24.1090790417866,24.0640208151081,24.76421028454,24.7593904901083,24.8892166549371,24.403677086457,24.3208491868657,24.1894259583042,23.8113392662097,24.3126560672088,23.8710660696867,24.3792586727479,23.4645871128802,23.8343957961096,24.3772516994794,24.0802279344563,24.7328534323288,23.9281025237155,24.4701520950631,24.4515471171914,24.7682294770198,24.637041481717,24.2536596391638,24.3482152942151,25.0138637865523,24.7667145466659,24.5218951107095,24.9052146582301,-0.045176915434336,-0.357069531140649,0.266715700271977,24.3287692874213,-0.29155620749621,-5.55007257855356,0.771935568597633,0.948679518362231,0,0,0.988373877812333,0,0.236019179910883,-0.0740556479889216,0.546094007810688,24.3287692874213,1.53211581530582,-4.87256825808016,0.132336985871557,0.618529116746516,0,0,0.62044019589555,0
"Q13310","PABP4_HUMAN","PABPC4","Polyadenylate-binding protein 4","=""PABPC4""",20.6876418808335,21.0278845691314,21.0973124156404,20.4081326984641,21.0761352598961,20.898069424196,20.8383412936774,21.5454724919884,21.2131053084389,21.4751716346957,21.0542006897317,21.2874354714799,20.6094648393281,20.7942721311106,21.1788307878609,21.6479774740027,21.5160969480523,21.1294557373366,20.9372368059387,21.2039961314626,20.9901807289384,21.5064784212393,21.289755466316,21.1780006466729,20.3683763934938,20.9655860147081,20.8285167940217,20.0992985852379,20.9928867249397,21.3954432163145,21.32130569713,21.8313376748118,20.9661110436892,21.707385979067,20.1963542585309,21.5362910401948,21.5292456533738,21.1347436802502,21.4695802558195,20.5755517527241,21.1634683153813,21.383979263357,21.1390033573566,21.1738173364987,20.7513813081385,0.0466732097443803,-0.225383040891461,0.318729460380222,21.0915625244771,0.345318439803965,-5.53502245957929,0.731427734438254,0.947417763940137,0,0,0.985508658767531,0,0.122018035176566,-0.148452603905215,0.392488674258347,21.0915625244771,0.908060344330592,-5.57451791461668,0.368575049470847,0.791831108546088,0,0,0.885336452343522,0
"Q13326","SGCG_HUMAN","SGCG","Gamma-sarcoglycan","=""SGCG""",20.583290565502,20.7605083351649,20.9704593288947,20.0332268482464,21.2074164347448,20.9520249703852,20.4713668602926,21.3588609667852,21.2848850444213,20.5178647028141,20.1101550480133,20.1929545439079,20.8596005152727,21.2759087419449,20.8898223451071,21.3261678724709,NA,21.0829127686535,21.1810351715696,19.9401303975169,21.7413598851538,21.3130060240152,22.1056371311397,20.8109604718018,20.0304676790321,21.0012572072546,19.3637673320843,19.2026983857139,21.0087604476913,21.5722797706744,20.6830488408445,21.5180327111527,21.1058773680646,20.4877697158588,20.0216633697081,20.8976225844949,20.3655662848383,20.9462841821084,NA,20.4660992125654,20.9215614555688,20.9297970604892,21.0642579965266,NA,20.579644962595,0.0734773403790214,-0.335530446668104,0.482485127426147,20.7889526557401,0.362284289886027,-5.51561731516843,0.718912434003338,0.947417763940137,0,0,0.976042959957178,0,-0.0603986588748988,-0.48104801227099,0.360250694521193,20.7889526557401,-0.289557434432899,-5.87789759097027,0.773545144550789,0.94164415266078,0,0,0.984611000722702,0
"Q13347","EIF3I_HUMAN","EIF3I","Eukaryotic translation initiation factor 3 subunit I","=""EIF3I""",NA,17.6961362108728,16.5526292275285,16.9494364030532,16.6129362072929,16.6203017193209,17.6984409182171,17.4826701274264,17.4006676624051,17.2136910674345,17.8421592942693,17.1733058519911,16.9064363380678,17.3020375848567,16.8309217186163,17.475927241031,NA,17.653928370458,17.1377237467388,17.4783969121809,16.7943200699258,16.9587124459578,16.8651947187363,17.9928787885963,17.2907938965448,17.7969761997444,17.2337417812781,18.4241320074356,17.4566719213232,17.0918822001909,17.6016909721169,17.9596954480651,17.5894340960032,16.9220096938949,17.3720525030315,17.2161144006152,16.6273596205264,17.3795670848909,17.3306675787154,17.5239842875633,17.8334547752748,18.0610885458758,17.7101591413986,17.1664980240002,16.8261103707026,0.271825310918409,-0.0200975127758633,0.563748134612681,17.3268124924225,1.87656963857941,-4.08730985707878,0.0672127312711348,0.612150491830663,1,0,0.480033615931169,0,-0.00849048840556677,-0.294104578577901,0.277123601766768,17.3268124924225,-0.0599095266010683,-5.94757904331331,0.952498725962825,0.987878263296057,0,0,0.999586882921262,0
"Q13363","CTBP1_HUMAN","CTBP1","C-terminal-binding protein 1","=""CTBP1""",NA,NA,NA,21.0733043437006,NA,19.2055133817988,19.6473689401366,20.2229106479104,18.0484442056335,NA,19.6223334303657,20.5988531434896,19.5687583794402,NA,20.2324275417164,20.2507405469277,19.5867042434567,19.278499855864,20.3744097147861,19.5365298064948,19.7092656306002,20.0098542105178,19.8488036627387,19.5241602429469,21.0103072609564,19.4831212690941,19.7308094751637,18.9990370058763,19.7607387837781,20.0065267084574,20.4831625500788,20.2298440866875,19.9348067512018,19.7036175653256,20.8424699847322,20.463554871039,19.8614442049965,19.4653097808015,NA,19.9135971448223,NA,19.2710281226706,20.019323296447,20.4474277895987,NA,-0.0387553681843542,-0.499911293634381,0.422400557265672,19.887916905007,-0.170274077905495,-5.4561725918146,0.865721246720136,0.95848719206779,0,0,0.994427359095154,0,0.218268695339511,-0.203219365892271,0.639756756571292,19.887916905007,1.04922985161635,-5.39538409832629,0.300870247182129,0.754001885643784,0,0,0.769389965494462,0
"Q13404","UB2V1_HUMAN","UBE2V1","Ubiquitin-conjugating enzyme E2 variant 1","=""UBE2V1""",21.2710994337953,21.9519986799667,22.1227772294283,22.3486610815677,22.0428977080867,22.4190812957095,22.2341598294219,21.8967754236936,21.5288595537673,22.0927273909354,21.6280165963147,22.4975263398738,22.4497937900191,21.8259130092457,21.9083680235948,21.5276842780142,22.323877743318,22.0485517021101,21.3243978561797,22.48262082757,21.8828912285107,21.7215482221219,22.051087485938,21.8386351682268,22.3272347977653,21.7335390201896,21.9229693923981,22.4633163309657,22.3252176560942,22.1504886398211,21.0548025171157,22.0974070799502,21.8512331892466,22.1459295387941,21.3206917839489,21.9448679399686,22.4081381599656,22.0430149528822,21.9865701799518,22.1871749784435,22.2254713660903,22.247467882373,21.9635810244449,22.1421025814579,22.5114293912515,-0.00469756058962645,-0.249782088422087,0.240386967242834,22.0105021844562,-0.038580451444781,-5.58683568987252,0.969391694100283,0.987623133806629,0,0,0.999853979833425,0,0.000388147777425019,-0.243267966415781,0.244044261970631,22.0105021844562,0.00320649524180609,-5.96482725204703,0.997455444705303,0.999903966701438,0,0,0.999999011078289,0
"Q13405","RM49_HUMAN","MRPL49","39S ribosomal protein L49, mitochondrial","=""MRPL49""",NA,16.925372642426,NA,17.4196919849591,NA,NA,17.1231071500603,16.3608898480928,16.5751762598343,NA,16.5544862455285,NA,16.2162812477429,17.6039413837371,18.190396001374,NA,18.0251322185777,16.4125250129433,17.1781699857597,17.1416148095143,16.7884022724246,17.7127319120952,16.7332590691312,18.0577570933089,18.1077854414531,18.0213463845996,NA,18.2803698202328,NA,17.2717350252091,16.386138400503,16.2019944764636,16.9305163677591,17.800847136276,NA,NA,17.2994226744646,17.1499176003498,16.5905185282745,16.1233217867008,NA,NA,16.3309179269366,NA,NA,0.520472920170356,0.00539579683918467,1.03555004350153,17.1171255568911,2.06076842615514,-3.78375649773957,0.0477886424495693,0.558102362020395,1,0,0.205411269492177,0,-0.711862836336,-1.22385890604254,-0.199866766629463,17.1171255568911,-2.83552191606924,-2.47707108405436,0.00798102717875998,0.261034630312201,-1,0,0.032103591426613,-1
"Q13409","DC1I2_HUMAN","DYNC1I2","Cytoplasmic dynein 1 intermediate chain 2","=""DYNC1I2""",19.3232770561046,18.7476861550064,19.6992346580622,19.3980013078668,18.8208009748403,18.9524917161662,18.7193871325014,19.3486137193512,19.0174522691567,18.9699791366008,18.8729067089331,19.4971600761571,19.4980331341148,18.2093095845349,18.6574740834502,18.9812494566091,19.5359677599697,19.5303547262516,19.4070767260172,18.6488046736478,18.7695329827574,18.8967217827369,19.776017320644,18.6272751168343,19.0129520000904,18.9605925090308,18.9813997864156,18.960654467184,19.1609014630511,18.7926627061868,19.1830974070978,20.003937642168,19.3319759875995,18.7581566303087,19.7432030556436,19.1101494580456,18.9917234501697,18.791565113093,19.0418124536691,18.8545980710597,18.9894911668069,18.793787365362,18.9798904419294,18.5926388561239,18.726570608713,0.0190407853302546,-0.240002227532324,0.278083798192833,19.0592570866236,0.147953002869033,-5.57784810611636,0.883025928198282,0.962924583781994,0,0,0.997634115815885,0,-0.00997105130911535,-0.267504297006876,0.247562194388645,19.0592570866236,-0.0779324733488125,-5.96193013378682,0.938219480501387,0.984489678376615,0,0,0.99936433452257,0
"Q13418","ILK_HUMAN","ILK","Integrin-linked protein kinase","=""ILK""",19.4534397057824,20.3490355913202,19.2567591821747,19.7603671996047,20.1117354875575,20.8348260385937,20.9794352670468,20.9259442107285,20.4585762458122,18.9779013302439,20.3429679260917,19.9927384733271,20.0035372345985,20.6096285549929,20.1689013822445,19.9267395685917,NA,20.4551614529494,19.8505881998911,20.4884649740553,20.8997669645328,20.7669944326913,20.9193140733519,20.3410692599677,20.4132961271735,19.8863343282163,20.7110781026718,19.733253528903,20.7546045616038,20.0980728032612,20.7704689455843,20.6355376051612,20.4957039515302,19.2175313885316,20.3951501139047,20.2411455662693,19.9149252348751,20.3936359935646,20.3439279247547,19.8755052645563,20.015871892332,20.6068175264641,20.4690681642383,20.0557287889446,20.4118607895195,0.243610331075693,-0.0770393870600394,0.564260049211426,20.2571229854139,1.53015591098146,-4.57516360054191,0.132971864747804,0.708378884160682,0,0,0.611700484992687,0,-0.125620310103113,-0.44439714911799,0.193156528911765,20.2571229854139,-0.793677276030921,-5.65102647427535,0.431544923231351,0.82110113969254,0,0,0.899812152821487,0
"Q13423","NNTM_HUMAN","NNT","NAD(P) transhydrogenase, mitochondrial","=""NNT""",25.2735806525885,25.3076412730546,24.8277761174511,24.4351329132213,25.1109258418041,25.1968433598708,25.3790839586421,25.4116181353589,24.8563848734275,25.7846212481246,25.4012824068672,25.3309463791505,25.3984917994508,24.9278821795203,25.002020130743,25.6097368700619,25.7156291635761,24.9051773390848,25.1113376681584,25.6303432583089,25.3483101630452,25.547990342436,25.6312186262451,24.8328416925216,25.7281524278538,25.5607234642757,25.0923653970014,25.5353707182409,25.4160484600682,25.3564602440954,25.2508632799444,25.1218581823279,25.1855057177011,25.3252072227019,24.5140782556185,25.5038447168537,25.8076798005875,25.4309063967317,24.9870800986286,25.7041775292955,25.5983746817991,25.2986369731066,25.5709381715716,25.385227912292,25.0766142936835,0.220952002344756,0.0111045244615744,0.430799480227938,25.2983762297131,2.11936128999788,-3.71123371461008,0.0394834249081185,0.530926054083636,1,0,0.489637919008903,0,-0.084047506808659,-0.292671941351559,0.124576927734241,25.2983762297131,-0.810905922620716,-5.6529764159351,0.421591860322426,0.814231438285388,0,0,0.929978966361044,0
"Q13424","SNTA1_HUMAN","SNTA1","Alpha-1-syntrophin","=""SNTA1""",21.5897045839406,21.2470507210725,21.6362347439289,22.254765371068,21.3903364430244,21.1219456897223,21.3195197002237,21.6684413781804,21.6532954428437,21.9039085887752,21.774190701169,20.9170014686018,22.2942185302966,21.823461592121,22.0391101561207,21.3479469623437,21.9214932100055,21.3342723353799,21.2934370172854,21.5868258185318,21.1507151289465,21.408959714757,20.9193074930828,21.6022423874387,21.3902561205852,21.7084954753591,20.9816281403739,21.8767787950766,21.613568604853,21.6402848358845,21.0419224145311,19.6809679670456,21.5217778798369,20.8747262930137,20.9537482002976,21.3683697064771,21.1561299559192,21.521260153663,21.6646321311006,21.6950915000806,21.2197745330406,20.7970233231829,21.2373327109407,21.7349731855622,21.8544009447145,-0.193444992858737,-0.476620196416665,0.0897302106991906,21.43847840112,-1.3750328744958,-4.77326233857528,0.175775973692265,0.72766647624571,0,0,0.714399592667612,0,-0.230272076033145,-0.511796864011444,0.0512527119451531,21.43847840112,-1.64640033681246,-4.70860453875893,0.106491513541173,0.575539604523093,0,0,0.597059764929037,0
"Q13425","SNTB2_HUMAN","SNTB2","Beta-2-syntrophin","=""SNTB2""",21.1809196300762,20.9306937132774,19.3222287484615,20.9694630022784,20.4752603546687,21.0644640949938,20.6339100307313,20.6318834071216,20.6995748649131,20.4312219800641,20.9925448601637,21.4200301564379,21.473746157408,20.9359486168606,20.7267906571909,20.4687901057999,21.4930366989188,20.6385053565877,20.7465071388662,20.8270786136911,20.5947380665436,20.6667075885248,21.922726185184,20.7556275395944,20.2499970589004,19.8420043075181,20.2380218375418,21.1111987100215,21.2609495459626,21.1232249742301,20.7358810743122,20.5623152153861,20.8117749266818,20.8729533217938,19.7284967896826,20.9140887068963,20.6505039416146,20.760436769462,21.0113886718306,20.575424723697,20.7813730550912,20.2583932251427,20.9694323667941,20.9879058208778,21.076856448654,0.00338083902524744,-0.313672752965665,0.32043443101616,20.7672226457878,0.0214636029075468,-5.58728857350697,0.98296858977442,0.993977837979894,0,0,0.999941925252339,0,-0.0827925779978678,-0.397998302727718,0.232413146731983,20.7672226457878,-0.528698550007961,-5.83169116037171,0.599554194345156,0.875675606793572,0,0,0.95853029642766,0
"Q13442","HAP28_HUMAN","PDAP1","28 kDa heat- and acid-stable phosphoprotein","=""PDAP1""",21.040327650269,21.133779096647,21.8658092632683,19.781289608195,21.8079069900016,21.2952331377816,21.4900109418714,21.6289344962738,21.6612432243555,21.7860221252745,21.0909868930877,20.5713001560136,19.4062703792073,21.2469113747751,21.1304134574496,21.4849069734479,21.7261493576979,21.1936112334406,21.5390312384049,21.1867291730602,21.1549039104626,21.9348852299807,21.2632480486093,21.3181443247787,21.1576828719466,21.4828512382945,21.1510394831163,19.1757697688602,21.5487206086675,21.0886967894037,21.6497807347708,21.6988414911657,21.3643949202276,19.603780186063,20.0450551546532,21.7505597096183,21.2588318946905,21.4471927021506,21.9877687806625,21.2928476812533,21.8932397733906,21.0448232260599,20.677333257358,21.9700415935797,20.4011432522091,0.0944819079204535,-0.336977266128593,0.5259410819695,21.1872987422777,0.440777844526482,-5.50208284813767,0.661436640515978,0.942492860389654,0,0,0.961699493431583,0,-0.0213823928212236,-0.450326915396986,0.407562129754538,21.1872987422777,-0.100338126412157,-5.9600218104088,0.920511547018397,0.979656818909501,0,0,0.998230554934851,0
"Q13445","TMED1_HUMAN","TMED1","Transmembrane emp24 domain-containing protein 1","=""TMED1""",16.7424694314376,18.1952939162619,17.554351390454,NA,18.0205398607459,16.4089949796353,17.7274299311801,17.8528090244358,17.8348278654776,17.5084388361081,18.0349645888313,16.5334862203721,NA,17.2349438980731,15.922257355625,17.1962508204409,NA,17.8691459469029,18.0357709842308,NA,16.1550937409542,17.7692666566744,17.8335340244808,17.6400372435729,17.1705941511881,17.8345039738805,17.7558055218268,NA,17.6925072550086,16.0156355914316,17.744818159081,16.9065090264578,17.407009590597,16.9380411181219,NA,17.455800987512,16.0779393927902,17.0991484304511,17.1188912479918,17.6964369354379,18.0787365612115,17.8086202083171,17.2347794720915,NA,16.6328597310007,0.0925874666270339,-0.361527935984098,0.546702869238166,17.335224843955,0.412383144497117,-5.43911663308266,0.682314406313656,0.943378727279687,0,0,0.965226083076403,0,-0.173463233287379,-0.62491597147981,0.277989504905052,17.335224843955,-0.777159361796636,-5.59889496066466,0.441748561206519,0.822236277634361,0,0,0.867862520166316,0
"Q13496","MTM1_HUMAN","MTM1","Myotubularin","=""MTM1""",NA,NA,19.2803627127015,NA,NA,NA,NA,NA,19.287169624325,18.6553220744595,NA,18.3641783179714,19.2438410177458,NA,19.8499016963672,18.8767318486496,19.8554401168195,18.4961140324024,18.3856357866904,NA,NA,NA,17.3366915565664,17.2988412809073,19.0985155166602,NA,18.7877937533805,20.1832169241302,18.7325128405151,18.7487367344933,18.5694081277906,18.057609453914,NA,18.7494941079155,NA,NA,18.8159706394465,19.9112481254119,19.351974607278,NA,NA,18.0833518503646,17.9860415036635,18.7432569975388,19.1542960127791,-0.404483845347801,-1.1005695821888,0.291601891493198,18.8112465652181,-1.19021689171748,-4.77611731802391,0.243940572527468,0.772570690822174,0,0,0.565153331299304,0,0.0299534357667106,-0.566657487925493,0.626564359458915,18.8112465652181,0.102835510253445,-5.79582114562592,0.918825439315826,0.979656818909501,0,0,0.997467380961656,0
"Q13505","MTX1_HUMAN","MTX1","Metaxin-1","=""MTX1""",NA,NA,NA,NA,15.4841299860602,13.7432322503936,14.5655781816349,14.9896811499312,15.6749357704859,NA,15.4094473780866,15.4593763822361,14.5450365881515,14.9041745020247,15.3396316466745,16.019385905944,NA,15.3807319207528,15.882520995309,15.4295588786929,15.2290354567824,16.1194267670533,16.3582511039932,15.5269014259288,15.5185603289398,16.2447399097261,14.9001721972902,15.5970485897711,16.5180583645277,16.2207165052427,NA,15.0091493531719,15.2615648940518,15.1863605687596,14.6120835437196,14.9641088468495,NA,15.3578919265713,15.8412198410891,15.2422941494421,15.8950582084992,14.7184200677485,15.0287669881891,NA,15.4078033334222,0.762348949782956,0.401752208372542,1.12294569119337,15.3773626085319,4.28347732037853,0.639766501723241,0.000125333006400764,0.118815690067924,1,0,0.00106014263186218,1,-0.551811575075602,-0.892753304039758,-0.210869846111447,15.3773626085319,-3.2792544027637,-1.4533876982937,0.00226995106544616,0.143933573669995,-1,0,0.0347551604349804,-1
"Q13508","NAR3_HUMAN","ART3","Ecto-ADP-ribosyltransferase 3","=""ART3""",19.836654043762,19.1944824378078,19.1979686344939,17.7793951165296,18.5787092131582,19.581002416675,19.002449914674,18.5951789291649,19.5252789716175,18.5621931210701,19.0001568897002,18.4911487882143,19.5824044505271,19.8302088551789,18.9234857681642,18.6744139673874,18.3214591089605,18.5786102583657,18.2609958230098,18.7481296624917,19.146229546621,18.1334142202256,18.4754895440164,18.1586732015279,18.9413842971136,18.7229076150585,17.2657873711638,19.1612147073233,19.1381251608477,18.5177141966062,17.9018159844764,16.9460367305383,18.823568571089,17.8196303890146,18.3736204517907,19.2546124798054,18.595869970118,18.7739755088506,18.6782316880677,19.1843170116817,18.6783305301121,NA,18.768590982985,19.0762096025924,17.7224329822851,-0.493398055270578,-0.861090972898997,-0.12570513764216,18.6936933889742,-2.70260772287543,-2.63521598097431,0.0096672647772874,0.416167334657996,-1,0,0.10138010134358,0,-0.0992051462947501,-0.470880229647915,0.272469937058415,18.6936933889742,-0.537578138596765,-5.81191391476546,0.593514606579879,0.870763502460968,0,0,0.949561789083335,0
"Q13510","ASAH1_HUMAN","ASAH1","Acid ceramidase","=""ASAH1""",NA,19.5966768157207,19.8138003346538,17.8214516231228,20.3041369120084,20.5502709583978,19.8436253469068,19.8780754386266,19.7263812751429,NA,19.8771035185675,19.7777415309026,19.274506868982,20.124401626061,20.0234675664328,18.6341840894955,20.8173093684066,19.9522387661458,19.7501384203,NA,20.285630154034,19.6814219970323,19.7136262824199,19.5551008880394,19.6576459518548,19.9101749595474,20.2681043153071,NA,20.1710907009194,19.7548195913728,19.7730978992043,20.4888399617592,19.9650435079553,18.529327286842,19.7182897409992,19.7390016056498,NA,19.6015300113487,19.9722178807153,19.1953829048587,20.2427495032063,19.5752135776908,20.0618842795899,20.2387160278941,19.777483612785,0.152293078469292,-0.225988959363867,0.53057511630245,19.7910475775225,0.813025061563267,-5.24555725721593,0.420895283394267,0.872297158372813,0,0,0.876525006150145,0,-0.0880024359029754,-0.457631605530991,0.28162673372504,19.7910475775225,-0.48080385840772,-5.80768850784821,0.633209227737386,0.892941365535216,0,0,0.960584718319943,0
"Q13522","PPR1A_HUMAN","PPP1R1A","Protein phosphatase 1 regulatory subunit 1A","=""PPP1R1A""",23.0554453240039,22.9675227588495,22.4206440187448,NA,22.9680792815764,23.4580692008834,NA,22.7486005510564,22.8053693342035,21.1533104110765,22.8099869527019,21.8300233207044,22.6481451715125,22.2490369756134,22.0027662244548,23.2873979648032,NA,22.152501164944,22.3658027699835,23.0018760097657,23.4863769984206,23.0175394895573,22.3400842979825,22.7848376646642,23.2742116085729,NA,21.4123828275744,21.6433286977405,22.7268163284265,NA,22.0112306787328,NA,21.3970274818802,21.3662851511579,20.5930226415734,24.143282618031,22.9937214977915,NA,22.0564631071983,21.3490994726729,NA,21.116868739664,21.7317451806415,22.5996438411273,21.0773628190121,0.0603337366885874,-0.460334208467357,0.581001681844531,22.3525921237108,0.234573572415816,-5.48766830728697,0.815797744740521,0.948679518362231,0,0,0.987791857423742,0,-0.73800777446132,-1.2655174509658,-0.210498097956836,22.3525921237108,-2.8321105761334,-2.45207863263644,0.00735350072853474,0.255158930166521,-1,0,0.0266352077343923,-1
"Q13526","PIN1_HUMAN","PIN1","Peptidyl-prolyl cis-trans isomerase NIMA-interacting 1","=""PIN1""",21.4261166943635,21.0467518893784,21.2798490694443,20.8470709570582,20.7980186223566,20.6712665318051,21.1099787364387,20.5557805114869,21.1247710856909,20.4049661712544,20.8264111229951,20.787358385149,21.3779309863756,21.037317597128,20.9163664686434,21.2952654174531,NA,21.1102212837159,21.252125747592,20.8374424071293,21.110251412297,20.4308675517098,19.8439861654445,20.3356146325037,20.5224573181124,20.6154678644772,21.1415607750502,21.5749109430258,20.9402285654916,20.6619806106915,21.0429222896565,20.5940248167948,20.8760837454242,20.6017138936928,21.3978843897676,20.6359378285538,20.1357301989843,20.7851786183968,20.8736890844208,20.5962062139405,20.5312048607569,20.5264161524778,20.5772380049539,20.6872989977851,20.6231132531716,-0.100981981551897,-0.342452882026484,0.14048891892269,20.8265222243873,-0.842267283716535,-5.26463624726572,0.404088630137778,0.868653109683931,0,0,0.912559583652531,0,-0.134949225715467,-0.375009721682536,0.105111270251603,20.8265222243873,-1.132193201824,-5.34691484499693,0.263544868974148,0.741757591163142,0,0,0.835304405628425,0
"Q13541","4EBP1_HUMAN","EIF4EBP1","Eukaryotic translation initiation factor 4E-binding protein 1","=""EIF4EBP1""",NA,NA,NA,NA,NA,16.0513379154431,NA,15.1914622948277,NA,NA,NA,NA,NA,NA,15.1432088382709,16.6123552742831,NA,15.905008804324,14.358018570845,15.7418844498016,16.6264422858074,16.0692581952642,15.9354889088816,NA,16.021806654262,15.5339496965754,NA,NA,15.6063314093997,17.1273491594724,NA,NA,14.7112315651818,NA,NA,17.0013820217891,NA,15.7685012728865,NA,16.0332950863026,15.9324956289643,14.6156847480349,NA,NA,16.4826116194036,0.680058302375061,-0.168525489732346,1.52864209448247,15.8318621142867,1.6618305226955,-4.25538153277188,0.110705375162531,0.679806474125127,0,0,0.223861285962986,0,-0.18136666893724,-0.805050194110401,0.44231685623592,15.8318621142867,-0.603015563719541,-5.54068203698249,0.552653327979258,0.856522355536481,0,0,0.898027260612249,0
"Q13554","KCC2B_HUMAN","CAMK2B","Calcium/calmodulin-dependent protein kinase type II subunit beta","=""CAMK2B""",21.8810696770099,22.2654815582488,21.9073129554063,22.4394890707647,22.0859443443908,22.2619275515732,22.3773981901998,22.5310615480512,22.4501511104952,22.5539424477921,22.3865429826699,22.5710592846774,21.8617464597803,22.390982724842,21.8306680170572,22.6736526193018,22.628817701573,22.7118141534406,22.7609798609076,22.5030830796299,22.4013239109812,22.6351639424026,22.9488574564463,22.2929339926814,22.5217889752558,22.491206419042,22.209948676972,22.4443970124502,22.5283606796179,22.1857981661578,22.7863203933273,22.4087741944535,22.4162511517069,22.7895818531102,21.3161473812943,22.5587268243453,22.4225721104865,22.4662077875495,22.5518343173734,22.6030863218944,22.6141807771764,22.0916000183839,22.1501884331107,22.408501530877,21.7679619522996,0.275981002743933,0.0690186122366425,0.482943393251223,22.3796631026046,2.68409922199742,-2.66849629732871,0.0100727810989423,0.416167334657996,1,0,0.281129984061163,0,-0.172412773298067,-0.378168935472513,0.0333433888763791,22.3796631026046,-1.68665942252761,-4.64836637141222,0.0984343950836722,0.545994290858849,-1,0,0.670510619725971,0
"Q13555","KCC2G_HUMAN","CAMK2G","Calcium/calmodulin-dependent protein kinase type II subunit gamma","=""CAMK2G""",22.5530795386006,21.8989130658264,22.1595592684355,21.8176572230417,21.818280339437,21.2592891862214,21.7617824031795,21.6192749359182,21.6648262287354,21.0176039308476,21.3312953223174,20.9332859982765,21.7539098152087,21.6101369603533,21.1857104915022,22.0460963839585,20.9155375162272,21.4972284061327,21.4049018056484,21.626694583075,21.7364271987655,21.9388362607374,21.3348823957412,21.4982464431896,20.5865084693891,21.613450650753,19.5393711805688,22.559148129787,21.8083555081401,20.6039960716475,21.8120581047821,20.1675657908595,21.6124162145151,21.1243168850817,20.7932827462391,21.6649482342934,21.5736033837182,21.1666217812573,21.1222224128841,21.3461164209985,21.0584466063708,20.5343283061977,21.3024690831555,21.642974114887,19.3894972109908,-0.254422867833917,-0.634734788240441,0.125889052572608,21.364558955731,-1.34656404956449,-4.8059042601825,0.18471253656066,0.733010065782738,0,0,0.650698646650859,0,-0.293254247168687,-0.671349615028691,0.0848411206913179,21.364558955731,-1.56118282149185,-4.83186184569757,0.125328798093534,0.606611027331086,0,0,0.543875616144047,0
"Q13557","KCC2D_HUMAN","CAMK2D","Calcium/calmodulin-dependent protein kinase type II subunit delta","=""CAMK2D""",23.3574756223706,23.2167777008523,23.4330160452815,23.7078851646187,22.8447121074663,23.0241598404364,23.5500218778523,23.4038886631287,22.9622407035803,23.2909984506874,23.2203785544874,23.2508199131786,23.615580366062,23.1969840198525,23.0144855052421,23.1535671593017,23.1798082006754,23.3825819232402,23.7370033717323,23.4104265910236,23.0722995434069,22.8417440478026,22.9446041794692,23.4043394979619,23.107853940885,23.6389841599856,23.5451932597654,24.0588229794612,23.1900118325703,22.9107204488472,23.5322350056421,24.0285619304448,23.4576617262708,24.0909087872029,24.4929194472673,23.1680143955244,23.4076139930446,23.4250094760113,23.2791044056849,23.2968575923887,23.151020005541,23.4881203438073,22.8635076604412,23.3572732051013,22.7877574800489,0.0415915445073587,-0.203777352026186,0.286960441040903,23.3443100250144,0.3411900428192,-5.53626774212427,0.734512739483175,0.947417763940137,0,0,0.987249006307788,0,0.149906954552883,-0.0940318709698275,0.393845780075593,23.3443100250144,1.23694862661391,-5.24634760962994,0.222378440798569,0.708994793604851,0,0,0.798223762377338,0
"Q13561","DCTN2_HUMAN","DCTN2","Dynactin subunit 2","=""DCTN2""",20.0513553065786,20.9127710226097,20.9652013082583,20.5907221198138,20.6144080381868,20.5495473716281,20.7195857748164,20.7501353505513,20.7418691276957,20.6074543822334,20.0900607187403,20.7635540318811,20.3915757170841,20.1212351334274,19.7510035923887,20.561495984574,20.7560363256407,21.0003412268316,20.7744180019108,20.2920045725819,20.9269720932784,20.6442034841016,20.7260676490039,20.8100002213848,20.3470703461536,20.4710306263777,20.2950784872264,20.3163254713126,20.6465029528397,20.4642720874357,21.0773643665073,20.9055808793257,20.8669241232008,20.3789290577448,20.1722023119882,20.7446307260017,20.3742259389502,19.8848961098191,20.653865431215,20.4195970188247,20.779446078063,20.785290821681,20.7158078854292,20.5033129934354,20.0579226529901,0.0982817112222207,-0.118700536574307,0.315263959018748,20.5549398871494,0.91171545239934,-5.22491968672682,0.366667683010167,0.845254577227516,0,0,0.906099662970286,0,-0.0474548756984525,-0.263172496939523,0.168262745542618,20.5549398871494,-0.442798384265626,-5.87135082510566,0.6599850694713,0.905927407226525,0,0,0.980473846555327,0
"Q13564","ULA1_HUMAN","NAE1","NEDD8-activating enzyme E1 regulatory subunit","=""NAE1""",19.1622883110144,18.2458862986604,NA,19.488949142222,18.695761547958,18.7128704197876,18.5761375301432,18.6818010444952,18.7649442862077,18.1393856375589,18.8496271667935,18.9994340318678,19.1890349585416,19.5166647109245,19.0286100673726,18.5128666193091,18.3650806989847,18.5798200788282,18.6065981661824,19.7930685795176,18.6163450470684,18.5969801291155,18.517682159103,19.1048531159505,19.1270652094401,19.2312513841513,18.8493072059559,18.5693762934983,18.4214055342796,18.437270531564,18.6167498877012,18.0888359993371,18.5356552880351,18.9410213986528,18.4066307212038,18.1904129128477,18.3997623882072,18.8874387229824,NA,19.3911248176709,17.6700903430172,18.2354125006663,18.1340945481396,18.0603313690279,18.6184545220348,-0.106007131520805,-0.402551180179504,0.190536917137894,18.6873577052563,-0.720424897846494,-5.34682039854187,0.475070008790172,0.896077533266722,0,0,0.924131985193168,0,-0.311426979848932,-0.606239305214111,-0.0166146544837523,18.6873577052563,-2.12889107366928,-3.89732897733466,0.0388928543319161,0.388314445619183,-1,0,0.363787201468717,0
"Q13586","STIM1_HUMAN","STIM1","Stromal interaction molecule 1","=""STIM1""",NA,19.7689597505886,18.8762603945031,19.1709936897306,19.5107762836596,NA,19.4444016833233,19.3387259939872,19.52006832461,NA,19.7041724621712,18.8332969550198,18.950465593703,19.1111719254902,18.4706370601516,19.8433141108892,19.7774618232183,19.6744007032714,18.9382081089801,19.3179481372446,19.6461413192855,19.5721173808705,19.919822441753,19.5697482147824,18.6885833357894,18.9373727117963,18.5331821885405,19.5505510951459,19.8116941246078,18.8743372765789,19.3937391391211,17.971332936052,19.2682627998719,18.6958208064393,18.1362398329532,19.9148245941943,19.3936831730121,18.6869394083168,NA,19.4610777080552,NA,18.9951432125878,18.6749571715817,20.133919060676,NA,0.125533430512263,-0.240381391398298,0.491448252422824,19.2328398187834,0.693342867011734,-5.33146071865969,0.492096955756697,0.896077533266722,0,0,0.914833512037194,0,-0.32677067131128,-0.690543228539918,0.0370018859173582,19.2328398187834,-1.81543955486895,-4.40990391525874,0.0769508932250527,0.506860570999739,-1,0,0.432560931433886,0
"Q13616","CUL1_HUMAN","CUL1","Cullin-1","=""CUL1""",NA,19.2012153292245,19.3442862200455,17.4233408985706,19.3006474328684,18.7159877034597,19.1986577023579,18.8487952069633,18.8104196260145,18.8189872911509,18.9220583184444,18.9521067402266,17.7742202606406,19.2713214730216,18.6041868437562,18.8858499781614,17.6911281537766,19.2827155355449,19.0299303718445,19.029424310263,18.7945714178491,18.4488356822839,18.8724599777861,18.6372662316315,18.9694383978774,18.8556540755083,18.4412864069839,18.3853973660914,18.8532038593411,19.0169276326849,18.4647323849476,18.742087552036,19.034989957832,18.5748521608284,18.2489976200402,18.8477540041889,18.9275507021876,19.1163022677263,18.7272998278861,18.8283929561293,19.1940021340526,18.9245319156006,18.4088928399489,18.7153238168105,18.9519167346551,-0.0437530041449072,-0.333338594912058,0.245832586622243,18.7747260754373,-0.304299875082807,-5.53258869382321,0.762300960341823,0.948679518362231,0,0,0.98819506068785,0,0.0342358318161402,-0.248914008444195,0.317385672076475,18.7747260754373,0.243520433431103,-5.93649587456094,0.808708007752596,0.947477443017977,0,0,0.992757492955347,0
"Q13617","CUL2_HUMAN","CUL2","Cullin-2","=""CUL2""",19.6377513957608,19.5736832300561,19.8754683193264,19.4799416189752,19.6834369260751,19.7619860857831,19.6475118894125,19.8628618870065,19.8990459367582,19.4692509591322,19.4793913144908,19.0320709059287,19.540702190906,20.0950873544825,19.2725935213757,19.3983672930241,NA,19.2511364567473,19.3791916922728,19.6533788655086,19.6135133031653,19.4831024993015,19.7704104705334,19.4564767215382,19.8676285020813,19.7924846059888,19.6582508934806,NA,19.7210983047999,19.4005676921932,19.5961669224706,19.9453684845782,19.8949217709988,19.1920476018904,19.2482911949075,19.4230692221663,19.6523127937213,20.0375268053182,18.7868849085978,19.9355990827098,19.8328789688248,20.0841456830478,19.3177364575468,19.7803609647858,19.8818349842368,-0.0485254880360522,-0.267633883985516,0.170582907913412,19.6131520158583,-0.446327591893305,-5.47043138323141,0.657547510173275,0.940541614264271,0,0,0.979861796631354,0,0.0695753153615399,-0.148252287295821,0.287402918018901,19.6131520158583,0.643702380139486,-5.73563991845771,0.523106567287123,0.837978453874493,0,0,0.955918402838887,0
"Q13618","CUL3_HUMAN","CUL3","Cullin-3","=""CUL3""",18.5856425650589,18.5502267160869,18.9988847860695,18.0007743228226,18.0560855563704,18.6249838182518,17.914830816645,18.2808122413659,18.5162022184363,18.7024805514572,18.318073380306,18.6866234808656,19.1494241354389,18.5756888576279,18.8034949368452,17.9991725614239,19.0433087273348,18.6522644382119,17.9357729475598,18.7065633065722,18.535552191184,18.5107534337019,18.7951151014872,18.7400263087094,18.4934277763999,18.0433202566621,18.2891144989226,18.7928620080667,18.187448403601,17.9366787139993,18.1513406374698,19.4953907506585,18.2679383214716,18.0909350390382,19.8321390703342,17.8197496500074,18.1921799463334,18.8490989920547,18.3865470699192,18.7761574402259,18.7437212752758,18.8401244197351,18.5064495755967,17.8283514813976,NA,-0.0781061366675004,-0.375208471556883,0.218996198221882,18.5046757437955,-0.529480459295049,-5.46432865532695,0.599072422945462,0.92370936905128,0,0,0.96077074379706,0,0.108704669335857,-0.19161532539416,0.409024664065874,18.5046757437955,0.729012200276685,-5.69736031602442,0.469768171572054,0.834663611429138,0,0,0.9211539399076,0
"Q13619","CUL4A_HUMAN","CUL4A","Cullin-4A","=""CUL4A""",21.2987960424122,19.0245730902479,18.8441652336534,21.023759135182,19.5745166838831,19.573515173218,19.3945061895302,19.3106194475938,18.8206188903325,18.9836739197494,19.8716654039055,18.9862742791509,19.8134818959241,20.4671713635939,20.6141390377432,19.5655893570336,18.7892707306188,19.4089533747317,19.3427136667662,19.6749632795694,19.5742136174205,19.5535253716105,18.5981428459021,19.8924121323778,19.971015886195,20.6163767938483,19.9414040146235,19.9161377700761,19.371596890249,18.9232448139724,19.3801093567524,18.0085348908853,19.0657248915431,18.9946460155446,20.9767704630974,19.0573864837722,19.9218018472392,20.0493279635074,NA,19.8888464433844,18.6314987162812,18.7396710422883,18.5940920552351,19.2230762473059,19.1834467683123,-0.175338633679466,-0.644778429169837,0.294101161810904,19.5103629435515,-0.752261022289215,-5.33977218598924,0.455807610403811,0.889501878065372,0,0,0.871307048026582,0,-0.283677829917764,-0.758201724050804,0.190846064215276,19.5103629435515,-1.2040323481375,-5.26936523382954,0.234866587108975,0.714839559457683,0,0,0.663003672251203,0
"Q13620","CUL4B_HUMAN","CUL4B","Cullin-4B","=""CUL4B""",22.9218239615499,NA,NA,20.669914884402,20.475097166998,19.8414021637006,19.746564146891,19.9552861928575,19.0702410237709,20.5242883358199,20.7987203078712,18.997489338488,19.4111305820287,20.8881001512899,19.8274845080901,20.5561326923165,NA,20.0832948134582,19.9119181152848,21.2944638722177,19.7745878048193,20.3717006894664,19.3865434352261,20.15352390256,19.4006370554378,19.260486707815,20.6109408668044,NA,19.5871324636727,19.6719817445544,19.8329130537212,NA,19.2699740669957,20.2847415640669,21.6705458816407,20.0679138848911,20.3239680092977,19.4415500220261,19.3018602523873,20.8441822564727,19.7083697516225,18.9439009764053,18.6074426160683,20.4337443088454,20.227323527588,-0.272309472615632,-0.836164737272843,0.29154579204158,20.0537329274855,-0.975291853415538,-5.12178100621252,0.335129347461631,0.826372714395847,0,0,0.742524615606261,0,-0.0526228637067732,-0.603661504505455,0.498415777091909,20.0537329274855,-0.192855447868246,-5.89837647984721,0.84802339011812,0.959935715069946,0,0,0.991362792443304,0
"Q13642","FHL1_HUMAN","FHL1","Four and a half LIM domains protein 1","=""FHL1""",29.2044034889987,28.9342445532933,29.0501420543415,29.6810881185307,29.0824554639243,29.6710360928458,29.5405860609824,29.0225228774764,29.2180964261761,28.877025741325,28.9731698639237,29.6910377332389,28.906724247476,29.1738237635968,29.1029620388789,28.897321159377,28.4319669841609,29.3258262291909,29.3686599717907,28.8125747881972,29.1773556153347,29.068130422624,29.6059529890882,29.0717715574569,28.9218876643758,28.7767330624941,28.8829203114597,28.7970846831489,29.4242527686852,29.0995897006304,29.126383035243,29.127929203066,29.0393117749902,29.3521231488929,29.7920578943808,28.8332907851483,29.1229722396335,28.8442193995258,28.7562861065392,28.9312070948079,28.680309859583,29.0189822020017,29.1361441748829,28.8747749837213,28.8617645164339,-0.161447499876402,-0.369978901880761,0.0470839021279567,29.0953133967083,-1.55837032954811,-4.54833963872659,0.125993579594043,0.692416889595087,0,0,0.715737053033257,0,-0.0109514326109341,-0.218267461692856,0.196364596470988,29.0953133967083,-0.106328298262038,-5.95943038826731,0.915783824822016,0.979656818909501,0,0,0.999037012329825,0
"Q13643","FHL3_HUMAN","FHL3","Four and a half LIM domains protein 3","=""FHL3""",23.8205741599366,22.9225344614797,23.0997614074913,22.5422381456442,23.7256901360623,23.4950117577048,22.7477084583264,23.3466501339075,22.4612142169044,23.6226253369428,22.9277814860946,23.6523426201197,22.7438657191509,23.4264635518278,23.332614392367,23.4430253569365,23.2535282096779,22.6469620247078,22.9646042420185,23.1798004176768,23.1008057823347,23.5261543615189,23.9961216502272,22.8270222362576,22.9354261072909,22.7269060726702,22.2343863732729,22.6472710390668,23.4420033986168,23.2544730821624,22.8826961998327,20.802087977199,22.829063361959,23.5600532078583,21.254433457988,23.7408606937047,23.3152103820119,23.5127871066958,22.8210082119429,22.4148074728362,22.9409269876007,21.7908270586714,22.7292520704695,23.1960737174144,23.2339368734008,-0.129253573205879,-0.532508006602717,0.274000860190958,23.0015464692885,-0.645170077854842,-5.40500679358156,0.522019182672997,0.896077533266722,0,0,0.919411573861604,0,-0.343631038323348,-0.744535204496677,0.05727312784998,23.0015464692885,-1.7252920649526,-4.58936532689872,0.091182165525624,0.537181888205307,-1,0,0.439129648112022,0
"Q13683","ITA7_HUMAN","ITGA7","Integrin alpha-7","=""ITGA7""",18.0173816871743,17.1882735679987,17.3057420002626,17.5835517763118,19.0266744416213,19.111905182771,18.6671051002236,18.842900394053,18.3056709625945,17.9899086063439,18.0455384861371,19.0853123485785,18.5295346083078,18.2353487095337,18.508473471308,18.0545025662447,18.9188898873691,18.1519926991069,18.2486638460383,17.8363161129958,18.5366014803791,18.7679823582368,19.1367967437959,18.6312617963248,18.3760802713735,18.2086887204324,18.2103494507723,17.0395248195196,18.3554559822005,18.5739353155643,18.7031423738197,18.010146045833,18.2577700789988,18.101779573245,18.2925532568581,17.7963941912767,18.2951800818866,18.5241348568573,17.6428052400233,17.904785205963,18.2222933586846,18.0894748878394,18.488291759924,18.0984305389722,18.3553742711308,0.0392130302831895,-0.294771071010904,0.373197131577283,18.2727315358864,0.236328131456718,-5.56289726839499,0.814226308411309,0.948679518362231,0,0,0.991973444555389,0,-0.150965755269436,-0.483003314079587,0.181071803540716,18.2727315358864,-0.91517056192419,-5.5684401367175,0.364870538115039,0.791831108546088,0,0,0.858811700807777,0
"Q13698","CAC1S_HUMAN","CACNA1S","Voltage-dependent L-type calcium channel subunit alpha-1S","=""CACNA1S""",20.8637390678473,20.591857278055,20.9666482315707,20.7294820833112,20.8012845619109,20.7654169907568,20.258565049545,20.8467016520741,20.6124421874822,20.9735802086376,20.4734282107074,21.1542997179666,21.0521492342388,20.8873136229601,20.1210108377593,20.5311830707195,21.5322842023667,20.5894881226545,20.7361786372315,20.3286541497159,20.9996569182245,20.5779630207768,20.6035745249182,20.4773239974227,20.6180790922993,20.4099985703789,19.8735457327995,19.8744246535662,21.0574090177709,20.357536310311,20.3581363775957,20.7102910605531,20.5716180648338,20.6479643341183,20.8925986468346,20.9029804703406,20.3467829639611,20.7693235467767,20.8527217237693,20.7360716776551,19.9305167445336,20.4036909548294,20.9758517432722,20.8288890407654,19.531243284922,-0.172628150545798,-0.426310915854534,0.0810546147629383,20.6249755464609,-1.36971895092647,-4.77940243284997,0.177418290868416,0.728106232654798,0,0,0.741918125392708,0,-0.00724129242633609,-0.259445531427371,0.244962946574699,20.6249755464609,-0.0577929035362578,-5.96323618335547,0.954163693014174,0.987878263296057,0,0,0.999660296009082,0
"Q13724","MOGS_HUMAN","MOGS","Mannosyl-oligosaccharide glucosidase","=""MOGS""",NA,NA,NA,16.9719032546495,15.3763913043631,14.7992563075225,15.0782857135829,15.6694642601254,14.1120524775319,NA,16.1341422302331,NA,16.9884529978735,16.1547725303137,16.8081713106111,NA,15.7293762321533,NA,14.9485155590257,17.1355672102136,15.5117307469773,15.6239474908276,13.8309091687252,15.9381439103753,16.1603200422729,16.7960004691456,15.6577714812807,NA,14.5595781719681,15.1937869123919,15.5335743799725,15.3316667875289,14.940851770528,16.4769321612747,17.3357428654295,15.5333111387407,15.6157815099871,16.1985765960487,NA,16.3467344384351,NA,15.285365369895,14.5985768327062,NA,NA,-0.235012760134065,-0.92486455586114,0.454839035593009,15.7083531403851,-0.692296807452707,-5.25657396709917,0.493446690363307,0.896077533266722,0,0,0.847047065449766,0,0.172178838979214,-0.496437767613522,0.84079544557195,15.7083531403851,0.523310321670715,-5.71675794071259,0.604148495996887,0.877541881245096,0,0,0.916890717774394,0
"Q13813","SPTN1_HUMAN","SPTAN1","Spectrin alpha chain, non-erythrocytic 1","=""SPTAN1""",NA,19.1192303496947,18.3809086315244,17.7711914210876,17.9648721224941,18.3718697974031,19.5165059019049,18.2922663678654,17.7560240294767,18.6922199776282,18.0039849513565,17.477370613841,18.8848568325806,18.0372951783366,18.9459244485116,17.9688345374789,NA,18.6284621530979,18.5915231363682,19.0802247519535,19.4354735693896,19.0901327152066,17.8629923055126,18.3658628530139,17.9028479573904,18.379323039322,19.8856329581058,17.6739024849668,18.0405641526982,17.8732262412279,19.1781669517033,19.0225510148781,18.4430809479302,18.5703994685276,20.1706978118112,18.5406335915357,18.0186546169281,18.3370662719994,NA,18.2242867989047,17.9041491972116,17.7863291919875,17.6398709170189,19.3256721147655,18.456959966446,0.1394467756338,-0.318938527708055,0.597832078975655,18.4669533890735,0.613487109814645,-5.39571147110571,0.542783060217226,0.899122088181203,0,0,0.918320947858664,0,0.0375303216594531,-0.418167258750765,0.493227902069671,18.4669533890735,0.166086072092379,-5.92125666201688,0.868866955494096,0.969399700838415,0,0,0.994738431147555,0
"Q13825","AUHM_HUMAN","AUH","Methylglutaconyl-CoA hydratase, mitochondrial","=""AUH""",NA,17.4882003127043,17.5410862275268,NA,17.5392709630498,17.2880858604306,17.6276062318952,17.4184173477147,17.8183365929172,17.2897233094241,17.8493038394782,17.3382268410419,17.9586555095942,NA,17.6386159857397,18.2007776983429,17.2991565774755,17.555116593455,17.5649696358688,17.5159852884123,17.3907224229802,17.6955663592564,17.8368550546165,17.6160142483413,17.4631356669551,18.2099886355948,NA,17.5917334627667,17.6113739918538,18.1544265893216,17.4928888807451,16.8906353064536,17.732599192615,17.4697576996857,16.0764710579082,17.0975294341123,18.015436589331,17.5688696886139,17.806961392302,17.431782970578,18.266921324519,17.3909210499835,18.6272508184136,16.8726513901921,17.6672320756976,0.121560819158201,-0.179529414211104,0.422651052527507,17.5831526858026,0.814747697780047,-5.24236324787679,0.419808294562344,0.872297158372813,0,0,0.8998658541585,0,-0.195683253941457,-0.479185722186237,0.087819214303323,17.5831526858026,-1.39290984963922,-5.04441915984217,0.170969573440174,0.655071957582339,0,0,0.707774742205067,0
"Q13838","DX39B_HUMAN","DDX39B","Spliceosome RNA helicase DDX39B","=""DDX39B""",NA,19.0673807979015,18.0509326371338,17.9382517456772,18.6882060838159,18.8369467497583,18.8448435575702,18.9717188429068,18.5938705956826,18.0804402287149,18.8691636492323,18.4274970720506,17.6435544219789,19.0372025027428,17.2588973078393,19.4386586358631,NA,18.2714245306512,18.8156835105231,18.3110431040601,18.7014598355792,17.7482800344736,18.5299281807896,17.882238086815,18.2152695656418,18.4693721627373,19.4621437385809,17.7934460563039,18.8208593490058,18.6926905560204,19.770569113454,19.8939783781018,18.4744386791892,19.4061762578642,18.6958065704579,19.0526615455181,18.5768084137679,19.392038032843,18.0026548650346,19.2162093911409,18.2826308479134,19.5128806484907,18.9720923263242,19.5136507219241,18.9251062283666,0.0778176399338015,-0.286927167942425,0.442562447810028,18.6778861758242,0.429963688720493,-5.47886970031232,0.66931863533558,0.942492860389654,0,0,0.969239634399294,0,0.518128414953207,0.161266093849619,0.874990736056794,18.6778861758242,2.92603527617654,-2.23852258572743,0.00541092136611516,0.233615286754175,1,0,0.0669180707037211,0
"Q13867","BLMH_HUMAN","BLMH","Bleomycin hydrolase","=""BLMH""",20.8882171812053,21.2725858013312,21.3607284285569,22.1147816201837,21.629033515993,21.0881171451573,21.4739579078482,21.2251952288742,21.5165745225586,21.2445622362342,20.9010595874545,21.0424205842107,20.7297529900139,21.6758587989298,21.4612696785476,22.3042178080201,NA,21.2631348809938,21.7525261765356,21.4034919180304,21.4105995036943,21.4192195280651,21.0588440122888,20.9781031544893,21.4521398898263,20.9280381115558,21.4842660309672,21.3080070019206,21.3480415706117,21.2468311226197,21.6745572659584,21.001468336857,21.3654822310499,21.8493303305533,21.159352929568,21.3626218738847,20.8888835431681,21.3379018221008,21.1184437188503,21.3449746727456,21.4992627988906,21.5977831047493,21.4233986183715,20.7944758673262,21.555481890365,0.0768651944045757,-0.159704178979231,0.313434567788383,21.3398862486627,0.654398138360942,-5.38626909103991,0.516183130000326,0.896077533266722,0,0,0.950439788009903,0,-0.0471516540933585,-0.282339252240872,0.188035944054155,21.3398862486627,-0.403787955570744,-5.87167484822987,0.688279421862606,0.915228679438145,0,0,0.982540229369149,0
"Q13884","SNTB1_HUMAN","SNTB1","Beta-1-syntrophin","=""SNTB1""",NA,21.2826979425144,20.0655295299378,18.8726155087381,20.5806490848298,20.0609303110269,20.4675076773323,20.7924950176942,19.6855142426934,20.2667614049958,20.4747668500496,19.499304926696,19.3716318010486,20.8518683745785,19.5757395669901,20.1978008086505,19.4810592701451,20.7154917823044,20.1242085594945,19.8906261294819,21.3336337559193,20.8887492703424,20.9644929937658,19.5387680729156,19.8717075321791,20.0955103673475,20.3464356842131,20.2765884646723,20.5767001214253,20.2105237475397,20.3729528387992,21.0458951780838,20.5753930948036,20.4939291074355,18.5065925680947,21.2072535427234,19.7556559485242,21.2359833708342,19.5271231049079,19.8646900115278,19.9354090591067,20.2644349087917,20.6261878032486,21.070909778321,19.859925263119,0.172827123168432,-0.255884087389437,0.601538333726301,20.2432419176783,0.811928723090418,-5.28628090491356,0.421102965489009,0.872297158372813,0,0,0.861160518215596,0,-0.011330732138326,-0.430514264252954,0.407852799976302,20.2432419176783,-0.0544408133327989,-5.96341031710089,0.956824728943671,0.988076489279338,0,0,0.999500042583533,0
"Q13885","TBB2A_HUMAN","TUBB2A","Tubulin beta-2A chain","=""TUBB2A""",20.5096003558689,21.5709503641847,21.2569349364965,22.1546838993712,21.1753392660717,20.8337505307869,21.6577905283687,21.4128116492799,20.9689264367933,20.3764973780257,20.4675203818897,20.8976909757838,21.1987493890479,21.0843942124825,21.5747845743737,20.7805169284025,20.7316435047561,20.7080857333074,21.5616859044159,21.1793301748203,21.1752373790186,21.0891930871108,20.9390240755083,20.7354628771724,21.1333271812255,20.8006916334711,22.5229183321237,21.8295715510605,21.566497147891,21.2968120832184,22.4829547947828,21.7539553853743,20.6977168618039,20.7579529875347,23.1048751015514,19.6455524746366,20.5493075901997,21.0745053507251,20.3919266839067,20.8091692907298,20.3677840198934,20.9531913398229,21.1020417700044,20.5297280584048,21.6132753477989,0.0738792839367157,-0.357881593583538,0.505640161456969,21.133874656211,0.344421457060771,-5.53529429003827,0.732097638697862,0.947417763940137,0,0,0.977224744162757,0,-0.147737369088837,-0.57698183673287,0.281507098555196,21.133874656211,-0.692781791207406,-5.73675132149591,0.491926351703886,0.834663611429138,0,0,0.900496708102448,0
"Q13907","IDI1_HUMAN","IDI1","Isopentenyl-diphosphate Delta-isomerase 1","=""IDI1""",19.2975339225862,18.7467249397936,19.3658884720622,19.5409814297057,18.9716098190169,19.5138187249507,18.981588243754,19.0490608878955,19.7824763088387,19.8199128286077,20.0149676500993,20.1403686095522,20.7217401029686,18.8327780400525,19.8334200018063,19.533286033784,19.0179235678141,20.0581000992902,19.4946470493867,19.7124918398164,18.9136291507819,19.0491569720747,19.551510665011,19.5132634270337,20.1993335887765,19.2932816540186,19.3186720319038,20.6692279796214,19.6535917819796,20.0971445711824,18.9479964901375,NA,19.6467987785815,19.100367507689,18.573648723021,18.5662772865019,19.9211324134565,19.0004139158268,19.357960006462,19.9719649895767,19.5331527583058,19.48481762026,20.0569607154963,18.6850473947959,19.6629024201766,0.0901207481899071,-0.232829878573301,0.413071374953115,19.4817629866921,0.562030004847487,-5.44878257146525,0.576881980848067,0.909956934848531,0,0,0.951631872770806,0,-0.298575013616244,-0.625023240836313,0.0278732136038259,19.4817629866921,-1.84208637823247,-4.39251158464406,0.0720519177512532,0.498910158863055,-1,0,0.455954496459233,0
"Q13976","KGP1_HUMAN","PRKG1","cGMP-dependent protein kinase 1","=""PRKG1""",22.1438962144575,20.6820001186691,19.9550018416452,22.1290387827397,20.8330750796643,20.2342132398463,19.5685160220142,20.4469941881284,19.9416717668459,20.3831745153359,21.6131641164288,20.6252560656914,22.2046753303924,21.3850838088654,21.9577993193453,20.6182278977862,20.3413444146594,19.8150309238018,20.7533302737438,21.9344813797926,20.3576344153861,20.9396622660256,19.1419132345646,20.8364910554211,20.7219754324029,21.3946236077779,20.8842553910868,22.1049013094435,20.0266185909335,20.5935453935714,20.2701848462688,19.3019508338755,20.0513653662321,21.0420844876255,21.4381437662706,20.0596342105786,20.4767235521914,21.3778549438399,19.8845347907542,21.1255568618827,19.8570349433733,19.2943248390273,20.7262215792335,20.6281466619948,19.9072347012968,-0.264029753346659,-0.76961297119377,0.241553464500453,20.6668576084647,-1.05116533456731,-5.1071247390658,0.298668784584418,0.802090673614812,0,0,0.726832772998442,0,-0.334869280130135,-0.837505833124358,0.167767272864087,20.6668576084647,-1.34101010393585,-5.12291523086492,0.186495768607547,0.67048191514958,0,0,0.569861670983471,0
"Q14011","CIRBP_HUMAN","CIRBP","Cold-inducible RNA-binding protein","=""CIRBP""",21.3741061216065,20.9470587543726,20.496287556684,21.3741175594946,20.2172520428335,20.1176315098088,20.8826998952103,20.4937919104688,20.500247229188,21.0061304040512,20.3668991185145,20.0237392804941,21.211350794047,20.3232742933111,20.5886574855291,20.3866727325245,NA,20.6556738384954,20.6273550074331,19.7837657420982,20.4886564265932,20.0940497364011,19.5968034383093,19.8121373376959,19.834305846036,20.1431417833054,20.1643634678815,21.0994484255776,19.9429293058271,19.7674637401376,21.0224262082903,20.0126097278933,20.1597350886839,20.3783979510569,21.684908957638,20.712992209842,19.5255521170056,19.8093942290323,19.9069121113275,19.8153287214474,20.0318838612644,20.3834046447449,20.4879259814172,19.7821551316508,19.5274039001716,-0.478097109051408,-0.808378398236857,-0.147815819865958,20.3536600369408,-2.91543250337231,-2.19987766645081,0.00551742442982837,0.416167334657996,-1,0,0.0832397367870492,0,0.0436768724833705,-0.284675280652557,0.372029025619298,20.3536600369408,0.267906042559666,-5.91509392375851,0.78999475518886,0.942866632673364,0,0,0.989756917111209,0
"Q14061","COX17_HUMAN","COX17","Cytochrome c oxidase copper chaperone","=""COX17""",18.8313315893459,18.3064682062401,19.2312277759002,17.3482386350763,17.6199654067898,18.454072888969,18.0646736748777,17.951071785651,18.2343485140964,18.7747274581355,17.8192436757826,18.6002982320344,18.5394697296055,17.665732447194,19.2365675995663,18.0232318880171,19.603980517581,18.1274255151236,18.6231664133384,18.5387440912066,18.0995009730882,17.7443521561928,19.0838499462258,17.9139905655797,19.2631873143721,17.9162896870357,17.3672034627187,18.4651687380991,18.4108499809902,18.9651404489827,17.9722836652432,17.5621689215448,18.3932036248073,17.6560391274494,18.6982555720451,18.2164127994177,19.236419444386,17.9244327566307,17.96118880875,18.7900380575076,18.0493751298915,17.9905853509808,18.6603812214763,18.2911470537322,18.4935680782962,0.0914103158672432,-0.280717870287258,0.463538502021744,18.327089309555,0.494439835761424,-5.4800873342719,0.623346664089318,0.934833173270874,0,0,0.957714739799017,0,-0.150038805759522,-0.519998136207973,0.219920524688929,18.327089309555,-0.816319975429315,-5.64883009422635,0.418520830858471,0.814231438285388,0,0,0.877491427243281,0
"Q14103","HNRPD_HUMAN","HNRNPD","Heterogeneous nuclear ribonucleoprotein D0","=""HNRNPD""",21.7634845727738,21.371555569292,21.6016872384148,21.7385123305848,21.7473581842828,21.4768801210569,21.5101514131734,21.655202180414,21.4122771223834,21.3716386103741,21.3344435652681,22.0504172411749,21.4270540059677,21.6305911685734,21.4918212297304,21.7269358017793,21.1043906820338,21.3150754260529,21.7480436881565,21.0352275804422,21.7175174108042,21.4783329551559,21.5866505287904,21.1335532442336,21.3505981312227,21.4149843210327,21.7086378161382,20.9006146383475,21.5758349918402,21.5785097314069,22.0977155593874,22.5372050726855,21.3273283873854,22.1214811025722,21.9086838775775,21.6744198104799,21.1780556709603,21.4840630076567,21.3741299574937,21.5341878668383,21.6209544454613,22.2614454784934,22.0354099305379,21.6096801937436,21.9023392252477,-0.142161043580568,-0.349978781377451,0.0656566942163143,21.5916684686094,-1.37692029060326,-4.77107627400517,0.175195476742586,0.727577717533431,0,0,0.78065370367614,0,0.352812842605584,0.146206318318478,0.559419366892689,21.5916684686094,3.43725033992281,-0.979042317645528,0.00125657437972226,0.129718647276076,1,0,0.094745009399423,0
"Q14108","SCRB2_HUMAN","SCARB2","Lysosome membrane protein 2","=""SCARB2""",NA,16.2543004112778,17.8400049788546,18.2310049958949,16.9306161218505,17.6150010881016,NA,17.0938198665507,16.0042225155045,17.2240927993878,NA,16.840874935113,18.1647612729706,NA,18.1863552983136,NA,NA,17.2964267693464,17.8276538496792,NA,17.1223455793949,17.154170383839,NA,16.7515369051949,17.0399111319458,NA,18.0005089619001,17.6612437598211,17.5544755798939,17.1822610559919,16.9705875248008,NA,17.1543822320213,NA,17.9181823934594,NA,15.9913812871429,17.1953468394219,NA,NA,16.8850684296484,17.2826956449951,15.9829423727104,16.8657160543837,NA,0.0572238683005182,-0.433338719202697,0.547786455803734,17.2073963679804,0.23789543230582,-5.41700550688444,0.813525544139772,0.948679518362231,0,0,0.988259716551546,0,-0.459319382204534,-0.971076222179836,0.0524374577707689,17.2073963679804,-1.83043550349508,-4.28522933942087,0.0768015190038069,0.506860570999739,-1,0,0.307630045428491,0
"Q14116","IL18_HUMAN","IL18","Interleukin-18","=""IL18""",NA,15.5896670793873,NA,16.1318250518386,17.5697245202936,18.5234372200249,17.7010959325161,17.8677727150847,16.6713642499091,NA,17.5783554652889,17.0845194703939,NA,17.4111718970874,15.301460296082,NA,NA,NA,16.8108984124916,NA,17.1068430823241,NA,17.2164764938814,NA,15.6679326567494,18.1102021187184,16.9031450492506,17.1806683416454,17.0085596819176,15.8939231414728,17.8626159824727,18.1932707609156,NA,17.4137325610076,16.443359312509,NA,16.1462365750426,NA,17.2773913973942,NA,NA,NA,17.9747653404025,17.5896901514249,15.8228570156297,-0.163573282049605,-0.838411752075244,0.511265187976035,17.0363090335571,-0.494995615125295,-5.31641694402115,0.624204398028365,0.934833173270874,0,0,0.925808016324303,0,0.405110858414748,-0.296833646894137,1.10705536372363,17.0363090335571,1.17858231840157,-5.10868363955781,0.247815917982365,0.72771949909063,0,0,0.568270562996615,0
"Q14118","DAG1_HUMAN","DAG1","Dystroglycan","=""DAG1""",19.743284524362,20.2787094706479,20.5330961384539,20.4837617601174,21.4974239617788,21.5355805014596,21.2885791177297,21.3413904999751,20.8956827554597,20.5442063115772,20.8006242589068,19.3883613918956,20.4473052549599,20.9486336869462,21.0287983027925,20.805370643402,NA,20.709878575891,20.5612255982657,20.6233308770007,21.5372453024455,21.4300108778664,21.5992927159043,20.7988862549371,20.5033154533833,20.6588808469824,21.0807872810761,20.2120629685014,21.2206120759767,21.0379714716277,20.980453887548,19.2299476550805,20.5350970189679,21.1015396959249,20.2036903289095,21.2418556983452,19.7150555946669,21.1629456694814,20.8622549287586,20.1205633311997,20.1007364817115,20.60552780821,20.6618253664363,20.7064834546628,21.2702579518092,0.186826588377905,-0.178413164389426,0.552066341145235,20.7280123580008,1.03022358482132,-5.1135887142203,0.308405712863484,0.816672111158051,0,0,0.802702256022044,0,-0.326613293802811,-0.689719722046916,0.0364931344412932,20.7280123580008,-1.81163525954219,-4.44168235378617,0.0767134567758091,0.506860570999739,-1,0,0.432298993981251,0
"Q14141","SEPT6_HUMAN","SEPTIN6","Septin-6","=""SEPTIN6""",NA,18.7831844404868,21.2649084189295,14.7053822106313,19.2562417317356,NA,19.1833541257855,19.5870468741662,18.4742252020567,NA,19.5102584509638,19.4999392657277,NA,20.7346817906811,17.4673070938956,19.1909956313409,NA,NA,18.8003736565375,NA,19.0858595260863,19.0570495084835,17.3330191174867,18.5705558690467,19.0715660690654,18.2834705935324,19.456262065677,NA,17.3648257103946,18.2373543505698,19.5794271782452,21.8070176851693,19.3037324048807,21.4540250062001,15.6509970936015,19.0554716795372,19.0613306707584,20.6846456905064,19.549262566776,NA,20.2712522729543,21.5076436320502,19.8599151974301,19.4845756968734,22.4424436468508,-0.370536458433744,-1.52442055131829,0.783347634450799,19.2397111701421,-0.650628709845489,-5.2841424397714,0.519301907888972,0.896077533266722,0,0,0.784427308243818,0,1.4116621290155,0.324685355782407,2.49863890224859,19.2397111701421,2.6313278549705,-2.88921252977737,0.0123237327045243,0.282187558578439,1,0,0.00201731244715058,1
"Q14152","EIF3A_HUMAN","EIF3A","Eukaryotic translation initiation factor 3 subunit A","=""EIF3A""",19.4876333666965,20.3189919152679,20.5684678183381,19.9498791499724,20.0394902370093,19.7572531576982,20.5050081767083,20.256334178259,20.6907947796979,20.1879605962256,20.6101917943041,19.9522838437538,19.411585207587,19.8655382698103,20.2259164921467,20.2034200939427,19.9216956679347,20.4564427215893,20.1430518425763,20.2318336995494,20.227009890747,20.1112479447392,20.5939045027365,20.5741146346896,19.860538684673,20.3616289485714,20.1534093896742,20.189278127713,20.1920178581401,20.3480762267272,20.5133690501913,21.4640409416455,20.5462110615302,20.144070219531,19.6904543864968,20.3431413670674,20.0915577967067,20.3367247593534,20.7087785562693,20.3262304833777,20.4706974570129,20.7364047673342,20.330314917753,20.4659919151679,19.7365346469772,0.125521316254062,-0.118063015177025,0.369105647685149,20.2511004787532,1.03723925801663,-5.1196034562648,0.305041440852285,0.812301364966197,0,0,0.861541185205725,0,0.155790139494069,-0.0863745218158475,0.397954800803986,20.2511004787532,1.29491126370698,-5.17873300675561,0.20180706634436,0.690148744397553,0,0,0.779320211989579,0
"Q14157","UBP2L_HUMAN","UBAP2L","Ubiquitin-associated protein 2-like","=""UBAP2L""",NA,NA,NA,NA,NA,NA,15.5722563167404,15.4969977803386,16.9050597349701,NA,15.6414953452582,NA,NA,NA,15.4987360191727,16.3821519532449,NA,16.7552936338843,15.1437569491565,NA,NA,16.083662590164,15.9890645895466,16.6025577595987,NA,16.1491280630237,NA,16.876222790089,15.0697177100277,14.1504006962432,16.8428684662299,NA,15.9009321741744,14.8543592964823,17.4345507759958,15.3523820576961,NA,16.0348368405148,NA,15.6369803136515,NA,NA,14.3382964539356,NA,NA,0.0893222027377263,-0.749757319123626,0.928401724599078,15.857030796093,0.21968754862065,-5.24394842503819,0.827969167449328,0.951343256582596,0,0,0.983279182472126,0,-0.168032951575981,-0.88857919609604,0.552513292944078,15.857030796093,-0.481262183839739,-5.62113131921935,0.634681646265167,0.893831538949533,0,0,0.926451932924946,0
"Q14165","MLEC_HUMAN","MLEC","Malectin","=""MLEC""",20.2934518382078,21.2023898722714,21.6860311150489,19.9637367139822,20.3733238419675,20.0919752194797,20.7668044838945,20.912334516935,21.1871109449528,21.0012383637614,20.9085602690487,20.0240793740139,19.5849355702651,21.1628002937673,19.8909370073903,20.7473894906508,21.3753732468029,21.5155001552631,20.9890666648511,20.8968840663592,21.0003409767073,20.719738863988,20.5547161075907,20.8438474439168,20.8021271234785,20.8350942425486,20.2965752790894,20.3985346409657,20.7863211934332,20.1963921747917,20.5907623265249,19.6904174497694,21.2348687254803,20.3672935311131,18.9348764173028,20.550123362389,20.6367543877369,21.0246355103632,21.0971640733885,20.8885742340476,20.8852216448245,20.4881083674584,20.498291681447,20.6689304621331,19.9355362015577,0.195335025631667,-0.147356742770993,0.538026794034328,20.6333148771324,1.14732712478146,-5.01667799740612,0.257173641377659,0.782013090941701,0,0,0.767002128770544,0,-0.29775621966003,-0.638450695127165,0.042938255807104,20.6333148771324,-1.75916493842441,-4.53667791730295,0.0851938096288493,0.523957291029147,-1,0,0.480310787940582,0
"Q14195","DPYL3_HUMAN","DPYSL3","Dihydropyrimidinase-related protein 3","=""DPYSL3""",21.2821944279764,21.078188727563,20.3316322884389,21.9759533113422,22.4181092811234,22.0724329604939,21.6648627987107,21.7443009138278,21.2456838887279,20.9244092164005,20.4264944741374,22.5789116242055,21.1384282536597,21.011204568838,21.3175805873848,22.1287787331239,20.2042405458016,20.6729264149352,21.9142485385572,20.5238491480161,21.4396797378642,22.5715781787414,21.7649241457364,20.5252277233209,21.3104502069075,20.982576026058,22.405160799457,21.2768766558425,21.3977054807724,21.9341059753021,22.3411382919509,20.3810032875418,20.2145496822762,21.3357508945714,21.6946693355413,21.5831274644951,20.7207920887603,20.4653779258192,20.5134189146538,21.0672536540929,21.3763865393117,21.3387241179612,21.6003627216143,20.7257527619202,21.8483812149895,-0.0152571569740303,-0.437619151129272,0.407104837181211,21.3215423228615,-0.0727109121330077,-5.58516201716082,0.942351128291234,0.983220575615884,0,0,0.999094481043369,0,-0.25637596099579,-0.676276324306809,0.16352440231523,21.3215423228615,-1.22897163911112,-5.25542748829132,0.225326899748234,0.710460443550504,0,0,0.682459402411966,0
"Q14203","DCTN1_HUMAN","DCTN1","Dynactin subunit 1","=""DCTN1""",18.1780710599336,19.4464568811326,18.6685747164803,20.0430899789587,18.765675033769,19.2126635697967,19.2222333470202,19.1889008906324,19.4626721590696,18.7483746135717,19.2419995632432,19.3766739659264,18.7430824586254,18.9822871829512,18.9510042244636,18.9917125071626,19.3851003295011,19.3875675034214,19.3815751797133,18.9012494036636,19.1605072901811,19.2442099613885,19.7655326047813,19.22934848363,19.0680578858974,19.1644339861825,19.2009589915887,19.6977785809064,18.9684011879876,19.1696894799896,19.3415276407726,19.5312671272932,19.4379124113807,18.7076566300258,19.0568668285568,19.1788953234137,18.9403358299306,19.0468503044243,18.9742074300105,19.1642761961808,19.28544835053,19.4179386522868,18.6994594985835,18.7347821891811,19.2322364207492,0.169344530035787,-0.0645333352116212,0.403222395283194,19.1488343078864,1.45744730662929,-4.67528049010217,0.151780363531023,0.720861261794311,0,0,0.726680219438662,0,-0.131097502845023,-0.363612269672495,0.101417263982449,19.1488343078864,-1.13489240455445,-5.35836161841879,0.262294387759413,0.741757591163142,0,0,0.839082549361791,0
"Q14204","DYHC1_HUMAN","DYNC1H1","Cytoplasmic dynein 1 heavy chain 1","=""DYNC1H1""",21.306070942018,21.6936667367602,21.8937811503828,22.1650062175711,21.3255736262892,21.2304734792592,21.7669699469704,21.8879880327322,21.3982180833214,21.2694850745013,21.6759291397946,21.5632826001201,21.1986703192103,21.2625407795552,21.0986457031653,21.5673862840051,21.5893787214656,22.235250227718,21.778758226674,21.6425619459078,21.5358712040764,21.5315264978803,21.7435742939436,21.4545209326468,21.4641336775792,21.7213531825614,21.8608142894853,21.4809184110267,21.7033621892211,21.469846192775,21.9694648223151,22.3169388727146,22.1077413771205,21.6303728608134,22.3906388959452,21.3316468504089,21.5799119576682,21.4671549829189,21.1953769857938,21.7083719068498,21.690440187726,21.7479312034306,21.2100490491563,21.3254398305109,21.2186464430219,0.141555680265473,-0.0704090525411452,0.353520413072091,21.6090152074447,1.34423284613113,-4.80854957426596,0.185459433974246,0.733010065782738,0,0,0.78780091247488,0,0.00739132996185887,-0.203338019615717,0.218120679539435,21.6090152074447,0.0706005970245463,-5.96245046328487,0.944021411725948,0.986673428033922,0,0,0.999574302494124,0
"Q14240","IF4A2_HUMAN","EIF4A2","Eukaryotic initiation factor 4A-II","=""EIF4A2""",22.6479765973937,22.4171666770361,22.0939207781753,22.7549411753643,22.5569654234383,22.9380972961372,22.5050937138516,22.5031253221236,22.2940469431698,22.642020294929,22.2680336332409,22.6218462081236,22.6765381093417,22.5706289055638,22.1638908196457,22.5259016049551,22.2954091755518,22.4968942996219,22.7031478910807,22.0553483466454,22.2602402584479,22.5291781371084,22.7984426301549,22.4752614358875,22.621070768195,21.5469179226851,22.0720084394435,21.4584955788346,22.7352784476071,22.3762575540675,22.685949006136,22.3780005132847,22.4144023592141,22.5916007180886,22.6692078845208,22.7903584388141,22.4316681725041,22.3597983620132,22.1110394115407,22.2162115959441,21.9031375376963,22.3216141526173,22.3653140541245,21.7685869765621,21.8875967121601,-0.183620763724644,-0.406020632599519,0.0387791051502317,22.3888584507343,-1.66187392017166,-4.41036987633603,0.103333035529909,0.677921921677188,0,0,0.659164555893799,0,-0.00369110633770831,-0.224794773412826,0.217412560737409,22.3888584507343,-0.0336024869753658,-5.9642926137267,0.973339396395674,0.993453998255636,0,0,0.999900262262659,0
"Q14249","NUCG_HUMAN","ENDOG","Endonuclease G, mitochondrial","=""ENDOG""",17.5548078474015,20.1710609624859,18.7463073323625,18.8325751992855,20.0346074630097,18.893956995394,18.8621236414749,19.2380106756304,18.1349707979942,19.891443729478,20.3751888711092,19.9349323854569,18.6882443179489,18.563797336787,20.1677046752326,19.0293529933273,19.578163388725,19.6493340975512,19.7118813897804,19.7992333706982,19.5890933942109,20.360001536381,19.5524670475369,17.7747974078043,20.0576345683603,19.9011407344905,19.4052138128905,20.8224138051084,19.8093191672067,20.0905578783164,18.9229159375159,19.3706210981481,19.1975293256146,19.2260922220006,17.7726462022726,19.4581712607213,19.9455864760319,19.495393114069,18.3450583795739,19.978727405558,20.2877836969204,19.7769029632328,20.2559616497597,19.2700035881621,19.8831141367624,0.451955028644093,-0.00778280717725793,0.911692864465444,19.4312632062174,1.97877213381057,-3.9410004220617,0.0538414400809022,0.573502080861745,1,0,0.2670064773031,0,-0.262939809069643,-0.719998178337245,0.194118560197959,19.4312632062174,-1.15796514543885,-5.33382884634969,0.252849995971046,0.731611920386068,0,0,0.696608706843892,0
"Q14254","FLOT2_HUMAN","FLOT2","Flotillin-2","=""FLOT2""",NA,NA,18.9430403113083,18.5917144242916,18.2643713544371,18.9423653167204,NA,18.2640659918837,17.7552037405252,NA,17.6360056816777,17.821534481806,18.4098838862945,18.5269483805554,18.2979448714039,NA,NA,18.5525251708321,17.6792638470492,NA,19.1570255122867,18.4407564542211,18.121810140486,17.8631724932152,18.0037990626546,17.6004231824663,18.1250470463922,18.4080046783396,18.0133539915298,17.215514920462,17.3449809134408,17.9486698171564,18.4543734948602,18.3348603957436,NA,17.6524964633238,NA,18.0551219097628,NA,NA,17.7423093131131,19.0873602149389,18.2927613018758,18.9581370386293,19.9555607641269,-0.219029452867343,-0.666781995530897,0.228723089796211,18.2488354872885,-0.993036961071925,-5.06337659811828,0.327500121979113,0.826372714395847,0,0,0.783099655042843,0,0.265397957596711,-0.179443961110647,0.710239876304069,18.2488354872885,1.21113575884432,-5.16707720322836,0.233948506361009,0.714839559457683,0,0,0.680089093177006,0
"Q14257","RCN2_HUMAN","RCN2","Reticulocalbin-2","=""RCN2""",20.3987321614877,21.0672451420098,22.4813905800761,22.0031313455615,21.6551370718803,21.6892649022051,22.2201732343992,21.1373900573759,21.6905344679978,21.705937022777,21.6129351555962,21.3312518611206,21.1627276571451,22.0172730849662,22.397230655145,21.6413934303118,NA,22.1515434122663,22.132234811141,21.8428452932973,21.4678627132979,21.6645571748522,21.9131796162631,21.2961300278058,21.4267148026262,21.2714081818273,21.8927436054441,23.0306524731768,21.8794175312313,21.9106183605138,21.9119773693803,21.2070607915976,22.081549340919,21.651592198222,22.6228785683401,21.3780046175895,21.7869316234178,21.5244321576764,21.3443109953161,21.2548538049201,21.8749138333459,21.4481500121062,21.3682848104945,21.5674054120573,21.7055027857389,0.181472030179766,-0.138233603202886,0.501177663562417,21.7004432762482,1.14322115875456,-5.0089647149378,0.258986960793982,0.782382448374689,0,0,0.782575683528792,0,-0.163413231352639,-0.481251499907828,0.154425037202551,21.7004432762482,-1.03550422795794,-5.44418291291793,0.305961270436473,0.754001885643784,0,0,0.824045312930475,0
"Q14315","FLNC_HUMAN","FLNC","Filamin-C","=""FLNC""",27.3713156524291,26.954980011322,26.8322777348536,27.8346621049555,27.2771310643781,27.2681893914404,27.3839431519012,27.3873435382428,26.7692467759263,27.234391998676,27.2212911332969,27.4407422498542,27.1694215589452,27.0441787063092,27.1561047259307,27.2895488946191,27.4121360553756,26.8420327511909,27.3555693314177,27.3548216539665,26.5186518296613,26.9485788587159,27.2291280568651,26.7686726837211,26.4811197688531,27.1238772215803,26.8721478553118,27.2562554695643,27.4424454598598,27.2898228544473,27.3403678381676,26.9937620827024,26.8811143021498,27.6722549724722,27.7373406183512,26.9961366937429,27.3019528529777,26.7933221307449,26.9191207209165,26.569283740305,27.2462745781851,27.0450556703288,27.2241746745394,27.6028067344205,27.4021198386933,-0.141855927456376,-0.349313590451621,0.0656017355388685,27.1612247998291,-1.37634977497593,-4.77173735077891,0.175370789510959,0.727577717533431,0,0,0.781179531779186,0,0.102685246903171,-0.103563301187877,0.308933794994219,27.1612247998291,1.002138995083,-5.49042332771103,0.32151450225187,0.770278296837939,0,0,0.890013857285166,0
"Q14324","MYPC2_HUMAN","MYBPC2","Myosin-binding protein C, fast-type","=""MYBPC2""",22.8424701769099,23.854252704944,22.2955956917578,21.0944573686042,19.6142855257347,20.3768601313938,23.7588760353372,22.2593408888365,23.4842871237321,22.8818053568264,22.7308375864652,21.5706835732393,21.9404272814951,22.5681248974518,20.2561157653445,21.131385215434,22.2653846735095,22.4769628582285,20.8343913266853,22.3738043959174,23.3448482417193,20.7505679638558,22.7288078675673,23.0998305678493,21.4274745581978,22.0345295623013,20.6318000957892,21.6814464376052,20.3406191760467,21.4660032146322,22.2489903479528,22.7591450757972,22.9504958907917,20.4854998779411,20.3527301750454,22.9213186147948,22.5517926860622,23.4483508395652,23.0931403339823,22.6987453023685,23.183987703886,22.4215835820216,21.1286380461319,21.0105895961075,19.8166178416658,-0.302333982743633,-1.01653468719267,0.411866721705401,21.9819533817228,-0.852074367633541,-5.27039801994245,0.398583419723632,0.867495161100663,0,0,0.757222286261816,0,0.298917983918358,-0.411120181032885,1.0089561488696,21.9819533817228,0.847385759811752,-5.62452194192357,0.401163744302922,0.805884259633412,0,0,0.761071948712562,0
"Q14353","GAMT_HUMAN","GAMT","Guanidinoacetate N-methyltransferase","=""GAMT""",23.2804763501261,23.4184697235791,24.0247928877651,23.8774007326072,23.9419281898063,23.9162447185282,23.633796678736,23.3498912243689,23.9683900882147,23.4866456103506,23.4727386273066,23.5947631405033,23.3372660635707,22.8666506643335,23.7276952680872,23.6144243743011,23.2128211266929,23.8705894438121,23.6854071957824,23.2763925477937,24.0080661539986,23.7051945763267,23.6550484354399,23.7987958396894,23.4928478514887,23.1687038498156,23.6434722370622,24.0858826924398,22.5778679038314,23.5164155220505,23.5931559546204,23.2439042091251,23.6163496075257,22.9184984676536,24.2656942788806,23.79236992729,23.1697604709577,23.6318855345875,23.8042956397905,23.4052063633159,23.4415557787279,23.5860368615693,23.1452583051627,22.4545294468372,23.3738033592177,-0.0373310195373406,-0.280275367125099,0.205613328050417,23.5255863094149,-0.309295685462536,-5.54538613715026,0.758492055555433,0.948679518362231,0,0,0.989733909066719,0,-0.124641703017538,-0.366170110469282,0.116886704434206,23.5255863094149,-1.03873787268399,-5.45557113935573,0.304351223750542,0.754001885643784,0,0,0.862197951546879,0
"Q14558","KPRA_HUMAN","PRPSAP1","Phosphoribosyl pyrophosphate synthase-associated protein 1","=""PRPSAP1""",NA,NA,NA,18.5696410847985,16.5713351356811,NA,NA,17.0089257285419,NA,NA,17.4994558860321,NA,NA,18.0571307572904,17.6741426996702,NA,NA,17.3915779101266,17.2870586412822,NA,16.6242999203316,16.2349912772094,NA,17.1203091478436,17.0557672615453,NA,NA,NA,NA,17.2320126838132,15.8791410996742,17.2267780572465,17.988350176524,17.7431868741078,19.4791437701952,16.4514934897058,NA,NA,NA,17.9281328877403,NA,NA,NA,NA,NA,-0.51660148005649,-1.34148942120986,0.308286461096882,17.351143724468,-1.30224244337277,-4.63512405967157,0.206908890158163,0.74423025803658,0,0,0.443129330615637,0,0.559295559736981,-0.228269575182712,1.34686069465667,17.351143724468,1.47667881463962,-4.68286966247351,0.15457278460011,0.650053360268424,0,0,0.351953837249358,0
"Q14697","GANAB_HUMAN","GANAB","Neutral alpha-glucosidase AB","=""GANAB""",19.4116127648291,20.1805788260379,19.9117880185187,21.1723481522715,20.7643226237075,20.9932494963718,20.7933508278089,20.3089620325793,20.468207672974,19.901402265714,20.0405339554624,21.0510951747482,19.8952451043704,20.3613086742625,20.5529445158591,20.3264586458013,19.8694315687944,20.385540586166,20.6445962893178,20.450339038339,20.4939101225404,20.5927035839543,21.1008472057696,20.5129267650807,20.7659131064085,20.5737516346744,21.6910995625001,18.9075571344869,20.333990877848,20.6997511501627,21.037858532162,21.4427508068359,20.2095514153005,20.8903577994906,21.0139128402084,19.9751282735994,20.1817945005499,20.3362686521324,19.79456649597,20.5592707310487,19.7930499402472,20.8937055227117,20.4681891084465,20.6511512782552,21.0919206787632,0.110902332085491,-0.243282399382984,0.465087063553965,20.4776720878462,0.630262769312659,-5.41330173635607,0.531638563884952,0.899103645978957,0,0,0.932331220198874,0,0.0660439535918549,-0.286076501091302,0.418164408275011,20.4776720878462,0.377531000958505,-5.89683572875838,0.707513840138851,0.91965387796718,0,0,0.977408026934644,0
"Q14738","2A5D_HUMAN","PPP2R5D","Serine/threonine-protein phosphatase 2A 56 kDa regulatory subunit delta isoform","=""PPP2R5D""",NA,NA,NA,16.1545433237737,NA,15.7136248662221,15.4695482727093,15.3672803457633,15.5181067937031,NA,NA,16.4794710245925,15.7175168700923,16.1304626460091,15.5322451656022,NA,NA,15.9231940573758,15.7458529751252,15.1124956219595,14.1456506195529,17.1435628648326,16.3194782175144,15.7276442696861,15.9116021961966,16.0176241175224,14.806156318254,NA,15.6109271616493,16.3165112838956,16.6644552813198,15.6336790923248,NA,19.403535780052,14.522227425706,17.2937282720562,NA,NA,NA,NA,15.3168030819532,15.2429854358063,14.6497932783245,NA,15.0938773401157,-0.0753823778899019,-0.872833288724132,0.722068532944328,15.8228194666563,-0.192783201986235,-5.41781783673244,0.848384567711811,0.95848719206779,0,0,0.987682030487053,0,0.303115473442231,-0.48945318894479,1.09568413582925,15.8228194666563,0.779963941008464,-5.51304000019455,0.441319092117598,0.822236277634361,0,0,0.780403217642068,0
"Q14847","LASP1_HUMAN","LASP1","LIM and SH3 domain protein 1","=""LASP1""",17.5702572869205,NA,18.0121554099556,NA,17.4053931057003,17.5194637103299,19.4087767677376,18.94579576146,17.6341610026069,17.9967643778542,NA,NA,NA,17.9601350767395,NA,17.7490795793364,NA,18.1236732115463,17.5628448168803,17.4011530598405,19.1028074835884,18.4259301050837,17.5549142995905,17.8387000812006,NA,18.4783754263238,19.433372737323,NA,18.2030890019092,17.8583101120128,18.8582817111793,18.7711516359313,18.2071258495458,18.9636670187382,NA,18.6025991384909,NA,19.0615185570495,18.3998728377096,17.4954049927174,18.8783698221913,19.0444138951999,18.9451289602537,NA,18.8343258710766,0.0596899984754131,-0.407207066858672,0.526587063809499,18.3105155364856,0.259798780668933,-5.40579702457645,0.796583898132146,0.948679518362231,0,0,0.986516855127963,0,0.522771312618005,0.0924497631134205,0.953092862122589,18.3105155364856,2.46873990533695,-3.2252399723664,0.0187364898955514,0.335312465394915,1,0,0.1250290583635,0
"Q14914","PTGR1_HUMAN","PTGR1","Prostaglandin reductase 1","=""PTGR1""",22.077320979576,22.5371272366118,21.8808547177485,22.7821658020993,21.1250282361627,21.9433415415777,21.5803640077679,22.1638629813764,22.479638187762,21.9740579357594,22.1884232056523,20.832709918322,22.7565287248972,22.509144917168,22.3743735298761,21.9549003124825,22.7425578117731,22.2564714407434,22.1923583077175,22.9124432145865,21.9301314841804,21.4577799108832,20.9526622302434,22.553418026655,22.7812732589113,22.4372119487129,21.7123915995468,22.8440423546803,22.1050983272564,21.7069795445999,21.8783399982999,21.0954555292691,22.1937890810177,22.1731086170488,21.6090394199501,21.4871307667636,22.9558153356141,22.5712890674469,22.0766852671022,22.3861296857209,21.6488914703386,21.3159913733947,21.8908352977625,22.1953739918922,21.6243713704449,0.0793218942483307,-0.28637092451434,0.445014713011001,22.0632646214977,0.436603743156875,-5.50368902658388,0.664439508294475,0.942492860389654,0,0,0.968092442627199,0,-0.229164900060415,-0.592726370040207,0.134396569919378,22.0632646214977,-1.26876461828215,-5.20958932255922,0.210902316400456,0.701115954106001,0,0,0.700008268714681,0
"Q14974","IMB1_HUMAN","KPNB1","Importin subunit beta-1","=""KPNB1""",23.4720452310995,21.899134719572,22.300140882722,23.564183831615,21.8624337555182,22.2175748238784,21.5731720836423,22.0799429978695,21.7662432085131,22.1003198675339,22.2498621817116,21.1749300545135,23.2240950085918,22.9424155310121,22.7898949919476,21.6898788226954,22.097753427216,21.6811683535874,22.1840353254041,22.3645983822862,22.2712983042343,21.9091679204749,20.7417885108706,22.6920045522961,22.4586431450287,22.6051490982719,22.764484303872,22.6671172455722,21.6601570508846,21.7480849472605,22.1036295912497,23.0698760442521,22.0489225775349,22.9796432636033,24.1959234992504,21.84045083167,21.6963723278432,22.7558836205168,21.8583538694155,22.5465000284981,21.7476886868492,22.2347970277528,21.5956348667821,22.2535537850244,22.8235865383111,-0.245917637542931,-0.693547956654052,0.201712681568191,22.2778341137389,-1.10581122289234,-5.05664021828856,0.274553146510217,0.794236235660287,0,0,0.727693233673173,0,0.281032477906582,-0.163988940272209,0.726053896085372,22.2778341137389,1.2711195819407,-5.20683408094922,0.210070783722578,0.701115954106001,0,0,0.645004494827561,0
"Q14BN4","SLMAP_HUMAN","SLMAP","Sarcolemmal membrane-associated protein","=""SLMAP""",20.173842339451,19.9387968459602,20.0089789239255,20.9288555998835,20.0656495002321,20.7760268874974,20.4469925139952,19.782639762369,20.318438520481,20.231416399376,20.4723235239474,20.8584766704715,20.6051581796245,19.9916293406945,19.3649807811544,20.0032407308566,20.5527904862055,20.4295228578939,20.3786414125315,19.5580105552206,19.7747890949025,19.9452661218354,20.3114559726889,20.2913733709229,19.7818007976737,20.3155853815625,19.9955369671664,19.9720428926097,20.3302894960588,19.6917840517907,20.5695211540482,21.8772693903448,20.23066181386,20.1944651878216,20.8410818137469,20.2991621537924,20.1917303585542,19.4501120216315,20.3314322342621,20.1561916986697,20.5255735713147,20.700668185224,20.2377878097037,20.8873411481073,19.3667799746485,-0.169465538564129,-0.474557188314509,0.13562611118625,20.247913655438,-1.1180516960814,-5.04500162008044,0.269344927394835,0.794236235660287,0,0,0.800676300973777,0,0.301843221720667,-0.00147027794582044,0.605156721387154,20.247913655438,2.00309016024383,-4.13157552307407,0.0510749474171119,0.429114709889593,1,0,0.407456564660552,0
"Q14CB8","RHG19_HUMAN","ARHGAP19","Rho GTPase-activating protein 19","=""ARHGAP19""",NA,19.268973668988,21.8707196705263,NA,20.4451418522748,18.8246508953663,18.8165293783991,19.9836550851083,NA,19.921953845707,19.2372252319266,19.3385413845507,NA,20.3373634421912,NA,NA,NA,NA,18.9529970877045,20.604687178246,19.4929711651523,19.868885153396,NA,NA,18.796254678263,NA,20.0463669236883,NA,18.8431216696638,18.6789224667334,NA,NA,19.3744702706955,20.5756130340415,NA,NA,19.8743179630744,20.5082205536888,20.5265604173265,19.8106433466745,NA,20.8388939041486,20.2896207564414,20.4798821874571,21.5298152867877,-0.419034062608365,-1.08515976470035,0.247091639483621,19.897749946365,-1.28649639298133,-4.72213060740354,0.208431575431131,0.74423025803658,0,0,0.518349296315123,0,0.965248111045682,0.303091248567767,1.6274049735236,19.897749946365,2.98121647380377,-2.18730114314353,0.00575796852807557,0.235314871610749,1,0,0.00688817480338703,1
"Q15008","PSMD6_HUMAN","PSMD6","26S proteasome non-ATPase regulatory subunit 6","=""PSMD6""",19.9186406814898,18.6776147999255,18.2642180863004,18.9472973094535,19.0286986946224,18.8731208957154,19.1403416452676,18.6344285363283,19.0245396603087,18.3035121596361,19.4331699092917,19.5668346051252,18.9124720084525,19.4358300692879,19.1905751969485,18.9677687631652,NA,19.0531727625402,19.0400104751224,18.7080759558587,18.9031037599121,18.7160162227574,18.2608459094879,18.529568574355,19.3043267078738,19.1595611172783,18.9181671304088,17.5594566624787,18.7292310055734,18.699006786418,18.87643603553,18.9174814425044,18.8040939265121,19.3967975940373,20.3681688301143,18.8812725407623,18.765342857431,18.6670548388846,19.3377133332372,19.4964022642271,18.8886036372593,18.6694501657195,18.4151136738985,18.4321899786588,19.0990489322826,-0.270334863214597,-0.589008900275474,0.048339173846281,18.9298812759646,-1.70854420555631,-4.33757937114908,0.0944191291996308,0.657193415298184,-1,0,0.528351546305663,0,0.252296602084947,-0.0645160955871424,0.569109299757036,18.9298812759646,1.60390878731017,-4.75812172971319,0.115724365542691,0.592269018217838,0,0,0.580370409478275,0
"Q15019","SEPT2_HUMAN","SEPTIN2","Septin-2","=""SEPTIN2""",18.011205816769,19.7733935115824,18.385850779764,19.4979651134306,18.9408617821557,19.2849935293865,19.5157565979142,19.2255708347438,19.1149354410972,NA,18.5288296010686,18.9673126598537,20.9683275605494,19.1122107554703,19.4329940819552,18.1666362310697,18.7359550334481,18.6927741356694,19.1741767095859,19.8721762947714,19.152730683147,19.4827784545151,19.1724219739495,19.3336704592059,19.4859609685958,19.0144835375908,20.4425860031942,19.9770278711492,19.017665471168,18.8783290174112,18.9882925479621,19.4904301888943,18.8253130513794,19.0753789162344,20.1350622458263,18.8065710279893,17.8157359681249,19.6384876134821,18.7563535213931,18.6676779241561,18.1173573873256,18.3021061869322,19.0426287844336,18.2334833301197,19.4746891862727,0.0562744476160795,-0.361364550420499,0.473913445652658,19.1074806543349,0.271382000983216,-5.5408870918496,0.787337224813078,0.948679518362231,0,0,0.986634972580005,0,-0.348653664263018,-0.757011052720338,0.0597037241943009,19.1074806543349,-1.71958901038681,-4.59848560828891,0.0923730080196873,0.537339073041768,-1,0,0.435846440760866,0
"Q15046","SYK_HUMAN","KARS1","Lysine--tRNA ligase","=""KARS1""",20.9860087498595,20.0299664672642,20.2208727439475,20.4061938726284,20.2729135330357,20.4472086234433,20.3253098635439,20.3248686174119,20.223199947058,20.4012765786414,20.4770039845277,20.5481374284126,20.6228229977495,20.6820753431568,20.3917815428778,20.4213463435267,20.115498076327,20.286332264125,20.3602091700094,20.3117808906285,20.6902749823747,20.1297605772592,20.4341837240216,20.2804510803617,20.5762907136522,20.8749728077628,20.2576605215738,19.16465496669,20.7885803890601,20.0363325793122,19.7053908912846,20.2192719127461,20.2492958770563,20.3460398782615,19.9876171676978,20.1788174755546,20.4549160643546,20.3667792404535,19.7001781258541,20.5933561547267,20.1903352535382,20.0519703376415,20.3462585798683,20.1898876180516,20.5519076339145,-0.110667877912789,-0.332930944374906,0.111595188549328,20.3159998131388,-1.00222467377048,-5.1502809435252,0.321473574511701,0.826372714395847,0,0,0.881976094432178,0,-0.106420458378732,-0.327388120359609,0.114547203602144,20.3159998131388,-0.96940937328917,-5.52057968056764,0.337406220315876,0.777715188261502,0,0,0.890811541122157,0
"Q15056","IF4H_HUMAN","EIF4H","Eukaryotic translation initiation factor 4H","=""EIF4H""",21.9249624901968,21.9002112172991,22.3294899768842,21.964678526555,21.7516904005773,21.9988119946899,21.6805867608791,21.5882287869264,21.9559788076436,22.0320638593093,21.5744876566478,21.8163914902504,22.1272174604689,22.0847996754763,21.7326834811948,21.8481666222674,22.0283617565325,21.8205384512195,21.6592739351377,21.4437680319002,22.0556113327735,21.8121984231085,21.3355753961335,21.4341976546532,21.2648282031096,21.4343385798258,22.0110911059248,22.3016788812947,21.741714280058,21.2774719365242,21.8366913581596,22.3380835976299,21.653467407857,21.2894055429881,22.7711398366822,22.0086811048145,21.4766179087625,21.6919025420742,21.8601157122205,21.6653372426804,21.7034925684566,21.9920995003841,21.6653376879406,21.9717555426322,21.430691591866,-0.199855079352734,-0.41605578877137,0.0163456300659028,21.8063536960136,-1.86066798730781,-4.12398412407043,0.0691845024745968,0.612150491830663,-1,0,0.586367473003079,0,0.125733636979028,-0.0892070008843728,0.340674274842429,21.8063536960136,1.17745347223607,-5.31274602841293,0.245065481231953,0.72771949909063,0,0,0.837938649807399,0
"Q15075","EEA1_HUMAN","EEA1","Early endosome antigen 1","=""EEA1""",NA,NA,16.6090285206862,16.9281182827684,17.2476483515198,17.0751620131959,16.8571441315494,17.152838645436,16.5054675172107,NA,16.8592267527338,18.0308919854604,17.4466707501567,NA,16.9428583268181,16.8140069378929,NA,17.2209237959205,17.6756188627472,16.7043330842014,16.60983901773,16.9801576398651,17.4426826008359,16.8336196879945,16.8576801771274,15.7072262730776,18.1166293551586,NA,16.3725493310527,17.259192047663,17.6147672736127,17.0947543830419,16.5759588657705,17.8680054497048,16.4563535580467,16.6035312779953,NA,16.9259384656532,16.8114264574956,16.6692371422359,16.431723636235,17.4766504958195,16.8730076872083,NA,16.9528092825368,-0.0818209066198179,-0.438349330956123,0.274707517716488,16.9892885963286,-0.464568572707546,-5.40122440304461,0.644888508411816,0.937693137615552,0,0,0.964743498196718,0,-0.0332930046669659,-0.373110708414576,0.306524699080644,16.9892885963286,-0.198329213818879,-5.8820569070637,0.843843615564179,0.959935715069946,0,0,0.994363191049974,0
"Q15084","PDIA6_HUMAN","PDIA6","Protein disulfide-isomerase A6","=""PDIA6""",20.8135722077126,20.9357639124112,21.306217190749,21.4322082655881,21.4782864615483,21.0376605384826,20.6605340464382,21.3918689349876,20.613976235767,21.3024040671468,21.0273851935361,20.3175164818627,21.451900853585,21.4723334469547,21.4501479137535,21.2167312769385,21.1068376097456,20.7244904989551,20.8486178638642,21.0677437422858,21.501185897329,21.3328339186246,20.55696857029,21.3248436720972,21.1765811504847,21.0831788232619,22.1328546740062,19.5815361271559,21.1751845870398,20.9427460103496,21.2518109355017,20.5700832085406,21.059793711711,21.0299028649366,21.6133305393619,21.1613728908158,20.8540912692808,21.1587563169337,20.8931474531805,21.1546508995416,20.9038957730533,21.2379911719658,21.1240853816372,21.2773740155836,21.3458605668283,-0.0673760072584422,-0.356217587365137,0.221465572848252,21.0911168260405,-0.46952245646404,-5.49061124696156,0.640912352896742,0.937631034793381,0,0,0.970471674306546,0,0.0575875050963006,-0.229570634377657,0.344745644570259,21.0911168260405,0.403662069852399,-5.8871154252006,0.688329985599578,0.915228679438145,0,0,0.978721471256876,0
"Q15102","PA1B3_HUMAN","PAFAH1B3","Platelet-activating factor acetylhydrolase IB subunit gamma","=""PAFAH1B3""",20.0560787876201,19.7187669717028,19.8210757664209,15.9015687186891,19.2257182783124,19.5646362656587,19.4240325640101,19.0105851096915,19.3161157678412,18.8948405059527,18.7555568139259,19.0140902444122,19.6551288555296,19.7843182432444,15.8229325907625,19.9583390559694,NA,20.0292867467275,19.0006787124133,19.8355297870521,19.317755432411,19.3906953427541,19.2381295790225,18.6468817103934,19.1756336769973,18.68658911672,18.9880242075107,18.2670882047457,19.2104133611114,19.1109423065143,19.7471230254004,18.9583173101765,19.73069265385,19.3539254518285,18.3783021845134,19.7873133765327,NA,19.705706104133,19.2112809743739,19.0023776731716,19.646692072434,20.0478836709871,20.1024051358928,19.5208758083012,19.9155478052314,0.279911238573018,-0.302353121977169,0.862175599123205,19.207671534208,0.968819721302717,-5.16575433380944,0.337925813813739,0.826506778828922,0,0,0.738094222106058,0,0.303564157332222,-0.284602451707867,0.89173076637231,19.207671534208,1.0401428060493,-5.42552795726596,0.303950334348236,0.754001885643784,0,0,0.696622367386121,0
"Q15119","PDK2_HUMAN","PDK2","[Pyruvate dehydrogenase (acetyl-transferring)] kinase isozyme 2, mitochondrial","=""PDK2""",NA,18.6715626897906,19.5201826347605,NA,20.7909488542246,18.786465066099,19.1672246748716,19.3184534670461,19.1260184237852,19.6845592838058,20.3913226248616,19.2923995009143,NA,19.4477866289473,19.6529261835658,20.1167350848588,19.7327279201723,19.9109396109499,19.5378915258832,18.9133401869133,19.7924826287372,20.1816480079569,19.4190212400678,20.0989562613121,19.8005273995207,19.6081475073914,18.9777975093034,NA,20.1736210120027,20.340491176202,19.9377665963169,NA,19.9292382854082,17.9154161220509,NA,19.013696640044,18.8893159170113,19.7472496082095,19.553650399764,19.6465705796671,19.8130173594839,19.1642007857476,20.0348109758026,19.6149543673133,19.2931087830539,0.276981510279022,-0.114570861506523,0.668533882064567,19.5642865006107,1.42964949883638,-4.6667210060067,0.160574213069045,0.720861261794311,0,0,0.602541388733101,0,-0.343595698416063,-0.724889260699844,0.037697863867717,19.5642865006107,-1.82119689727968,-4.40467399280142,0.0760547481124847,0.506860570999739,-1,0,0.412629069674268,0
"Q15121","PEA15_HUMAN","PEA15","Astrocytic phosphoprotein PEA-15","=""PEA15""",21.513178679282,NA,NA,21.3155094413777,19.7295642260282,18.3855360459282,20.5975662661893,18.4819709413916,NA,19.5851165910484,NA,NA,19.7817192525219,NA,20.4049915664249,19.0600687148664,NA,18.7084891506466,17.0468837858558,NA,19.5235775729896,18.9810189073644,NA,NA,19.9241083745886,17.6725765431605,21.3905033805343,NA,17.9934256683457,18.5163679942162,19.2062815454534,18.6938545739554,20.7268890970288,18.6789904879494,22.1970607368158,18.8050272609252,19.6304205390895,NA,NA,NA,NA,18.2913950805337,17.5882241397398,19.5126389279492,NA,-1.11966321809117,-2.13797798895797,-0.101348447224375,19.3773432928345,-2.24540240934276,-3.50425561836545,0.0322546970798388,0.492623799681105,-1,0,0.0213858443972628,-1,0.440689197497129,-0.545120062177059,1.42649845717132,19.3773432928345,0.912910764192272,-5.39863470533376,0.36855820125721,0.791831108546088,0,0,0.644115740249473,0
"Q15124","PGM5_HUMAN","PGM5","Phosphoglucomutase-like protein 5","=""PGM5""",22.1397254059253,21.2825870733173,20.1810291768483,19.8283127345829,21.3598517178091,20.3143476553371,21.5804263956165,21.711410288429,21.699015893059,20.4715480641421,20.7707303796284,20.834708782085,20.8498196002251,21.4454198827727,20.8944312213606,22.140745683755,20.7044622681949,20.3935871746197,21.4370646500671,20.5941202837851,20.5485677027449,21.9248085868143,22.3486166440449,20.9516841486416,20.7567732985822,21.123388673004,20.5827169345974,21.3138726682876,21.511730381238,21.0733723759282,22.0430515818776,21.8982698222296,20.8387118478383,20.8890927878763,21.3873851161316,21.4195359045574,20.2238250396591,20.9859360393571,20.7960044077089,20.7522689182726,21.3402825752326,20.3480090683133,21.1757140226761,21.0806374562772,20.077688633644,0.143582137989245,-0.246112713005711,0.533276988984201,21.0672286437132,0.741628751566361,-5.3467563712825,0.462078750077675,0.894151228917902,0,0,0.895074544113906,0,-0.14327321684355,-0.530696829236741,0.244150395549641,21.0672286437132,-0.744371498132574,-5.70174090907291,0.460434315833693,0.831474716578483,0,0,0.894830854523614,0
"Q15149","PLEC_HUMAN","PLEC","Plectin","=""PLEC""",22.9358767986587,22.3115796023429,21.1634247612236,21.691693077851,21.4902574916298,21.1272349397041,22.8143558177809,21.7662933487003,21.3933657916734,21.6477772789649,22.5905554024495,21.3774727297318,21.2441125159288,21.8961561931207,20.5461286527895,21.5147930826337,22.055087529537,21.3186556821275,21.7220631802195,21.3562678363119,22.06193805789,20.7613274098317,23.273883138256,21.2333160700729,21.5443981169636,22.0882997689179,21.3656873706737,21.0855452661547,21.6734793043478,20.9559527598725,21.976946653238,22.1825768552533,21.6904263931056,22.1663640762975,21.6349303796308,21.8402910510155,21.1021175670414,21.6269850727399,21.0674233137432,22.4316341647205,22.3514067022315,21.7322743958703,21.2172736871986,21.987562539543,20.8069587743174,-0.102909559008431,-0.475072411308027,0.269253293291165,21.6849366800513,-0.556587572984704,-5.45149975580096,0.580504708837414,0.911046855724377,0,0,0.945569278534476,0,0.12029847014243,-0.249695324408193,0.490292264693052,21.6849366800513,0.654450003057224,-5.76117200316784,0.516078039252229,0.834663611429138,0,0,0.923506804211119,0
"Q15172","2A5A_HUMAN","PPP2R5A","Serine/threonine-protein phosphatase 2A 56 kDa regulatory subunit alpha isoform","=""PPP2R5A""",NA,18.7042258416599,18.8400970210746,16.5482457617974,19.3592082826078,19.9154862005086,18.4659486726359,18.8026096345579,18.7925851034182,18.1661945191227,18.4861733064498,19.3420678251579,17.1734366383177,18.9862859546115,18.4088933772637,18.6795722730951,NA,18.9054252083103,19.0334301684338,18.4348617903823,18.8511973061387,19.406136076018,18.8881459764013,18.8222067514334,18.5635025688021,18.8070278878059,18.7830367175761,NA,18.6851920859776,19.0628912640972,19.0285885601308,19.6679185578965,18.9755519340445,18.9028635688281,16.3241303456188,18.8499969469157,17.6995131983663,18.9750525108039,17.9379997307321,18.6680693119705,18.2204594264079,19.1751300309191,19.0319313758391,17.6806213656726,19.0046264913777,0.27163791165043,-0.241825261532622,0.785101084833482,18.6442032754566,1.06686319463668,-5.05648122754462,0.29198146753902,0.799489091675277,0,0,0.715764618591564,0,-0.301456551883962,-0.804167169455741,0.201254065687816,18.6442032754566,-1.20930074283731,-5.24769745898608,0.233148245759842,0.714839559457683,0,0,0.644716179278623,0
"Q15181","IPYR_HUMAN","PPA1","Inorganic pyrophosphatase","=""PPA1""",19.6907956891524,19.9572827604538,19.9776739326765,19.6787468475497,19.9343423502189,19.5243881153588,19.9046278839735,19.8877310678337,19.8115871787386,20.3060976153309,19.8955664598282,19.7314258373907,19.2151255235923,20.4642126608885,20.1695535026728,19.8726839459001,20.3928641166395,19.9604902947442,19.9308035152501,20.1003561894725,19.5246813421877,20.0210096667115,19.7639515740424,19.8308619919631,20.1082578816145,19.9791642595033,20.2405996037321,19.4160945250182,20.5764340575749,20.1886783443287,19.8304507421665,20.4977170594054,19.8017620010677,19.7771657211297,19.8269706007207,19.2097104918543,20.0525439344035,19.484489995999,20.5174244702311,20.077426728055,20.3697915759583,19.9331330218805,20.3393288700995,20.482266237046,20.4748153176984,0.117172257055969,-0.104830855216381,0.33917536932832,19.9718019000457,1.06237182115271,-5.09696859755582,0.293607733864486,0.799489091675277,0,0,0.866237769169598,0,0.0512043639355397,-0.169504858933301,0.27191358680438,19.9718019000457,0.466978949677996,-5.86088864454276,0.64271738442473,0.898052793982891,0,0,0.97761934921905,0
"Q15185","TEBP_HUMAN","PTGES3","Prostaglandin E synthase 3","=""PTGES3""",20.9862096813478,22.30386165699,22.2954455689718,20.58468503108,22.5499616916005,22.6550383015094,22.2389118942404,21.9568036839262,22.5199197092046,22.5010431639977,22.0981971393581,22.2872540881532,20.4297528915614,22.6353314834173,22.0766365093543,22.2139840523423,22.7241466363385,22.2746201137257,22.2551435012241,22.1117058128376,22.3279921109755,22.5704690398501,22.2599554209496,22.0708076761746,22.1795357265587,21.8589563263585,22.7127978725193,20.8799636737375,22.404522670165,22.1924287393639,22.4494225632937,22.6935418878773,22.2422123812903,22.4811891973355,21.0572928495776,22.1109472979089,22.1993438181016,21.9767316054002,22.6759009216676,22.2871016901483,22.3783754107505,22.3681740887381,22.543083186206,22.5377784554852,22.2462284252653,0.194452585385577,-0.165824213234782,0.554729384005935,22.1645201254862,1.08639619714435,-5.07485314694612,0.282959036187638,0.798683993712781,0,0,0.782323237187843,0,0.0806862937283483,-0.277490722022779,0.438863309479475,22.1645201254862,0.453432727566989,-5.86681753330339,0.652367155320715,0.905507449629859,0,0,0.966122183188618,0
"Q15208","STK38_HUMAN","STK38","Serine/threonine-protein kinase 38","=""STK38""",NA,20.1433871366338,NA,NA,20.1612004317965,19.5963420005691,20.6791335607204,NA,20.0316477098595,NA,19.5716880637393,21.4849757235336,NA,20.5190115774783,20.2890624837747,20.3090335226261,NA,19.7910403244403,20.3586690720411,NA,20.1256480119042,20.0770948785567,19.8807343182707,20.3412505353761,19.3509674170916,19.8623408712116,NA,19.5208142710585,19.5131359775729,20.3308411826801,19.250022734238,20.6587079668653,19.6591457207231,20.0454865618965,NA,NA,NA,20.4155550052279,21.2808594966226,19.562687400556,20.1540350145621,20.8067543931317,20.16181928154,NA,NA,-0.235895065786117,-0.650108617473729,0.178318485901494,20.1268739563322,-1.15997750692031,-4.883173022943,0.254628847068803,0.782013090941701,0,0,0.724196689272302,0,0.213338997658397,-0.186509375802364,0.613187371119158,20.1268739563322,1.08675070632026,-5.27656696784837,0.285255232987044,0.748449760686616,0,0,0.765209030398495,0
"Q15233","NONO_HUMAN","NONO","Non-POU domain-containing octamer-binding protein","=""NONO""",NA,21.4437214584219,NA,20.5693857780812,NA,NA,21.370804025427,20.9854224668915,21.7019874648058,NA,21.0201677678985,21.4827729718631,NA,NA,NA,20.8378180088221,NA,NA,NA,NA,NA,NA,21.1938549531923,21.3261491717591,NA,21.3953062818317,NA,NA,NA,NA,NA,23.0507612253339,19.9247308865365,21.8326756297788,NA,21.4600029043001,NA,21.7534979739328,NA,21.3632036479327,21.8164639871506,22.4097053693793,21.1208342153246,NA,NA,0.023862694153987,-0.691013162972243,0.738738551280217,21.4029633094332,0.0694096731644762,-5.16787436420987,0.94531896051199,0.983220575615884,0,0,0.998659031788125,0,0.480683060014371,-0.203939419500404,1.16530553952915,21.4029633094332,1.45995280509995,-4.63069878442267,0.159073710127798,0.651333371176197,0,0,0.413258581619387,0
"Q15257","PTPA_HUMAN","PTPA","Serine/threonine-protein phosphatase 2A activator","=""PTPA""",17.7970779650961,20.1615051242497,20.5720501008101,18.5956069866222,21.0295942812911,19.5899118260046,20.3030270182538,20.5721646014532,19.6375698939158,20.4615059115742,19.8149770450162,19.4432325279425,18.8768313871605,21.0565959505888,18.4283346615456,20.5025434396316,19.1970322430792,20.6109269101963,20.6758588784306,20.1928018129551,20.6782544713908,21.061491684762,20.3142210789245,19.8188756843608,20.5724416702843,20.1449774548845,20.2104454936616,19.9265048883157,20.3223656139318,20.6820472534064,20.7450222274226,19.552997370415,20.4774725611939,21.1684558256919,19.7867645692888,20.6843214192724,19.8694626904621,20.57062623574,19.8474066796301,20.376488891801,20.5720100332913,20.6985175744566,20.4909699969885,19.474330321696,20.6758240332644,0.575502149969765,0.102874750911668,1.04812954902786,20.1386987620079,2.4509749099079,-3.12092782015842,0.0181037224680397,0.473767971577395,1,0,0.0993897666708442,0,0.00532545682665031,-0.464547352094441,0.475198265747742,20.1386987620079,0.0228132607615375,-5.96458346973713,0.981897817866068,0.996607897534473,0,0,0.999902719120799,0
"Q15293","RCN1_HUMAN","RCN1","Reticulocalbin-1","=""RCN1""",NA,18.7068304526284,18.6296003447787,18.6800963678336,17.8118388263059,19.1769278379319,17.4688450057494,17.7172087243013,18.8020371754615,NA,18.2250023391863,18.6866961018381,18.3978377897523,NA,18.6311923642264,17.4431869526384,18.058645376656,19.0308354146146,19.3951614609265,NA,18.4075551909267,18.6027762460127,17.7263965496316,18.2265429976118,18.7781157707849,18.0409289716573,19.8951064749794,18.4130894042045,18.3156279835784,18.0345698705952,18.196227275627,19.4558786711292,18.7608484990287,18.2996675724875,19.172854632064,18.473023960359,19.044017857636,18.003586205387,18.3513167896432,18.7926065291102,18.0437718806043,18.123151461237,18.1608800415829,NA,18.8425926763855,0.0346192026207888,-0.355632957041763,0.424871362283341,18.4755769011773,0.17914769831958,-5.51270333219927,0.858703243272385,0.95848719206779,0,0,0.994740272690732,0,0.0944073732720199,-0.278968677939364,0.467783424483404,18.4755769011773,0.510621319111099,-5.81010883772353,0.612352007531141,0.880375407265006,0,0,0.95475367272103,0
"Q15363","TMED2_HUMAN","TMED2","Transmembrane emp24 domain-containing protein 2","=""TMED2""",21.7926616085376,20.1138147446802,20.1837832297695,21.900188603782,19.4461312777145,19.6670274451377,19.322196804744,20.055706326662,19.33791533118,19.9886028749269,20.829125775183,18.8823033468048,21.4998811460763,21.0991815022966,21.0842401406797,19.5520470514955,18.8594211672744,19.4585539115468,19.6009043290386,20.7989800633337,19.6781784374314,19.4939304504931,18.1892323431528,20.5791383431109,20.408776754571,21.2665204838227,20.9017914959803,19.45981204137,19.5184303617674,19.041991785001,19.5625023119366,19.9948252972993,19.6239325784511,19.9506951769006,21.6188584518193,19.6341282994486,19.8705431218609,20.9272558102264,19.404730425538,20.8314509547965,19.2931706859469,19.5679569967876,19.3216237426586,20.1441823151481,20.6399112548796,-0.568008894323128,-1.14334377766971,0.00732598902345438,20.0532497022503,-1.98721675184208,-3.92756119623054,0.0528664492944766,0.573502080861745,-1,0,0.188258660614155,0,0.238537226953927,-0.33344446146934,0.810518915377194,20.0532497022503,0.839430704577147,-5.63083027598595,0.405565356793101,0.80898183426914,0,0,0.806320909727729,0
"Q15365","PCBP1_HUMAN","PCBP1","Poly(rC)-binding protein 1","=""PCBP1""",23.1877110076159,24.0991546169229,23.7668923737054,23.4179079336019,24.409228005184,24.5889297860433,23.9455787072987,24.0814483614149,24.2221544493118,23.9242761544749,23.9714190963753,24.5232617390305,23.4842806426962,24.1320084814215,23.963438136125,24.0874831549476,24.3577000750597,24.2184048692214,24.3680620030847,23.9448831755954,24.193278593274,24.2911207515339,24.2563851689663,24.2133946496149,24.0917047701847,24.0439467522318,24.84730034885,23.0842661304277,24.221986058625,24.1161004003434,24.201253213176,24.9607151496712,24.1463217647921,24.363166622919,24.0533926087113,24.2131830153917,24.0199799366902,24.0179632116621,24.3772260960245,24.0084796432439,24.0282731886896,24.4722511341217,24.4482630941376,24.2086673406188,24.136996217396,0.175044226678395,-0.0593562607324687,0.409444714089259,24.1268853028984,1.50314228080717,-4.61874504844849,0.139631188470844,0.708378884160682,0,0,0.70849063083049,0,0.088007689019026,-0.145026653999833,0.321042032037885,24.1268853028984,0.760171350677333,-5.69052841220489,0.451027486751321,0.827855201825394,0,0,0.93232473415937,0
"Q15366","PCBP2_HUMAN","PCBP2","Poly(rC)-binding protein 2","=""PCBP2""",21.0349160199825,21.206234791125,20.0464342979413,21.6920712091228,21.2326370351741,21.4945579587264,21.0887229108493,21.2013126242421,21.0627589747517,21.1784917460089,21.1562282028457,21.5744759505878,20.960766011413,21.0670048091758,20.9976993624765,21.4855924627756,21.543750803725,21.0175617810539,21.4017474715862,21.0838557570371,20.8473052769994,21.2609844413529,21.2197564871817,21.2164511819777,21.3400902442959,21.2188623749938,21.7091168879635,21.364645087161,21.4707551698058,21.3962164976338,21.6020144570922,21.4338261547322,21.0479704524795,21.4864217571557,21.0757888156973,21.3220308525477,21.1117156886097,21.2008198121224,21.2311682480809,21.2135715522431,21.3712112958116,21.4909375873099,21.6358929310489,21.2214715941203,21.6001034054056,0.17446669778235,-0.0165240338978786,0.365457429462578,21.2581321874316,1.83870077229734,-4.15698022885033,0.0724143903311488,0.612150491830663,1,0,0.632524586928528,0,0.0312168452609356,-0.158660744890058,0.221094435411929,21.2581321874316,0.330922358102761,-5.9125686560233,0.742204533590068,0.93045109399261,0,0,0.990736481960916,0
"Q15369","ELOC_HUMAN","ELOC","Elongin-C","=""ELOC""",20.4749875655028,20.2943049555766,19.6298131686144,21.3309649280972,20.3826686027368,20.8203410973128,20.958428546191,20.5350178703229,21.1859701597051,NA,20.9078111327282,21.4619059630412,21.186637255458,20.6187359265997,20.3196872351245,20.4492851303148,20.2234617806745,20.8687023499763,21.0751938128796,20.6746325209579,19.9393339450453,20.1866767341439,21.7070109763437,21.1431381105199,21.008884957553,20.6216382799821,20.5898522176352,20.3990242209744,20.9582227380633,20.8530038482082,20.4445642686752,20.7698436033894,20.9111671460613,20.8377680126849,20.3131926990918,20.5071823478307,20.5759798755716,20.4125586991552,19.7886214604267,20.9213599628499,20.5301745261678,20.7042277409032,20.997138304306,20.3151711609833,20.7323189529999,-0.00676710859813667,-0.307593071895032,0.294058854698759,20.6719682907132,-0.045306308180634,-5.57227508770293,0.96406343751954,0.985435363040972,0,0,0.999752366807735,0,-0.129119524144986,-0.423259930882861,0.165020882592888,20.6719682907132,-0.884113603639887,-5.59454544535876,0.381330058912417,0.798436116729421,0,0,0.882953412915307,0
"Q15370","ELOB_HUMAN","ELOB","Elongin-B","=""ELOB""",19.924890094664,20.0740509048682,19.725416571096,19.6249069886715,20.0204439353954,20.4152981442204,20.5195237574177,20.2887050307191,20.4864626303479,20.0454672500489,20.3094352389676,20.7386238088031,20.288683645184,20.3343940160788,20.5244102793508,19.9570085587421,20.2543250557589,20.5793679099698,20.6457048832053,20.4694591033081,19.615660263522,19.7109022998267,20.3964492924406,20.5599647451909,20.7805891516789,19.8492684863182,19.8428222926283,19.7116942660126,20.3987353426636,20.2932082142823,19.9377913135374,20.1974266441978,20.067521185072,20.5169967792166,19.8553712117313,20.2668104125872,20.8851874532324,20.1259961349521,20.0906507243687,20.3973063942331,19.7716024246399,20.4179973322343,19.5867607439865,20.5846831353435,20.2618585973907,-0.01529165194464,-0.262443505525839,0.231860201636559,20.2077740588468,-0.124537843858722,-5.58065839976814,0.901431598948579,0.967042478519068,0,0,0.998414426595734,0,-0.00674662525496927,-0.252458016307813,0.238964765797874,20.2077740588468,-0.0552677910541558,-5.96337259641485,0.956164262701122,0.987932247464068,0,0,0.999697624484497,0
"Q15386","UBE3C_HUMAN","UBE3C","Ubiquitin-protein ligase E3C","=""UBE3C""",15.9530593076006,16.439448795444,NA,NA,16.2798960559773,16.5871230170072,16.1600341552762,NA,16.3963819953749,NA,15.8182206479056,16.191193492259,NA,16.541596708243,16.3423139094664,NA,NA,15.96686766695,15.7045358112167,14.9010185312915,16.2694142472552,16.3783883365905,16.2369904758829,15.0839216941862,16.0908762630956,16.0516634453818,15.9767491159291,NA,16.095135646641,15.7323591631745,15.5658012175076,16.0043978892163,16.424773806491,NA,15.3661085114438,NA,NA,NA,NA,15.9473163637928,15.8585385216743,16.3580680838542,NA,NA,16.358349750522,-0.432190499468337,-0.735556202572483,-0.128824796364192,16.036018087555,-2.90544093131044,-2.3623066017476,0.00670607082541887,0.416167334657996,-1,0,0.114979437066453,0,0.145926010187665,-0.175261350386372,0.467113370761702,16.036018087555,0.926568596270395,-5.36981341796531,0.361299086950441,0.791831108546088,0,0,0.861948415208667,0
"Q15392","DHC24_HUMAN","DHCR24","Delta(24)-sterol reductase","=""DHCR24""",NA,NA,NA,NA,19.3844340100524,20.1795084637961,NA,20.2540991881444,18.6542701628741,20.5798040985235,NA,NA,NA,20.1142558428179,NA,NA,NA,NA,NA,NA,18.3081595678424,17.5783816677199,20.6988725247372,19.0202944195332,19.1856735320013,19.3238505222516,NA,NA,19.3734065221109,18.95173732165,18.9073146375379,NA,NA,NA,NA,19.541805949721,NA,20.5820742703666,NA,18.9944717902892,19.4545404126134,NA,19.5076414226439,NA,NA,-0.772757938816994,-1.48136692556328,-0.0641489520707064,19.4297298163614,-2.26760796753387,-3.53599347122727,0.0340063568321534,0.501991483032482,-1,0,0.0733248892129797,0,0.387598842355885,-0.316639041185901,1.09183672589767,19.4297298163614,1.14444319815149,-5.03827811662152,0.265292357353254,0.743538304557541,0,0,0.597910769419672,0
"Q15404","RSU1_HUMAN","RSU1","Ras suppressor protein 1","=""RSU1""",19.4302460274085,19.3317737154904,20.4356130934635,20.096399219441,20.0462771473236,20.4316951856504,20.0994125503113,20.2655204487001,19.7501097986467,19.575055750887,20.0159701945368,19.9637245060648,20.2633739847561,20.5757911351453,20.1798796103362,20.1009100008731,20.4733314441745,19.7445949761717,19.9644360843852,20.1355063944044,20.1637919358895,20.8359440556024,20.0749082498003,20.1354705577278,19.9381103957538,20.2177618397726,20.5932697524925,20.7049436545013,20.2044665676749,19.8209924074954,20.1480032303916,20.4209252929161,19.7731015197792,20.1467279011845,20.4790497282431,20.0715756347777,19.9228126025619,19.7893821558734,19.5827743198644,19.5096390473739,19.9952318473134,20.0553827268581,20.1697203190437,20.225932147518,20.2644242815476,0.171882224496841,-0.056889572256937,0.400654021250619,20.0916436320028,1.51230466740083,-4.60722122963132,0.137290729033333,0.708378884160682,0,0,0.71084653870047,0,-0.170250370764833,-0.397688828536955,0.0571880870072884,20.0916436320028,-1.50672840084247,-4.90756019169703,0.138711391982822,0.626842806368387,0,0,0.714404648966819,0
"Q15435","PP1R7_HUMAN","PPP1R7","Protein phosphatase 1 regulatory subunit 7","=""PPP1R7""",20.1968231975532,20.9890035882224,21.1821357928103,20.973434719054,21.4233783793621,21.3921342636222,21.1095628190354,20.9074410197252,20.8978661217495,21.1852914985382,20.6129423727589,21.2848936454016,20.4272714705246,20.9447046706533,20.9931895593779,21.1095109655475,20.9766117364118,21.0143719504807,20.9747076546395,21.0799641827952,21.2723970093888,21.1978477506104,20.7092118874644,20.7809699038273,20.7889786969722,20.4886528380843,21.1577247366305,21.0866222164135,21.1014675743725,21.0839806473809,21.1830703658149,21.4661362292974,20.9478824420184,21.1942201326444,20.5428003327192,21.3979860098173,20.9149653507503,20.8855357872652,21.3209926725955,20.913996614591,21.1974103972096,20.7554065479187,21.0712825142016,21.0089755021442,21.4011670757446,0.0215352673634435,-0.181193529067647,0.224264063794534,21.012109352092,0.213818675929973,-5.56735668280706,0.831632557463621,0.952734337734758,0,0,0.996037531000579,0,0.0919205482475363,-0.109626694290892,0.293467790785964,21.012109352092,0.91800818873618,-5.56600181686879,0.363398829274011,0.791831108546088,0,0,0.911150698603612,0
"Q15436","SC23A_HUMAN","SEC23A","Protein transport protein Sec23A","=""SEC23A""",NA,17.4112626301242,NA,16.531356587051,17.517845518623,18.0446297904419,17.9475766148898,16.4947311257521,18.0272007119681,17.1997714726164,16.9249515488204,18.035690522498,17.9436200626652,16.7694297579664,17.9719810885929,17.4278564380206,17.1281998783255,17.1445862621961,17.85228579391,17.3551188924872,17.9519807439181,17.9512001333873,18.0094621627869,17.748359308336,17.7893916498991,18.2597727245852,18.6745149817939,18.0874637059857,17.919740892789,18.229762456725,17.0960967151621,19.2404541545736,17.6920597073263,18.4936580097387,15.8185262344159,17.6036702278521,18.3859276845802,NA,18.1403415056914,17.5254020439556,17.9950388319997,18.355735069854,18.0373597184342,18.4026380176505,17.0219836511703,0.410586929170883,-0.0308303471909729,0.852004205532739,17.718062738799,1.87578666105202,-4.08808971039474,0.067477499726232,0.612150491830663,1,0,0.330573458854966,0,-5.8740423490633e-05,-0.430781879132719,0.430664398285738,17.718062738799,-0.000275021420284185,-5.94927845969618,0.999781835420423,0.999903966701438,0,0,0.999999987183522,0
"Q15526","SURF1_HUMAN","SURF1","Surfeit locus protein 1","=""SURF1""",17.0531814372971,18.3058723147294,18.4301875630351,17.8626464550883,19.152307277297,18.7742729409705,18.4534504473929,17.9261947128846,18.2649478235899,17.9581337908001,18.4645538896725,17.7104448177448,18.1195919251496,18.9142611590347,18.966236881347,18.6896736899305,16.8270619464509,18.3572690940006,18.3852019653316,18.9863833160942,18.8823069679861,19.2770560548102,18.0850297517399,18.0733369820165,18.2427535537945,18.6080449164095,17.7776409807822,19.4662090449203,18.5859011779525,18.4657843690847,18.1190036204959,NA,17.9344551354137,17.4772937908179,18.0698381745489,19.0450293801319,17.6605836936499,18.1230722103377,18.6003754106319,18.4723567057197,18.3709330953035,18.5090892177917,18.5058945171376,19.0577086240021,17.6613983606222,0.156298798805452,-0.216338028850107,0.528935626461011,18.3334765723623,0.844774335144196,-5.27567264596203,0.402701903431803,0.868410244728084,0,0,0.867479906622324,0,-0.207735595168824,-0.584408131786196,0.168936941448548,18.3334765723623,-1.11075379737268,-5.36918974221364,0.272568916543008,0.747796548567826,0,0,0.763358136428453,0
"Q15555","MARE2_HUMAN","MAPRE2","Microtubule-associated protein RP/EB family member 2","=""MAPRE2""",22.4835673877441,22.7571212606546,22.7944615358306,23.9748270267431,22.8970297754353,22.8128320427239,22.5987570171788,22.072139119701,22.7176701105882,22.5041763378832,22.7443477609988,22.4757120838472,22.1380932321498,22.6627497362997,22.1121614290148,22.885369614799,20.9260550695639,22.8792120451415,22.8364451636074,22.6118709782828,22.1518039645799,22.9602918898202,22.111587861404,22.4702856929948,22.5654164481279,22.3653933900764,22.9365573020854,22.6473835311261,22.6510175088467,22.2822374867617,23.0770377872708,21.0379977074244,22.601409519946,22.9766343704412,23.1937499036966,22.2800039468058,22.0120511563066,22.2260500781721,22.8510389709482,22.3610874578988,21.9307830294459,22.590076525498,22.0018792069673,22.9016350511773,22.0812907688069,-0.165810409461791,-0.491573930842531,0.159953111918948,22.5144288729959,-1.02451931583323,-5.13086350050012,0.310943047589543,0.819572160511757,0,0,0.823912713112143,0,-0.0772134977607806,-0.401078388243735,0.246651392722174,22.5144288729959,-0.479888305578274,-5.85507774678362,0.633578849768266,0.892941365535216,0,0,0.965375641779451,0
"Q15631","TSN_HUMAN","TSN","Translin","=""TSN""",19.9515449466528,20.3638163299777,20.9156012152175,20.2429050766584,21.0918124165761,21.3247310290383,21.0245725967826,20.4688989604247,20.9002966822585,21.1507374590087,20.7632042925432,22.1886554707321,21.2264674676503,20.8272390866732,20.6118141990287,20.452271616972,20.2024413912232,21.1494999485312,20.9223189735689,20.620831460384,21.6596244690089,20.7252058251868,20.9173068584915,20.4587920747914,21.0894313056743,20.3828737561224,21.5153194011015,18.9288009830763,20.2840925510448,20.854660241346,21.3085764532626,21.140831459653,20.874122387659,21.6016213922285,20.3759710111095,20.7474019431037,20.9042073768057,21.1806396029141,21.1421361228128,21.0324030581916,20.9294640912342,21.2647224563432,21.6295899999851,20.3741856621554,21.7861949243323,-0.189172083156151,-0.553580757708257,0.175236591395954,20.877951911723,-1.04491063564672,-5.11274887794544,0.301519531067213,0.807585752821034,0,0,0.797078360474829,0,0.408573139017847,0.0462883289364868,0.770857949099206,20.877951911723,2.27002424613107,-3.6390019823795,0.0279327192396917,0.344080314270748,1,0,0.231805426815388,0
"Q15642","CIP4_HUMAN","TRIP10","Cdc42-interacting protein 4","=""TRIP10""",20.6877011154774,19.1415884530093,19.171437499251,19.291792030371,19.0180251852273,19.3212222087573,19.3572667247004,18.8001729113804,19.4561116894103,19.5196872104157,19.4329121757504,19.6210002455192,19.5778323625683,19.1636151081165,19.9348549534443,19.4018465968982,18.9107426511404,19.2825207011734,19.2145667900844,19.8859455021165,18.8836348406748,19.4144780765791,19.1950392487028,19.4973077112345,19.5463633906347,19.7690329418005,18.8709206035314,19.3633820690603,19.29613064481,19.2826715626333,19.2095499355121,18.4687259019437,19.1857503777783,19.4474284105251,20.087139918366,19.4115837890869,19.7347415617016,18.7154405244472,19.769442141673,19.4373251460627,19.7592299372454,18.7270542266436,19.4349584306911,19.2858689998336,19.2745623082766,-0.118344777466046,-0.383544896107113,0.146855341175021,19.3613023292058,-0.89822718158229,-5.2354637094192,0.373737930896925,0.847616168637045,0,0,0.890052363273186,0,0.00894788524750467,-0.254706581083525,0.272602351578534,19.3613023292058,0.0683118556840208,-5.96260237284824,0.945833204069213,0.986933766842298,0,0,0.999501824968329,0
"Q15691","MARE1_HUMAN","MAPRE1","Microtubule-associated protein RP/EB family member 1","=""MAPRE1""",19.3054740454978,NA,19.4165760943565,19.3021125334422,18.7729191689232,18.9415037161273,18.4954701150197,18.8188947688331,18.6867999021567,NA,18.253772771211,19.5754077435029,19.0082753098854,18.9161264892968,18.6846483574857,18.3229480043595,NA,19.0544160512061,18.9484661224639,18.3105821429472,18.752371373075,18.6693226577232,18.8121883958986,18.7457389823202,18.6371563619087,18.577771655597,19.8236651094373,18.5917552842276,19.4251572029814,18.9443743649092,19.0563400570658,20.0248018187989,18.9773596908943,19.6267000468783,20.0746993000735,18.7243837699432,18.9382136841749,18.526037684832,19.0275352581447,18.7181658082039,18.4591692357182,19.90490678463,19.2846354427745,19.039796197686,18.8602999604966,-0.101770355777877,-0.407399617625056,0.203858906069303,18.9770699872645,-0.671512359523994,-5.34868066785778,0.505482552472468,0.896077533266722,0,0,0.932923582824707,0,0.308379129405488,0.0147682110573599,0.601990047753615,18.9770699872645,2.11807057492015,-3.91818351193524,0.0399826627278189,0.391383277006584,1,0,0.370549657519357,0
"Q15746","MYLK_HUMAN","MYLK","Myosin light chain kinase, smooth muscle","=""MYLK""",20.4384154267084,23.0226915337922,23.4367017888587,20.0150888341611,23.8994718753526,24.1754292290121,22.8028798599716,22.7735235489167,22.4314114868257,22.9003918052342,21.9280106811336,23.5975972083709,20.8328888377529,22.9747601257529,22.3216486467941,23.2266315965662,22.1585063098503,22.8548370479882,22.3951598166133,21.969357093516,23.7112682649012,23.2211426010875,22.0805055512327,22.1778104392694,22.6124463518766,22.0787978454777,22.1717600271148,20.5178179641157,22.057168580542,22.8521132902367,22.470841948546,20.8812682358696,22.7342633139186,22.2604689801839,19.1222398474728,23.3628570308078,22.524220653615,22.512431523994,22.8082107735687,22.7560286139321,22.2504813329879,21.6356836265295,22.6372674108247,22.4220163607499,22.1298798916715,-0.106409776822023,-0.774029237909445,0.561209684265399,22.3587642936377,-0.320821418278561,-5.54219365281609,0.74979745746747,0.948679518362231,0,0,0.969823749364541,0,-0.238477549047747,-0.902205957719569,0.425250859624074,22.3587642936377,-0.723215795707744,-5.71639464348803,0.473205641073711,0.834663611429138,0,0,0.836578501314809,0
"Q15772","SPEG_HUMAN","SPEG","Striated muscle preferentially expressed protein kinase","=""SPEG""",18.0394424361971,19.5099626607977,NA,17.7770141459532,NA,NA,18.7039123779264,18.8685738685997,18.5398878929995,19.4839923963579,18.7413663687391,NA,NA,NA,NA,18.3145181180879,18.8335305062869,18.3481515890534,17.694884057901,NA,18.0343637559452,NA,19.485272254016,18.3214747282814,17.9040526473514,19.0047997777193,NA,NA,18.0627120841983,NA,17.4664396466738,18.03904230574,18.5865236136419,18.2583208440732,NA,18.7916677077663,17.9676900837906,18.301393607393,NA,18.5538737397487,19.1087646556692,17.8997856656532,NA,18.0723697335578,NA,-0.302405527877458,-0.756888053701518,0.152076997946603,18.4384063196593,-1.35881818985101,-4.64847873392372,0.184319856834716,0.733010065782738,0,0,0.599659820740376,0,-0.113810193832961,-0.531001477328953,0.30338108966303,18.4384063196593,-0.557102045642106,-5.6564231309002,0.581585072367217,0.869847439875183,0,0,0.940179090867035,0
"Q15819","UB2V2_HUMAN","UBE2V2","Ubiquitin-conjugating enzyme E2 variant 2","=""UBE2V2""",23.2299545848247,22.5086724683137,23.1770231758732,23.5147277701721,22.7642183411102,23.4598789383202,22.9796416516751,22.9054239729994,22.9241472746573,22.5589055029263,22.694531287303,23.8389369189868,23.2900207419691,23.0770031217301,22.5991176457295,22.482217607536,23.2574227805214,22.9946783603633,22.914913309176,22.7901386265754,22.9627514555562,22.5041812697799,23.2326833738643,23.1535101694977,23.2194935830934,22.9798287938142,22.6652265214406,23.2410106733135,22.9748804901807,22.9228780252953,22.498183606714,23.0648360255169,22.9790634430269,23.0428812261303,23.4401583323572,22.9486724098725,23.1906172107554,22.7586180147524,22.9647510833485,22.8845834603203,22.5888003958269,23.1415460533988,23.1925190746646,22.9022490432751,23.1256497753309,-0.0799011114385308,-0.299696821740029,0.139894598862968,22.9898032798198,-0.731719145027657,-5.35310489481683,0.468048263395735,0.896077533266722,0,0,0.941143518222962,0,0.0284876076855163,-0.190027078500666,0.247002293871699,22.9898032798198,0.262413491036904,-5.9319528739483,0.794173292877645,0.942866632673364,0,0,0.993456431578951,0
"Q15836","VAMP3_HUMAN","VAMP3","Vesicle-associated membrane protein 3","=""VAMP3""",18.6461272566122,17.9620772171403,NA,19.2074262002679,18.558388145556,18.7351425489231,18.6822730705046,18.8975985467165,17.6170529166891,19.0015295112215,18.9243098534707,16.9785297846317,17.7361363069927,18.9919787534364,18.4951893044064,18.1706734759016,NA,19.0198639162822,19.1566349098421,18.3140329775092,19.2147124888313,19.1767710950363,18.5373829796679,18.122746048221,18.7817981087895,18.566726258191,18.9470397777068,17.6398872168808,18.983949648411,18.9733056497194,19.224160093606,18.8372985590272,18.5246258273123,18.7638654110039,NA,18.2118727404342,17.8411873603872,18.9514795908661,18.8022458307076,18.5527318490082,17.7506406443314,18.5649068197457,18.5649465953124,NA,18.5732078546608,0.226266149939292,-0.139715616979187,0.592247916857771,18.5659134913162,1.24763149606483,-4.89254283076356,0.219071024465012,0.752472233109963,0,0,0.709245669843301,0,-0.125595808111679,-0.496026032275527,0.244834416052168,18.5659134913162,-0.68421867318472,-5.69636379249881,0.497591669199688,0.834663611429138,0,0,0.916069728480445,0
"Q15843","NEDD8_HUMAN","NEDD8","NEDD8","=""NEDD8""",21.9351270157023,21.6276670707862,23.00868971014,21.4124727345735,22.1495268100937,22.4069819865678,21.8547020182805,22.2075015629292,22.3221101303252,21.7583415447363,21.864587366966,23.1289720631313,22.1904081185523,22.1137931984711,22.6744132877053,22.0179427129338,23.1748475255393,22.6037948634359,22.2608118509192,21.8211237366425,22.2332131795066,21.9728267334789,22.0217440903021,22.2627988317129,22.0935575581102,22.2552256230262,22.5453447094498,20.3799429626142,21.9893968385883,22.2018664278931,22.1256785010302,22.7210645513119,22.1908878128441,21.9359171797579,21.2798490716848,21.8703396098723,21.7302604795881,22.2066061393495,22.1256407569653,21.9674096008059,21.9988507099193,22.1571830898685,22.1912270807791,22.3543633493151,22.3277689060349,-0.0535273701796548,-0.371719810079183,0.264665069719874,22.1260617578276,-0.338607723522525,-5.53703909797803,0.736444671364895,0.947417763940137,0,0,0.983758188333566,0,-0.0434260536684015,-0.359763988817753,0.27291188148095,22.1260617578276,-0.276318459623729,-5.92837924186962,0.783540105777824,0.942584418301806,0,0,0.98946285987843,0
"Q15847","ADIRF_HUMAN","ADIRF","Adipogenesis regulatory factor","=""ADIRF""",NA,18.802226964593,NA,NA,19.2015804184183,NA,NA,20.5044351670122,NA,NA,NA,19.1035958644229,NA,19.7894721275391,19.7778868953301,NA,19.6138388071936,19.088265036152,NA,NA,20.4826936850961,21.733263255882,NA,18.8248020906613,NA,NA,21.2904115029038,NA,19.8884097831207,NA,NA,19.4933546816109,NA,NA,NA,NA,NA,NA,19.6894984276678,19.4907216455363,21.0179427284069,NA,NA,19.503004074499,19.8785236827368,0.637282118376191,-0.159105725150776,1.43366996190316,19.8512593073044,1.66900188784867,-4.26931259643431,0.110665082427674,0.679806474125127,0,0,0.245903696686368,0,-0.263896443433204,-1.05536074119781,0.527567854331401,19.8512593073044,-0.695427604249688,-5.37421467080019,0.494772940182108,0.834663611429138,0,0,0.830529024386648,0
"Q15907","RB11B_HUMAN","RAB11B","Ras-related protein Rab-11B","=""RAB11B""",NA,19.8655380783381,19.663153149365,20.2633993436871,20.3889770603558,20.1429008695153,19.9425841057687,20.1459717588768,19.6181493331069,20.0800153845416,19.7623325598667,19.1056284947934,19.0709491276242,19.9959659478781,19.510428643251,20.0679285173267,19.180251135361,19.6324275425151,19.9732484162603,19.2478821465545,19.8714303781135,20.1366910385378,19.0583015346186,19.3753907494427,19.8424540027626,19.504879136378,20.7631723918338,20.5184825501012,20.0310890194965,19.7826545440884,20.2263386698129,20.4888237234507,19.7369602868921,20.5425988137761,20.1648413923662,19.9041037328267,19.9905264280024,19.7903987900007,19.7591283312989,19.7321898001132,19.6459484174662,20.1748334452469,20.0620770745516,20.3001244545537,20.290270877629,-0.0330076614631274,-0.319162932190529,0.253147609264274,19.8943509363261,-0.232318530280358,-5.54950765042502,0.817343012177762,0.948679518362231,0,0,0.993364584801273,0,0.254858742306443,-0.0249370133507061,0.534654497963591,19.8943509363261,1.83454875549004,-4.41678402644837,0.073182889866603,0.498910158863055,1,0,0.513552499635583,0
"Q15942","ZYX_HUMAN","ZYX","Zyxin","=""ZYX""",15.4341116949455,15.9320108638108,15.4114386198022,16.2514649676714,16.3258563874478,16.6561898780519,17.1132188908333,16.8956476254933,16.0442933108651,NA,16.2798253110602,17.2940956979292,16.2397850262927,16.8506212714557,16.8684776269477,16.3373945044625,NA,16.3553624490885,16.4838756092724,16.5485284086058,16.4784352946605,17.0967113569374,16.8626778442576,16.4390592824642,16.7358998204968,16.5998327960892,17.9092531413329,16.0439094132249,16.7701318822748,16.3793403223902,16.7811903719207,16.6749087907969,16.4957694801573,17.5450491246876,16.9699457966348,16.2358118679152,15.8639935121907,16.1584796516566,16.4197629367082,16.9011662453138,17.2052424496104,17.4817694951071,17.4793687889509,17.1672565838962,17.5848857300839,0.253167849724903,-0.102374810518009,0.608710509967816,16.6419081424138,1.43502569887947,-4.68284527883695,0.158343729738854,0.720861261794311,0,0,0.627140248052958,0,0.225401447372722,-0.122457593375257,0.573260488120701,16.6419081424138,1.30585888608922,-5.15179752276041,0.198380625403432,0.680520879548481,0,0,0.694472919379638,0
"Q16082","HSPB2_HUMAN","HSPB2","Heat shock protein beta-2","=""HSPB2""",23.5730003273825,23.8158837539293,24.0604277269614,24.3947332965404,23.7244018117096,23.904195306573,23.6045608412305,23.6448222528658,23.9582443395916,23.4432982629265,23.6297072775646,24.2936899606596,24.0494226695538,23.8879411122018,23.3439834843831,23.6144518007458,23.1084064891803,24.3194670259592,24.3734340791403,23.6750357793423,23.8083008396291,23.6612594430734,23.7458208490388,23.8426612450746,23.4098949527209,23.4154682515576,24.4395239016431,24.3293410044226,23.6267360501388,23.3119479601035,24.2514706638388,24.2960041565368,23.9574204672625,24.2638536985503,24.5727295329295,23.5440514605613,23.5331806136323,23.7370963918173,23.6543892677288,23.5032495907278,23.4154159464109,24.1529356878524,23.862859065227,23.6437946635786,23.5123074926664,-0.0411360904425315,-0.277623923747475,0.195351742862412,23.8202404621148,-0.350126531729061,-5.53355338782217,0.727840466054368,0.947417763940137,0,0,0.987017172022284,0,0.0812672685033782,-0.153842254838068,0.316376791844824,23.8202404621148,0.695754864940899,-5.73480039012146,0.49007962170304,0.834663611429138,0,0,0.943688833633334,0
"Q16134","ETFD_HUMAN","ETFDH","Electron transfer flavoprotein-ubiquinone oxidoreductase, mitochondrial","=""ETFDH""",22.8150264860991,22.1081473116494,22.5270574566926,22.2867955919231,22.5569984894339,22.5002873300295,22.2604932936116,21.8918674311073,22.2233106995151,22.3774385508404,22.5187199052822,22.6495461084627,23.1958143253136,22.2487943230263,22.9446867863937,22.4207968806562,22.5635660853578,22.5164657400791,22.6540018606246,22.9841806284385,22.4037248728973,22.3367128225536,22.5220839880245,22.2690618780278,22.8556978207969,22.2777687721236,22.1590047414745,23.1784060968547,22.5285941840255,22.9900643312746,21.8647028522605,21.9116747146619,22.5273599723361,22.4893954288904,21.6252200663712,22.3153351985148,23.1944360788268,22.1527787328461,22.1091083461401,22.7020093056531,22.4741739794818,22.2788695312731,22.7436701375582,22.3800027983285,22.8307474003117,0.0947331112814709,-0.142488523312539,0.331954745875481,22.4747688741343,0.803819091159979,-5.30502130891236,0.425632310297261,0.872297158372813,0,0,0.922268323272966,0,-0.204043077316967,-0.439882125170896,0.0317959705369615,22.4747688741343,-1.74147386788985,-4.56430632043244,0.0882791313276978,0.52497025745656,-1,0,0.609410079117175,0
"Q16181","SEPT7_HUMAN","SEPTIN7","Septin-7","=""SEPTIN7""",19.6268802958637,20.3730799975113,19.4777841739451,20.4173548817314,19.7263672324938,19.7741419423094,20.076266243349,20.3636755278439,19.8600518288895,19.3083963347269,19.4758903524376,19.5283988301418,20.7253408067755,20.5651109756331,20.0384513977634,19.586709440398,19.4232263214148,19.7458093348493,19.5245345423216,20.1178627791461,20.3851653240716,20.4664597918383,19.8966329451121,20.3566353928368,20.146629179072,20.1756621355131,21.4011326385751,20.3628702980778,19.7898558720559,19.7412616073148,20.5686850069776,20.2311165773148,19.7510003297745,19.8258675437762,21.0251136577315,19.5738854624616,19.6654386480707,19.6735456056224,20.0090244932432,20.1364048465039,19.0747360615692,19.8630261716639,19.7225632753334,19.6656462347916,20.2259455345324,0.119111392419555,-0.211835608010726,0.450058392849836,19.988214174964,0.724445405399461,-5.35771183917172,0.472457877059437,0.896077533266722,0,0,0.914561541375655,0,-0.140563210215337,-0.469581369141563,0.18845494871089,19.988214174964,-0.859929027662675,-5.61445829036521,0.394283888186162,0.802565618275863,0,0,0.877375736147689,0
"Q16531","DDB1_HUMAN","DDB1","DNA damage-binding protein 1","=""DDB1""",24.8008507100463,24.6695382644833,24.8151489113553,25.2402564835453,24.7003881718143,24.9462296197757,24.4452033408932,24.7320978233019,24.7928028507109,24.6597789607557,24.8192327008475,25.0266599854227,25.003739735394,24.8892482883273,24.5685792855426,24.6631493223538,24.3581477356379,24.8420944632172,24.9541487027102,25.0173572071269,24.88667946178,24.5180337602268,24.4785751719153,24.9111578312186,24.9137209183286,24.4863369835713,25.2395183700385,24.745443253936,24.916690194812,24.6042086779152,24.7769638668511,25.2598736539031,24.6956907538411,24.8993410446775,25.86615531405,24.6303441799069,25.0247847117428,24.8655667069735,24.5219371999295,24.7414666385519,24.4442206033691,24.9466359254972,24.6863821852399,25.1424684901265,24.8730166078824,-0.0416810302750683,-0.237257824319921,0.153895763769784,24.8226636682122,-0.428974950235633,-5.5065854332424,0.669942068434587,0.942492860389654,0,0,0.983442682767176,0,0.122639055183644,-0.0717978686188639,0.317075978986151,24.8226636682122,1.26958231603764,-5.20863317629393,0.210613310829953,0.701115954106001,0,0,0.826100603755098,0
"Q16543","CDC37_HUMAN","CDC37","Hsp90 co-chaperone Cdc37","=""CDC37""",21.6609029395256,20.5994253375328,21.485702103673,18.4120204289865,21.0313813799423,21.0951380691196,19.9834352172011,20.9483433574689,20.064650332404,20.7516787477754,20.1502825445596,20.1344877512752,20.9506500450134,20.7365403792069,20.4526309782431,20.5990762593163,22.1225613956523,20.2559277445829,20.5125268651865,20.6682654126911,21.1874935646827,21.2824424666602,20.4859871133277,20.5945329551516,20.2197226377711,20.0762382548345,20.3003260822023,NA,20.9825856584299,20.661472129382,20.4845967135562,20.6188658474869,20.7637273405822,20.5214659402765,19.0322583903964,21.315528555025,21.0983447538272,20.8469544422004,20.6979844763257,21.0157238856405,20.2855740542839,20.4106145400718,20.6220057476142,21.3524022986126,20.7013108871926,0.132010280192869,-0.292309310630883,0.556329871016621,20.6403133187475,0.626592964232805,-5.40173827316411,0.534089205125134,0.899103645978957,0,0,0.92053906080173,0,-0.0629757116101324,-0.484816899187987,0.358865475967722,20.6403133187475,-0.300673357665321,-5.90622334306161,0.765047147713661,0.940198443926051,0,0,0.983275417461165,0
"Q16555","DPYL2_HUMAN","DPYSL2","Dihydropyrimidinase-related protein 2","=""DPYSL2""",20.4296404028863,20.9416848619012,20.6277488418574,20.9381637153442,21.2999640982836,21.009370727773,21.1905328642322,21.2118007679673,20.3996064888897,20.25056475516,20.2834445565773,21.3918784134162,20.7548594165641,20.5440671120355,21.2160236838827,20.9913654512228,19.7890221015225,20.7368926769745,21.1188997113679,20.3916043699072,21.4863778403968,21.5303138858605,20.7867337132236,20.4191892198343,20.9085268038399,20.636073465626,22.3668668796203,20.9123103605744,21.0113704265366,21.1627000884556,21.7427650719809,21.0743042259152,20.6127189420469,20.8707443582474,20.9582194146046,20.783742355884,20.6078222468702,20.4318933106419,20.3172153286357,20.8353631209923,20.5325347205267,20.9581106564175,20.8152769624639,20.7460613167436,21.3876943171278,0.118175601053846,-0.186186104562642,0.422537306670333,20.8758236455741,0.781535339247687,-5.32035038856157,0.438488279251453,0.873144117382484,0,0,0.907168935635903,0,-0.104918709724291,-0.40750651955301,0.197669100104428,20.8758236455741,-0.697930733721947,-5.73336740765965,0.488730521683948,0.834663611429138,0,0,0.927635945750938,0
"Q16563","SYPL1_HUMAN","SYPL1","Synaptophysin-like protein 1","=""SYPL1""",19.2008949330411,18.9865081766697,18.8962952192099,19.2209421153266,19.1443602049691,19.8004777520204,19.1765536820185,19.3267783776899,18.903047701542,19.3803035558292,17.9736395868199,20.1144889957939,19.050944765097,19.2685034395909,19.168914559532,18.7164615595733,18.7828340457934,19.0143401971999,19.5256044363599,18.7695902610351,19.2795919937646,18.8875227990527,19.0481017565614,18.4107623531503,19.0593652740178,17.9593906545598,18.6153430595344,18.4268950277684,20.0301577294207,19.4502999300231,18.6349249350003,18.2317831328356,18.9514693435565,18.4346001494489,18.4617340067278,19.4309510792778,19.0503806413053,18.7130275628107,19.100157582307,18.5729702371249,18.2976363103362,17.8562969959164,18.507206775232,19.6064113599069,19.2383414491104,-0.245251672599633,-0.557220906186347,0.0667175609870815,18.9483734600858,-1.58238086245376,-4.51702899510602,0.120408678395502,0.685914930018244,0,0,0.595017563437597,0,-0.192557967794531,-0.502708967026658,0.117593031437595,18.9483734600858,-1.24968086244519,-5.23174172167331,0.217731614274811,0.704875885604619,0,0,0.745609629160414,0
"Q16576","RBBP7_HUMAN","RBBP7","Histone-binding protein RBBP7","=""RBBP7""",16.4444013706199,NA,NA,15.5631586614565,16.2961937032452,16.7684105411386,15.5893168313583,15.9249314800994,15.6779014464097,NA,NA,16.678359118257,NA,NA,16.0929125277971,16.3798561871879,NA,16.0402424994584,NA,16.1091039889275,16.2244142915055,NA,16.9642652922402,15.9756351203555,15.2846927773682,NA,NA,17.223943939958,17.353109628202,15.9267460816486,NA,NA,15.2424424191844,NA,17.4341311797368,17.4429287768566,NA,NA,NA,15.7394865052419,NA,NA,15.9746318612277,NA,NA,0.250311022208965,-0.297953636563212,0.798575680981143,16.2646340095617,0.940207215165014,-5.03908258184782,0.356093198145473,0.835884436312426,0,0,0.772238493376598,0,0.0379131490708851,-0.612327754546915,0.688154052688685,16.2646340095617,0.120074125121847,-5.59407757421484,0.905382643046118,0.977865538778253,0,0,0.996238615215308,0
"Q16585","SGCB_HUMAN","SGCB","Beta-sarcoglycan","=""SGCB""",19.8692401597749,20.0548419007523,18.8629302957641,19.7772505381169,19.8222910589861,20.0433721611725,20.4357793536131,19.9243110235178,20.0785927489442,NA,19.6279219688783,20.2150298293213,19.8289748745277,19.8992058474667,19.4721689659396,19.6983890090573,19.3810161148429,20.1385974118915,19.9626039694891,19.4074150014046,20.1720987459196,19.9032498646787,20.8803327164498,20.1976475521117,19.4206703406884,20.0596001678339,19.4709297770955,19.8729512373424,20.2152787713551,19.8578329074826,20.1237040554284,20.4821173277155,19.8895179284651,19.9077848270636,19.357497826707,20.2094650988053,19.5473888787126,20.0265891898838,19.5424958006161,19.9243937362316,19.4917882567496,19.9744495761804,20.078423398044,20.1986243742387,19.8804097335444,0.0757083945239323,-0.182153676834873,0.333570465882737,19.8905721437001,0.591326598482345,-5.42040849374273,0.557257847433482,0.905137078267613,0,0,0.956696801666629,0,-0.000264238617130985,-0.252395583001436,0.251867105767174,19.8905721437001,-0.002110766987276,-5.96482507112068,0.99832517408245,0.999903966701438,0,0,0.999999557075399,0
"Q16586","SGCA_HUMAN","SGCA","Alpha-sarcoglycan","=""SGCA""",20.0122871285116,20.452155860662,18.4555998044666,19.4775489191737,20.2945312659199,20.7229888989186,20.7241233514465,20.5850137933667,20.7062285366399,20.2169402833694,20.226704427175,20.8432668590842,20.6554552116624,20.7856193975411,19.6866644765052,20.2668501522065,20.4059587093426,20.4769443740165,20.3157365952082,20.2500643433075,20.2680228722452,20.0914080557652,20.8913438318969,20.5718302357132,19.9666377522046,20.5098511510395,20.0910601226487,20.6763602973515,20.9842828077564,20.5505474345506,20.1725699865926,20.2784019502469,20.4203416190814,19.5201410760679,19.4842792874311,20.5719568318996,20.3568585401939,20.4032387428961,20.5751875594418,20.3206898959621,20.6529120322012,20.0499733010225,20.6713962837352,20.7063714360029,20.1854718173973,0.17360798228238,-0.13117912538118,0.478395089945941,20.3229292735526,1.14652599784385,-5.0174622106154,0.257501379108886,0.782013090941701,0,0,0.790144694208018,0,-0.129807225005365,-0.432817957532127,0.173203507521397,20.3229292735526,-0.862286653977482,-5.61255077618301,0.3929990325023,0.802565618275863,0,0,0.885827347350058,0
"Q16595","FRDA_HUMAN","FXN","Frataxin, mitochondrial","=""FXN""",20.2869041305603,20.425104721314,20.9524326397706,18.9448732315333,21.070815247753,20.3257799241891,19.7414484059639,20.502872329606,20.5667472834085,20.4820092221721,21.0314152722246,21.2218605195884,20.2009335814977,20.6742647201222,21.1473917698337,20.7293372305735,21.4207173949937,20.4307246185298,20.3387766980273,20.5272038695276,20.7285301505225,21.1203451544817,20.7935245716916,20.5952407351858,20.955785074567,21.090443577207,20.4789785107022,NA,20.9601122767421,21.2959474643569,20.4398269543109,20.6438522593647,20.8607748384501,20.8110381220125,18.8313970594401,20.9922247765345,21.0553153859723,20.6947451085766,20.9827842375647,20.6649789650947,21.5535184919737,20.6537902701198,21.1866470334837,20.9541172887566,20.9891136872441,0.298558047631591,-0.059337711079685,0.656453806342867,20.6898782910351,1.68013072950936,-4.37694486812581,0.0998559119155375,0.661354198276587,1,0,0.502637619615123,0,-0.065498199969845,-0.421303529605336,0.290307129665646,20.6898782910351,-0.370755635021673,-5.88383657977946,0.712557622745011,0.919870186920418,0,0,0.978047560782286,0
"Q16654","PDK4_HUMAN","PDK4","[Pyruvate dehydrogenase (acetyl-transferring)] kinase isozyme 4, mitochondrial","=""PDK4""",NA,NA,NA,NA,NA,NA,NA,18.4149840309992,NA,NA,20.4444741890776,19.5067352852605,18.9642358497829,NA,NA,18.3134241541865,18.2280333937569,NA,NA,NA,18.8831991707886,NA,19.6892715399162,18.4137045566625,NA,NA,NA,20.4074247591199,NA,18.4908586947486,19.209393851666,NA,19.8800469112506,18.1722309626493,17.7315887357196,18.7254160808277,NA,20.7234621440238,NA,NA,NA,18.6310903151145,20.2335354669666,20.8675244673455,18.3396705543615,-0.21754894840894,-1.29290221684556,0.857804320027685,19.1557288149631,-0.419508867957753,-5.10775513625104,0.678904959974752,0.942492860389654,0,0,0.919200434164007,0,0.315536814821719,-0.527585358692729,1.15865898833617,19.1557288149631,0.776059184445756,-5.41847995598597,0.445962234847975,0.825356448299131,0,0,0.775069476876601,0
"Q16658","FSCN1_HUMAN","FSCN1","Fascin","=""FSCN1""",NA,16.6393421065173,NA,16.4815166017757,16.1614384807955,16.0798561667149,16.9776046395649,NA,NA,NA,NA,16.7711615688598,NA,NA,16.9537836347264,16.6949102293825,NA,15.5870729959152,16.1691390026678,NA,15.9492957417929,16.3030896885194,16.5733056888847,15.8983919453608,16.5872053914875,NA,19.180299498138,NA,16.6394615128718,17.300551869706,18.036590721328,17.0932275233055,NA,16.4363557591875,17.9393585273583,NA,16.8404847601869,16.029212108895,NA,16.4414674187428,16.392483680513,17.5177350763824,NA,16.6136264278802,17.675085002737,0.148691083455127,-0.484753253937627,0.78213542084788,16.757346681731,0.479363854720995,-5.26778405980922,0.635151171382814,0.93570056017235,0,0,0.934737320860115,0,0.325668448313639,-0.230327276494932,0.88166417312221,16.757346681731,1.19617039331521,-5.16630014237677,0.240986126223668,0.72223973331517,0,0,0.629121180609113,0
"Q16698","DECR_HUMAN","DECR1","2,4-dienoyl-CoA reductase, mitochondrial","=""DECR1""",25.7423540993635,25.7196332697254,25.628116189556,25.5811225148125,25.728917152658,25.5434759009914,25.9684789372268,25.4571144423097,25.6728714285349,25.4631519333295,25.8345388673075,25.8619938622249,26.1262972768537,25.1347738358909,25.9730553015417,26.0886289751145,25.7565698238352,25.8688957468854,25.7784699375291,25.9552034848759,25.4172629002181,25.9688077081723,25.6631077987792,25.7281090097467,25.874799229886,25.8260816312895,25.679885104011,26.4912414350868,25.6434492727674,26.1865438932174,25.7486041296323,25.6271639674724,25.7847202570665,25.5215219422594,25.4207845946016,25.6301387470666,26.2144797874772,25.5563060107994,25.690030248316,25.6088052290685,26.0745227897786,25.7240541649952,26.2202520299756,25.5643535614162,25.961461760425,0.163529551602753,-0.0080697065696595,0.335128809775166,25.7713366707576,1.91819012026311,-4.03603010288338,0.0613008654836882,0.596381098478042,1,0,0.633453817574336,0,-0.105323782070922,-0.275922917048994,0.0652753529071496,25.7713366707576,-1.24268321113718,-5.23978636463287,0.220276514506124,0.707512495923732,0,0,0.852705227545152,0
"Q16718","NDUA5_HUMAN","NDUFA5","NADH dehydrogenase [ubiquinone] 1 alpha subcomplex subunit 5","=""NDUFA5""",25.5237355204923,24.3341968892,23.9330131614373,24.5853219379987,23.4228213029883,23.3842885309077,23.724431050295,24.1369736963262,23.9551531669867,24.558480453828,24.4215946513884,23.0045322228822,23.8214586254273,24.3432358344734,24.3997186385116,24.2157777634904,23.5712144347786,23.8598392006469,23.7557631238165,24.2642688721412,24.3069013902334,23.8626370225726,24.630466687609,24.6493863618194,24.3654347326531,24.6782168049633,23.6821216179053,24.5364611405655,23.952872792917,24.0856319952544,24.0474966992324,23.7145801330416,24.2098271820424,23.9938819983979,24.476903410697,24.4441570446764,23.4428456802995,24.9643541669645,23.8711917454112,24.6780780358938,23.8937208241656,23.7316100534374,23.4438460380758,23.5936274510691,24.1438943000964,0.0626301199806818,-0.262893847045618,0.388154087006982,24.1025769864002,0.387267528738325,-5.5215253097944,0.700342618322771,0.947110987403691,0,0,0.977939034870999,0,-0.117798611857722,-0.44142534416865,0.205828120453205,24.1025769864002,-0.732666938569281,-5.70989912984666,0.467475414096775,0.834663611429138,0,0,0.914319626115925,0
"Q16740","CLPP_HUMAN","CLPP","ATP-dependent Clp protease proteolytic subunit, mitochondrial","=""CLPP""",NA,NA,NA,NA,NA,NA,17.5780798901631,NA,NA,NA,17.786776128853,17.7501369013874,18.0851408535736,17.4154068921627,17.7589785438466,17.4197994417526,NA,17.676742131374,17.0865118776348,17.066439903752,17.6994812124613,NA,16.6337236321662,16.8828079687827,17.4327084392989,16.7162018411058,17.0092324150534,19.1965191403385,17.5472704847765,17.1954193189517,17.0090158131316,17.5650640411843,NA,NA,NA,NA,17.9070650187901,NA,17.3410245654476,NA,NA,17.9783632476696,NA,NA,17.6116025404155,-0.335412320075427,-0.804727843797128,0.133903203646274,17.4939804897629,-1.46894150280693,-4.51415357595679,0.153826352913242,0.720861261794311,0,0,0.533728133342742,0,0.237909214918982,-0.229070908771609,0.704889338609574,17.4939804897629,1.04713645271142,-5.19539186050673,0.304659081049742,0.754001885643784,0,0,0.753693247562347,0
"Q16762","THTR_HUMAN","TST","Thiosulfate sulfurtransferase","=""TST""",NA,20.3124262562882,21.4483138433092,19.5691166343146,21.5259522038569,21.2219278900695,NA,20.0430764214229,20.9214634391821,21.1846892719707,NA,21.476555526326,20.7292307747251,20.8354538967362,21.16379841291,21.0394604050817,20.9213367623203,21.0218858386742,21.4726124788813,21.1325641913892,21.6051631563557,21.14048042735,20.4920398381262,19.5722232002836,21.500733422068,19.713906137798,21.1243169426562,19.0984921704821,20.5088822013289,21.2490799267148,NA,19.7998248759827,20.782380070987,20.6975424858631,19.8165936830552,20.5869797926782,21.3033245608757,20.562418532807,21.1547125513327,20.2198871841859,20.7999270818473,20.0728670878839,20.944067634062,20.9708901332275,21.2058284738555,-0.102365047610796,-0.559116522872512,0.35438642765092,20.754693312665,-0.45227015122989,-5.44927304635756,0.653399488829236,0.939230804260979,0,0,0.957372102372396,0,-0.132347440639553,-0.56866063362496,0.303965752345854,20.754693312665,-0.612129619353152,-5.76977643769649,0.543748692356034,0.851538097489533,0,0,0.922530285413772,0
"Q16773","KAT1_HUMAN","KYAT1","Kynurenine--oxoglutarate transaminase 1","=""KYAT1""",17.4597818014549,16.7576876551709,NA,NA,18.4710588728188,18.0179649894442,17.7319271224369,17.3043559242465,17.6903916156399,18.1754427013129,17.6568654249006,18.7547144076075,17.7476947718243,17.7185746282667,17.7192151626026,17.7362684147004,NA,16.7051235082795,17.5128601762418,18.7294148796074,16.3566744048364,18.5556295320826,17.6408140002676,18.0858671156501,17.7944245288119,18.2166941789379,NA,15.9733249382053,16.832729644872,17.770839523956,17.4290512152506,NA,NA,17.3933757517703,NA,16.6326283996045,18.5190763093261,17.4636812519786,17.9834706965819,18.2266874281807,17.2719259081658,16.8826990167234,17.2373882689695,NA,17.6622046375846,-0.277147580749709,-0.727876134703291,0.173580973203873,17.6167169948192,-1.2447316132186,-4.8720319150474,0.220844492973903,0.752472233109963,0,0,0.657983769238089,0,-0.0180773970582742,-0.485407361374635,0.449252567258087,17.6167169948192,-0.0783054462070886,-5.85920546050821,0.937995536481996,0.984489678376615,0,0,0.998843533437275,0
"Q16775","GLO2_HUMAN","HAGH","Hydroxyacylglutathione hydrolase, mitochondrial","=""HAGH""",24.0937448777605,23.5065410155399,23.9215456794518,23.8602402721403,24.1727463551596,24.3656426296192,24.2210305718812,23.8672977998742,23.7777739748532,23.8503731789158,23.6608933596472,24.6434874046525,23.4840403802381,23.8505231371376,23.5040982051466,23.8557835173988,23.5340883322101,23.6672809896741,24.0618676058714,24.1877836709918,23.8217881801909,23.8024922896194,24.0000182503214,23.9396397747594,24.0560643231043,23.6291169243837,23.9377635480894,23.7476381599211,23.6431000007765,23.7355907962694,23.6072166462069,23.9880714227593,23.729344688787,23.9587797314355,24.0581889875976,23.8162560781633,24.4018826109496,23.8855145382487,24.0488562663524,23.9637333727646,23.7260892605239,24.0549737140254,24.0064347044709,23.9850424816942,23.9613098704191,-0.0779148763548285,-0.256512273417011,0.100682520707354,23.9020375462222,-0.878124452293271,-5.25089800412903,0.38443586055715,0.860555362002783,0,0,0.928221460086768,0,0.104778534054439,-0.072777952917844,0.282335021026723,23.9020375462222,1.18780892503267,-5.30140908683483,0.241000395987613,0.72223973331517,0,0,0.861486996371368,0
"Q16778","H2B2E_HUMAN","HIST2H2BE","Histone H2B type 2-E","=""HIST2H2BE""",24.3087215609411,23.0799038832526,21.6584414004118,23.059750600619,22.8715198836732,NA,23.9657648004866,22.0361086117218,20.9798000344358,22.7159045843041,23.5232350245534,24.1616240999477,NA,23.8711953914672,21.9542338083093,22.8176003717215,21.7778319906197,21.7291374495691,22.1564372390492,22.5569239743974,23.0002902768809,22.006135546341,23.7198019883985,21.5667775003509,21.5878286108079,22.711954701266,19.5489527440252,22.9720204916651,22.4064950943161,23.4804327896022,23.1126727709938,21.707429626932,22.3702190303348,20.5024171289346,23.5712707481152,22.615844439944,23.6164815855326,22.9955298296372,22.8685459970419,24.2249556182053,23.1769044615073,21.7722713673188,21.7614482030578,23.9644345192916,22.4986755255356,-0.666803498638579,-1.35914921421944,0.0255422169422799,22.6275331466399,-1.94096499969386,-3.98824622199224,0.0586792478095438,0.594208897114349,-1,0,0.150945851411456,0,0.448032005558101,-0.216409616622455,1.11247362773866,22.6275331466399,1.35892363672047,-5.10070825604254,0.181089881177557,0.668341448626122,0,0,0.465064128690551,0
"Q16795","NDUA9_HUMAN","NDUFA9","NADH dehydrogenase [ubiquinone] 1 alpha subcomplex subunit 9, mitochondrial","=""NDUFA9""",25.2719541017946,24.3023020086693,23.8864618193484,24.0566421771202,23.4311578602677,23.4143828423601,23.9938218470789,24.2703742059877,24.0520678882284,24.5662941520423,24.3589889035616,23.2701442707272,24.825123141112,23.9264466598972,24.7762928143003,24.2442849895434,24.0272143241597,23.6570020967375,23.5896356144424,24.3240747342034,23.9491759782229,23.9553168385071,24.0936060701604,24.4934096947487,24.3306681455517,24.7273037557111,23.1934810460452,24.7708094253594,23.8515798464063,23.8599883432276,23.9988133603873,24.0005296525467,23.9528983563347,23.961077852945,23.9755296330972,24.6358334346809,24.1191327620962,24.3536986184463,24.269588806456,24.2735960872218,24.3594879444848,23.6336660902992,23.6193421540604,24.0130386693734,23.7713158540026,-0.0904925167520894,-0.380404956424697,0.199419922920518,24.0979456638212,-0.62828490582187,-5.41438800437144,0.532921778172933,0.899103645978957,0,0,0.944637298199851,0,-0.00866677510625635,-0.296889532909999,0.279555982697486,24.0979456638212,-0.0605257344142846,-5.96308168408537,0.951998890829474,0.987878263296057,0,0,0.99957375998465,0
"Q16816","PHKG1_HUMAN","PHKG1","Phosphorylase b kinase gamma catalytic chain, skeletal muscle/heart isoform","=""PHKG1""",21.8178250105838,23.1386598113347,23.1608092541792,22.0348055157588,22.3274474372986,22.2361439272009,22.269627545419,22.1899645261798,22.481373548973,22.8679709447922,22.7466501304349,22.8606419276333,21.6470391013979,21.8794858477543,22.5950094045382,22.4385868234536,23.6335299533454,23.2611111517884,22.719692035937,22.6974864831022,22.2400118653248,22.3733177498489,22.6028300888063,22.6943999635754,23.0046537393161,22.7372044861382,21.940315010845,21.5014315416329,22.2310270450566,22.5628788802738,21.900682321651,21.2147714355398,23.0140001007013,22.3908841391074,19.5045816874868,22.1159556390768,22.7324390068083,22.4182685974808,22.9874382856478,23.0524823346141,22.5283346280214,21.8669862211591,22.4221916887849,22.0068008113741,22.4418001468179,0.153297611431999,-0.273680926108866,0.580276148972863,22.3886566176932,0.722670210132672,-5.35882938156149,0.473537643974195,0.896077533266722,0,0,0.891728447815422,0,-0.402723984944867,-0.827213985277421,0.0217660153876872,22.3886566176932,-1.90963709109488,-4.29202710435018,0.0624221488359677,0.467370238367444,-1,0,0.327230673897873,0
"Q16821","PPR3A_HUMAN","PPP1R3A","Protein phosphatase 1 regulatory subunit 3A","=""PPP1R3A""",NA,18.3837742302666,NA,18.6535571428362,NA,NA,17.7480882576036,NA,17.9193606832068,18.5450977961204,17.465217444068,17.6113956513407,18.6619493841056,17.7277007975577,18.7862590759972,18.8461386639598,20.4227202703624,19.6976364984576,18.8775576171739,NA,18.7563926188024,17.5463742311447,19.4448675871498,18.5473259182667,19.1229794797063,18.5815896700321,NA,18.3398467955801,19.3113120870979,18.7341409873726,17.3783883575358,NA,17.4193564572732,NA,NA,18.1533174611406,19.6401062367207,17.7240947371161,NA,18.7321628414679,NA,NA,18.0468433727981,NA,NA,0.789931172469352,0.265713281839287,1.31414906309942,18.4941850784087,3.07312855970507,-2.03993337977017,0.00438643371498859,0.416167334657996,1,0,0.013722411188182,1,-0.772613521222468,-1.35388251870736,-0.191344523737572,18.4941850784087,-2.710743712271,-2.71513186820317,0.0108381967802866,0.282187558578439,-1,0,0.0303236330847255,-1
"Q16836","HCDH_HUMAN","HADH","Hydroxyacyl-coenzyme A dehydrogenase, mitochondrial","=""HADH""",25.3373445843031,24.8851802485132,25.1350585769849,25.2647595382,25.2355670730123,24.7094680176999,24.5518158598215,24.870924982763,24.9113436505042,24.7363692311693,25.4516178793749,24.5589317398193,25.6648028972012,25.507403213663,25.2033718256011,25.3145581824718,24.010165353442,24.7991672660936,24.8943931635323,25.7014399231402,24.931286665163,25.2523449488885,24.1935727800204,25.4731443755579,25.4996506211935,25.2766310842511,25.1306807207583,25.2344949951473,25.0532442016258,25.050337365464,24.7457397831525,24.3934529819727,25.0375747485932,24.9965141454005,25.0975570744787,24.7143356647087,25.0649777339596,25.2927084315887,24.8689530760563,25.1481137685125,24.7780471664186,24.5496854436371,25.1037069372146,25.1420756162237,25.4895750770053,-0.0237690751903799,-0.27437920038008,0.22684104999932,25.0280464136512,-0.190908155212549,-5.57143855714288,0.849436912729462,0.95848719206779,0,0,0.996128836517148,0,-0.0928062665218015,-0.341955773515314,0.156343240471711,25.0280464136512,-0.74977003518374,-5.69793559491504,0.457207478569781,0.831474716578483,0,0,0.929943122085947,0
"Q16851","UGPA_HUMAN","UGP2","UTP--glucose-1-phosphate uridylyltransferase","=""UGP2""",25.3545055788034,25.3479867560388,25.6390519640776,25.9477400396479,25.4872690682334,25.8111052232689,25.4104983994813,25.1572595846105,25.2698632901812,25.5168063702861,25.0935725347693,25.9641638415175,25.8213533624073,25.0946451357666,25.6613911425846,25.4314764171417,25.8688309767665,25.4306719442132,25.5873284457768,25.4799052875709,25.2426573697077,25.3842476170254,25.1664220336057,25.2988397187586,25.7524068025268,25.2489045666802,25.8201180891919,25.9610539160308,25.2243508319018,25.5592733415507,25.4140357893963,25.7226727509807,25.3465701450651,25.8065009296083,26.0727041643643,25.1463148659913,25.6089900361605,25.2912692823104,25.1805390818249,25.6188866501168,25.1510059975694,25.5521238890968,25.5492651571495,25.3382422135955,25.59255247835,-0.00929769113863088,-0.194648372504643,0.176052990227381,25.4983416240378,-0.100969856320287,-5.5829996577312,0.920012816457944,0.974436949333244,0,0,0.999225173411317,0,-0.00432092845790422,-0.18859133991194,0.179949482996132,25.4983416240378,-0.0471989437794342,-5.96376765685968,0.962558812950776,0.990985967489539,0,0,0.999835126486482,0
"Q16853","AOC3_HUMAN","AOC3","Membrane primary amine oxidase","=""AOC3""",NA,19.4377329910284,19.8734482039204,NA,20.8649902159863,20.8618298499714,21.2211239388603,21.6071714522391,19.3932090886086,19.4682676907273,NA,19.2876589618269,20.4047765004762,20.3420342069929,19.9406693227214,20.1624602106613,NA,19.005697487736,18.7431556114616,18.9147118055615,21.7990082924333,21.7885277376369,19.1563199484711,18.7419387546888,19.2302434059912,20.0290815133204,21.1826243969207,NA,20.1383396994465,19.3489196976045,19.9229245324096,NA,19.7055550598375,18.4792540771883,20.5213859560497,20.5088894840341,18.812742375154,18.6504558833524,19.9653006881723,18.8135752005947,20.3334209254664,19.250315495584,19.8316182875578,20.4895208900116,19.9159061919868,-0.355230844373757,-0.986726811308295,0.27626512256078,19.9011488726331,-1.13686459931446,-4.96615974037054,0.262352936124216,0.785815429528459,0,0,0.621684955656164,0,-0.211958641171709,-0.817292489580227,0.39337520723681,19.9011488726331,-0.7076602866892,-5.6800579680121,0.483255175485593,0.834663611429138,0,0,0.857153263558319,0
"Q16881","TRXR1_HUMAN","TXNRD1","Thioredoxin reductase 1, cytoplasmic","=""TXNRD1""",21.0583226101879,20.2989494941706,20.604771372769,20.5439835467893,21.0290557383648,21.1196198897466,20.2635270916052,20.7369209679603,20.8345336457157,20.7182010640203,20.6111801229639,21.4392219882847,21.2964365495774,20.9804655939404,20.8556899444278,20.6946293698588,21.0610944261521,20.7793993003453,20.7718470060843,20.9102252692817,20.5236278506675,20.610009039195,20.7228917115339,20.5697068289823,20.5233294397629,20.6225936518853,21.2589139396231,20.126412441179,20.6628391046803,20.8633699610915,20.7448160769607,21.4462280553947,20.8644115534597,20.7259528591571,21.292507102354,20.6222065884247,21.02245584598,20.603916501536,20.7199336253187,20.6793829160002,20.9796438117174,20.8536387263636,20.942081485837,20.1844653814182,20.462471958059,-0.121048828161101,-0.340237821269265,0.098140164947064,20.7830195877517,-1.11161054469025,-5.05114107291202,0.272076791035931,0.794236235660287,0,0,0.854220654411684,0,0.0962148765105333,-0.121696628581153,0.31412638160222,20.7830195877517,0.888736212658071,-5.59080542316225,0.378764764123295,0.795820049946075,0,0,0.910820675109629,0
"Q16890","TPD53_HUMAN","TPD52L1","Tumor protein D53","=""TPD52L1""",17.3576389646456,16.4657761302479,16.0323064059273,16.072442067838,17.3767097843377,17.381333166205,17.6640852090573,17.0336026017591,16.7943556351291,NA,NA,16.1335855680063,15.3293611441842,16.0291783000075,NA,17.6971072937523,NA,17.0559997827842,17.7455704593398,15.5755816973463,17.2319355655195,17.1934104709546,16.3300912578292,15.7235081678361,15.4892997639847,15.2473395230543,NA,15.7922836693593,17.3621183612727,16.7665562822838,18.0350046190496,17.5638210948121,17.0348820906183,NA,18.2627433141495,17.4137932856571,16.733331752663,15.7608247055991,NA,15.4796519252646,16.4974742349325,17.4413805369103,17.3835480529031,17.2455621166967,17.0303973286784,-0.0102435645976335,-0.583831235803464,0.563344106608197,16.7569366402789,-0.0361215385129205,-5.51232516761187,0.971369512734877,0.98857573598783,0,0,0.999702485775893,0,0.510174253429582,-0.0489618973018122,1.06931040416098,16.7569366402789,1.84550787429141,-4.35469673772962,0.0725577155265192,0.498910158863055,1,0,0.262270899954266,0
"Q16891","MIC60_HUMAN","IMMT","MICOS complex subunit MIC60","=""IMMT""",23.8262167573918,23.6633862023039,23.1770578763647,23.0638664401457,23.0907346410047,22.8211644810068,23.7207056152021,23.29225547923,23.4094491453564,23.8216111994762,23.6427900179412,22.9042881650022,23.6904476087402,22.9684672454501,23.5012712868925,23.6649933546372,23.6659839385067,23.4331840789822,23.3480106091526,23.2667427079632,23.3613768455582,23.3760037056918,23.7859257895691,23.5246796508616,23.5557439313674,23.7573609030204,22.7946930072009,23.4027368525308,23.4146084906657,23.6758010925057,23.2840346598451,23.1874907046189,23.5736867189175,23.2585675979971,22.3971628997643,23.6322300542924,23.3697341825417,23.5968896212166,23.612723329061,23.5921060723371,23.6102655369297,23.0390631550235,23.3337543751681,23.3304173514155,23.39538882238,0.100820236993687,-0.107366176502604,0.309006650489979,23.3963349378051,0.974778946044277,-5.17362617402586,0.33476386947508,0.826372714395847,0,0,0.895538024947435,0,-0.120955325113659,-0.327928376366419,0.0860177261391013,23.3963349378051,-1.17631057375482,-5.3139915485993,0.245517158980544,0.72771949909063,0,0,0.843775968010803,0
"Q1KMD3","HNRL2_HUMAN","HNRNPUL2","Heterogeneous nuclear ribonucleoprotein U-like protein 2","=""HNRNPUL2""",NA,16.2101087240452,NA,NA,14.9914204994589,15.8202726213283,NA,NA,15.4130653121332,NA,14.6347989257977,16.167541264571,NA,NA,14.0723408001943,16.0406949759973,NA,14.2821650372367,14.2083826730072,NA,13.9876305108203,15.5441475713993,14.625295278238,14.743146510066,NA,15.6525998136809,15.9076206233448,16.9982996384933,14.7022892179993,15.8032316064782,16.2547105664243,16.8440939155132,NA,17.6098421476787,NA,NA,15.1490650024961,16.379342346329,NA,15.4188888646408,NA,15.916783338343,15.9145963615471,16.1032512548465,16.2374567555217,-0.105197389265363,-0.822639858794153,0.612245080263426,15.5735545571597,-0.299437850490274,-5.33548883131085,0.766667964928236,0.948679518362231,0,0,0.972435916573329,0,0.925245173173533,0.283364059307597,1.56712628703947,15.5735545571597,2.94368304707755,-2.26855221158501,0.00620228971035185,0.235314871610749,1,0,0.00906920957193567,1
"Q2TAA2","IAH1_HUMAN","IAH1","Isoamyl acetate-hydrolyzing esterase 1 homolog","=""IAH1""",21.9762801640606,20.6227042354562,20.8595709517602,21.5624544563945,20.0913667360416,20.6349895856925,20.1802644218967,20.879378818161,20.0579302745295,20.6957299353749,20.3771006471003,20.315278139231,21.3043184550827,20.7832001251866,21.6258723849147,20.4000682603669,20.5332712188655,20.2016117433698,20.0497245492871,21.0348278947625,20.6281021935012,20.3515492635686,19.0482609894754,20.2077823941573,20.9840964920826,21.4131537399926,20.8342785428231,21.306534005337,19.9702235184569,20.6352697344495,20.2305136763039,19.5165980710656,20.471170024342,21.0786709584401,20.7164525773799,20.1546694293634,21.1436923412858,21.0546990839792,20.0899316083207,20.735930508615,20.435081549162,20.1697706632113,20.0476772528893,20.7375897272364,20.5240767550166,-0.304603822762722,-0.682552003933268,0.0733443584078233,20.592704846622,-1.62223549497489,-4.4641269260369,0.111581758721054,0.679806474125127,0,0,0.512735336026095,0,-0.0328153542589895,-0.408560759343709,0.34293005082573,20.592704846622,-0.175790025284244,-5.95007071535002,0.861229807190266,0.962730079104263,0,0,0.995109583371095,0
"Q2TBA0","KLH40_HUMAN","KLHL40","Kelch-like protein 40","=""KLHL40""",21.8595198139279,22.991904068426,22.4137713797477,23.1135439504283,22.8707832691633,22.8525886382648,23.7503284499632,22.9897045212579,22.9439953074005,23.9553187209313,22.9169731618943,23.0590169187759,21.1298463732443,22.4372711157102,23.118801796327,23.4487946874407,22.1298908451552,22.8709454225712,24.1060573523183,22.8730134188204,22.0425318746014,22.9913773595804,23.4820454735136,22.8518565105951,22.4264104247143,22.8377900791053,22.7888363143193,22.0215604850301,23.1033162269779,23.7826111270087,23.829983605301,22.2488095894367,23.1849874132106,24.8916025561283,20.8261188523125,22.8396544131083,23.0002602756891,22.9268745827746,23.5851991724916,22.8956330760273,23.3009425722994,22.9993798077154,23.3053580374006,23.6803420125841,23.9586098636036,0.10305054394026,-0.375681286940803,0.581782374821322,22.9696480203844,0.433280150729504,-5.50495710573393,0.6668345037931,0.942492860389654,0,0,0.95910237339609,0,0.247781215222091,-0.228160447373673,0.723722877817854,22.9696480203844,1.04791357199461,-5.44664685616641,0.300148535099706,0.754001885643784,0,0,0.742153492337685,0
"Q30154","DRB5_HUMAN","HLA-DRB5","HLA class II histocompatibility antigen, DR beta 5 chain","=""HLA-DRB5""",NA,NA,NA,NA,NA,16.7506145837005,16.7875743915038,NA,NA,NA,NA,16.8029160057205,NA,NA,16.910802943592,NA,NA,17.1791630993569,NA,NA,17.1699952020064,NA,15.9236185337206,NA,16.3083084384963,NA,18.3779703078158,NA,16.1860930175866,17.34859634349,16.2997168253071,NA,NA,NA,16.3988317834365,NA,NA,NA,NA,16.6673407394567,NA,17.5450186947471,NA,NA,NA,0.225055156106961,-0.499069501263102,0.949179813477025,16.8437707273291,0.658721517124316,-5.01324669363846,0.519418704560497,0.896077533266722,0,0,0.862930393440087,0,-0.207870443141939,-0.928380657481897,0.512639771198019,16.8437707273291,-0.611475158878624,-5.32250067151079,0.549453595801004,0.856094249166275,0,0,0.882956576922191,0
"Q3LXA3","TKFC_HUMAN","TKFC","Triokinase/FMN cyclase","=""TKFC""",NA,NA,16.2900547233519,15.9287586770017,16.324103660913,15.8285199770453,16.1300906572121,16.7656018009833,17.058807854206,NA,14.7388433789442,16.4006330814487,16.4211287223791,17.0698950858937,17.0128148772881,17.0289613710919,NA,16.8681878420333,17.5274625673418,17.0221384439576,16.9931962035196,16.4534948487255,16.0232767425493,16.6099959786583,16.8186473361627,16.610840274434,17.1926976666754,NA,16.5635471760183,16.8970793338203,17.2935902757031,16.0720121927726,16.8326670833669,17.1331098812544,16.5352527103898,NA,17.048941383089,17.128054441321,15.889116068059,16.9216405533441,17.0442986902992,17.6539201822114,17.7008398400738,NA,17.4295899470148,0.491028208935951,0.0933878672719634,0.888668550599939,16.7174160929093,2.49764632844814,-3.04905893924105,0.0168247084754908,0.473767971577395,1,0,0.134552013727734,0,0.164883390164714,-0.222645915727682,0.552412696057111,16.7174160929093,0.860572165656477,-5.55295986613872,0.394728039184925,0.802565618275863,0,0,0.857899158575557,0
"Q3SXM5","HSDL1_HUMAN","HSDL1","Inactive hydroxysteroid dehydrogenase-like protein 1","=""HSDL1""",NA,17.714674470022,18.5074053506125,18.0844997302881,18.7136350542826,18.5126079530472,17.4046487878004,17.6591774813845,17.9484484052965,18.1935814142018,17.8514182208437,18.3428714822603,16.9161394062881,18.178606029297,18.6061612972886,18.4588998619063,18.23394911902,17.642457440457,18.0624596956768,19.211082197847,18.7965852651743,19.0503866818048,18.5188926053382,18.2368837211446,18.4315685883521,18.4814774417946,18.3916079860172,NA,18.5095947557319,18.7463345183954,18.5580955224121,NA,18.4937712139687,17.2810573054275,18.330556058778,18.4658135419926,19.2141895866825,NA,18.288670166753,18.7547927341061,NA,17.0271473108939,18.6423142255802,17.789706540665,18.8387067040313,0.40042032508703,0.0471547401054234,0.753685910068636,18.2772718968216,2.28904468373053,-3.42023176660618,0.0272937047379292,0.488872265797768,1,0,0.236465416553794,0,-0.184194425441536,-0.549104865052535,0.180716014169463,18.2772718968216,-1.01936491433739,-5.41240524389115,0.31400142406801,0.762689758587727,0,0,0.807862796121394,0
"Q3ZCQ8","TIM50_HUMAN","TIMM50","Mitochondrial import inner membrane translocase subunit TIM50","=""TIMM50""",21.1993292686198,20.5978764887486,22.3214625090642,20.6433368778839,22.0235679628519,20.7790724100121,20.4881203314781,21.1097501112148,21.1265434496897,20.8287490140608,21.719960764235,19.7365458737722,NA,20.9140549003112,22.4717768560011,22.1898298107698,20.9852377176371,21.2940362700845,21.2877145260442,21.2178125282196,21.9944262548061,22.1284344369664,21.3060088566414,21.4743802346392,21.5852654055254,21.9068659976957,20.2799847265517,NA,21.6449475023399,21.6500395586732,20.8100428106166,20.4262163915146,21.2536081686535,20.234546299607,21.9501337159191,20.4412721455035,NA,20.6453513606036,21.6179208550479,21.7792357199953,21.0666754595585,20.3730980039784,21.624786777368,NA,20.4433788097198,0.338553572861745,-0.0799849429302898,0.757092088653779,21.2090584673811,1.63236834296783,-4.43375000963682,0.110070826302776,0.679806474125127,0,0,0.473755983800296,0,-0.523189926388113,-0.946657665674856,-0.0997221871013708,21.2090584673811,-2.49324659874642,-3.17438844955685,0.0166797025903105,0.324435639911382,-1,0,0.11745373422294,0
"Q49AH0","CDNF_HUMAN","CDNF","Cerebral dopamine neurotrophic factor","=""CDNF""",NA,16.859779381106,17.0391632201695,NA,18.3373797172622,16.8826395253419,17.4683708955098,17.5894789510251,16.6128499214413,17.4202924854637,15.5563901218848,17.7930357668374,15.6330973637027,17.2347677260791,17.8033939164264,17.7664306512366,17.9838543840679,17.414237583136,17.5048964594363,17.0426509996914,16.5523973846914,17.7257618485546,17.6840982492294,17.1449665422948,17.1951737536194,NA,16.9569777150869,15.1796145012824,16.5503557138999,17.6955503688271,17.3702048868553,17.4828474013135,17.5492266135621,17.3011493493422,NA,16.9549207619522,16.258874714607,17.5939028476619,17.9460929955451,17.1943923649307,16.8830679095541,16.3133703544725,17.1577121472005,16.9116827887769,16.8072985413882,0.0482783063297241,-0.41685736873764,0.513413981397088,17.1305450932797,0.209458779164686,-5.52503207258614,0.835101817061628,0.953252886904784,0,0,0.9913379047576,0,-0.0149050896152367,-0.469071643866312,0.439261464635838,17.1305450932797,-0.0662286092144214,-5.9322845140003,0.947509773647385,0.98759672560939,0,0,0.999196669820023,0
"Q49B96","COX19_HUMAN","COX19","Cytochrome c oxidase assembly protein COX19","=""COX19""",18.6384711289,18.6367127509766,19.3314846917235,17.9928402407253,18.5662341593742,18.8813182245934,18.8434187730126,19.0314547609956,19.2891563350213,19.3989320711265,19.0111648625179,19.1923902255801,18.3745026526656,18.8835589644406,19.335719997867,18.9329480632709,19.4435348451492,19.5769621264707,19.1048937824802,19.6366017415339,18.8887185986194,19.1126971315002,19.2363254639673,19.4322164358679,19.4204309924625,19.308039908683,17.807894128263,19.177288666557,18.7948753823152,19.6348584946135,18.3591171461594,16.5784348823313,19.3018899505287,18.433306150246,18.3307012279429,19.3445006682113,19.2362133507494,18.7786615885252,19.6579884459092,19.0521186712514,19.9858764630189,17.9271356930716,19.3282439621109,18.7699065195612,19.2463857358259,0.26890112459531,-0.118982854270299,0.656785103460918,18.9610250234826,1.39540921475743,-4.74951776156798,0.169586875247261,0.726731884094588,0,0,0.620558467890603,0,-0.345187020420695,-0.730810314898106,0.0404362740567146,18.9610250234826,-1.80178101499312,-4.46913422729305,0.0781297689923438,0.509320177932908,-1,0,0.4147769755027,0
"Q4G0W2","DUS28_HUMAN","DUSP28","Dual specificity phosphatase 28","=""DUSP28""",15.7228533243749,15.835767425933,NA,15.17783581066,16.6664425806818,17.4462778088726,16.4158375154424,16.1215899152475,16.8885165838346,NA,16.508279285384,17.1168374152088,15.8983365797913,17.1197349487349,15.1040138862932,16.4978526962066,NA,17.2594614289655,17.2992149398131,16.7396294254589,16.7836547008886,17.1505151398909,17.0008008176975,16.598130819857,16.7890567681279,15.9217849763091,15.5623056618908,NA,17.501905367421,15.5668062969975,15.124590330486,NA,16.1898743967636,16.2753616447598,NA,16.5135645388133,16.1367850163212,16.7233505855533,16.6086422534669,17.017112437598,NA,15.7744105863907,15.7573965038313,17.0480362982275,15.9789998710696,0.317981089119385,-0.129326898932024,0.765289077170795,16.4168833311385,1.43783673744618,-4.65911796279649,0.158448207726862,0.720861261794311,0,0,0.556646268514296,0,-0.395498581701052,-0.849082314779784,0.0580851513776811,16.4168833311385,-1.76360936627843,-4.46927775460163,0.0856229626879471,0.523957291029147,-1,0,0.378304021649239,0
"Q4VC31","CCD58_HUMAN","CCDC58","Coiled-coil domain-containing protein 58","=""CCDC58""",19.484064895246,18.23773645989,19.4294217142868,18.200292690705,19.2343098685503,18.6548794355866,18.4478169360951,18.5430307782639,19.012405798924,18.7461325723222,19.1882066919166,18.5632905240811,19.5456139938,19.0275813967416,19.2019247691334,19.4114201917082,19.572323786982,19.0666675069434,18.7508725505748,19.0199817688876,18.791114105064,18.9843754731232,19.1214846587415,18.9950782906318,18.9473921511216,19.0326472043572,17.9936911402225,19.0871115805242,19.7933510899308,19.3601347288776,18.7027714235192,NA,19.0388197560203,18.6037455265448,17.553918902141,18.9880958284879,19.7713353166438,18.7576860688712,18.692676627732,18.7618492101014,18.6446702261617,17.9950487511313,19.4304574043435,18.8731036675575,18.6686391141425,0.144783489293701,-0.161903997557595,0.451470976144997,18.907435740378,0.950810189006855,-5.19341674272242,0.346775186732424,0.831497302682968,0,0,0.857840500956958,0,-0.315265049222852,-0.625274004451143,-0.00525609399456017,18.907435740378,-2.0482003318268,-4.04168174868789,0.0463961646642236,0.407484700279197,-1,0,0.379829251486932,0
"Q52LJ0","FA98B_HUMAN","FAM98B","Protein FAM98B","=""FAM98B""",NA,NA,NA,15.0288413837082,NA,15.2100254640705,NA,14.0407924596319,14.7317881135894,NA,NA,14.6311557722772,NA,NA,NA,NA,NA,NA,15.2026942483433,NA,NA,15.448438564417,15.4517789063489,14.5455675518603,14.5937753715851,NA,NA,NA,15.2798564755706,14.691815797351,15.1250386054344,14.5034494845139,NA,14.9095996801909,15.341388049382,NA,NA,NA,NA,NA,NA,NA,14.1265178512261,NA,NA,0.318811147396564,-0.181075072184148,0.818697366977277,14.8742661046765,1.33968132311639,-4.58281127863785,0.19698139260282,0.735164347255353,0,0,0.595737432739118,0,-0.253014974461449,-0.750842841913628,0.24481289299073,14.8742661046765,-1.067594162579,-5.04969451334873,0.299781874964027,0.754001885643784,0,0,0.737265521514126,0
"Q53EU6","GPAT3_HUMAN","GPAT3","Glycerol-3-phosphate acyltransferase 3","=""GPAT3""",NA,15.3239189833964,16.7132646808845,15.5192352811622,16.6091136351805,15.4483808930139,16.5914018826421,16.0555333481531,17.5041265207849,NA,16.56476776607,15.6571623752305,NA,16.3878509418371,15.7332461311755,15.6124087417885,NA,15.6954320711581,16.9213089338952,NA,15.6883500843176,15.937353820528,15.6971859728191,16.3592457924344,15.5849225709054,NA,16.1914555025533,NA,16.0277753185249,16.7204300453024,16.0334569163674,NA,16.5280585527568,15.625892803854,NA,16.4779299309446,NA,16.5531515248751,16.6904710321383,NA,NA,17.1448493446648,16.594069830718,NA,15.741541732179,-0.108588776599102,-0.534599776729467,0.317422223531262,16.1854154050705,-0.518566678112342,-5.36322669360898,0.607518735409585,0.926074329447113,0,0,0.947320662406279,0,0.326464282354671,-0.128550357562847,0.781478922272189,16.1854154050705,1.45965689333608,-4.81785270329017,0.153827553304337,0.648468596929617,0,0,0.542744812834895,0
"Q53FT3","HIKES_HUMAN","HIKESHI","Protein Hikeshi","=""HIKESHI""",18.6074954055021,17.4064704885633,NA,18.1367438782329,18.7451198074431,18.8892629457479,NA,18.5511760910662,18.4784869099036,NA,NA,18.5861621300022,17.6987003906119,NA,18.6707652525879,18.6511819907651,18.7192543961182,17.9330681253005,19.3700876427813,18.0598913866072,NA,NA,19.7128411270583,19.5489635749229,18.8674533507955,NA,17.4745587080499,NA,17.5975275076506,18.6581755932304,18.7572801819056,NA,17.8633921429747,18.6668474561436,NA,18.2136321365689,NA,18.532296789836,18.5015873133344,17.6961680062131,18.1333102350382,18.1482444388152,19.1734131553419,NA,18.3730161040457,0.275028375337119,-0.18663310128738,0.736689851961617,18.4507054582237,1.21197691191746,-4.83917507880411,0.234117215897317,0.765321105760883,0,0,0.670774090295398,0,-0.266811736400044,-0.714869591692106,0.181246118892018,18.4507054582237,-1.21146623157705,-5.14999296783082,0.234310151663492,0.714839559457683,0,0,0.678973572158711,0
"Q53GG5","PDLI3_HUMAN","PDLIM3","PDZ and LIM domain protein 3","=""PDLIM3""",26.8474748780076,26.8594736868698,26.7791509249455,28.2702879253859,26.6970328882502,27.165045605622,27.1667005505602,27.2308503318988,27.0202371935797,26.9128924573657,26.8170811203328,26.9683449715621,27.0109006450697,26.8751884568688,26.6466246381344,26.6307810129812,26.6035539484957,27.1149212552607,27.3917110656789,26.3914568826111,26.3104712241437,26.3966645285703,27.3297290001113,26.8443121491045,26.3357575866537,26.7932420237816,27.1262866828195,27.4533704805825,26.9570146584939,26.6708575119713,27.5005235713314,27.7264528427117,26.8569237339137,27.5423952678251,28.7647965956661,26.7422773601463,26.3726171794391,26.794695797387,26.8427076669991,26.3478583920641,26.9745192600155,27.178380167044,26.5472004031493,26.7992520214115,26.7371981022637,-0.18077269756785,-0.504272997627036,0.142727602491336,26.9632269921574,-1.12478356233062,-5.03854945246621,0.266510602921237,0.792012700844304,0,0,0.787380870776177,0,0.22517789000716,-0.0964369697715067,0.546792749785826,26.9632269921574,1.40929025459711,-5.03694906968,0.165468223813539,0.655071957582339,0,0,0.666917023595702,0
"Q53GQ0","DHB12_HUMAN","HSD17B12","Very-long-chain 3-oxoacyl-CoA reductase","=""HSD17B12""",NA,19.5408094488633,19.5300075942188,20.2491586656562,20.0204650208714,19.3580343080017,19.5305516170214,19.6610406398955,19.6932595070532,19.7792765702896,19.663558406412,18.8861899144627,18.1606485394503,20.0348583589269,19.6520863812714,19.9008017737852,19.0846625822752,19.5702037604335,19.7117133230775,19.876872346675,19.6677965502726,19.8622340081315,18.4472845099355,19.4001682855993,19.7852936117373,19.7532572920974,20.3189282776075,19.7583102295853,20.0975905427472,20.2792786234571,19.9784148684837,19.3124020132286,19.8687656482149,18.6967477656942,19.7835769660782,19.3995376429807,19.8514044012247,19.7391324111393,19.1854546274005,19.9360682914044,19.826263021129,19.0445526687216,19.6721565519803,19.9652305581252,19.8629244879057,0.135191914603457,-0.183632022156474,0.454015851363388,19.6226584684891,0.854025116664942,-5.25603873989159,0.397610574504708,0.867495161100663,0,0,0.882774846736584,0,-0.0927842529137379,-0.404522646131423,0.218954140303947,19.6226584684891,-0.599452571296625,-5.79375812692884,0.551874814198666,0.856522355536481,0,0,0.946339288126843,0
"Q53H82","LACB2_HUMAN","LACTB2","Endoribonuclease LACTB2","=""LACTB2""",NA,17.8904399645807,17.8321462497142,17.1340896776985,18.9206708833876,17.6006227507254,18.1708949673725,18.3470268537396,18.5591391603328,18.8866259127433,18.088592222832,18.4434868188154,17.34906788008,18.2926039919077,17.6675995475151,17.7135081277494,NA,17.947068370441,19.4477978921576,17.3298014172609,18.138369052576,18.5994709127994,18.1344521264509,18.2596195621478,18.2485469537164,17.7940762779914,17.1681566255548,NA,18.7541838555582,18.5967952967438,17.6423653642453,17.8122946395854,17.9290986237278,19.3742533980538,NA,NA,17.9481278453969,17.6733630384985,18.3792099492526,NA,17.4909879254385,18.1187396184623,18.359744292915,17.5877583986715,18.2333685668493,0.076239932223217,-0.327738685858134,0.480218550304569,18.0990811541972,0.381410617641329,-5.48084524806607,0.704915083687929,0.947417763940137,0,0,0.973692803560453,0,-0.102128831109503,-0.51876565763986,0.314507995420853,18.0990811541972,-0.495403833743077,-5.7677547461728,0.623023098986551,0.885234347493014,0,0,0.952824572985619,0
"Q562R1","ACTBL_HUMAN","ACTBL2","Beta-actin-like protein 2","=""ACTBL2""",20.813874323837,18.9935277164071,NA,18.3282546155546,17.5786444677954,16.8343810062449,18.3903404329162,16.1918746434038,18.4724155684161,15.6998419124005,18.0270304089591,NA,NA,17.5153074033804,15.3837032432406,16.7209156052359,17.9083758420403,16.5422280893261,NA,NA,16.932089831583,15.9536024081481,18.3727852350152,17.7261164559264,NA,17.8806463073855,NA,NA,15.6310935111126,NA,15.9457584815711,16.0694935711686,18.341337677942,NA,NA,18.286365212678,15.738703926059,NA,16.6976085451099,17.561218420648,17.5034174522186,NA,15.5956124790448,NA,NA,-0.644501715533259,-1.64349135261748,0.35448792155096,17.2545521598256,-1.31572888584979,-4.7297961117,0.197900277172592,0.735164347255353,0,0,0.352012835421946,0,-0.195970730027721,-1.25456581278688,0.862624352731442,17.2545521598256,-0.377541461750042,-5.67104696819809,0.708340460837712,0.919727484058275,0,0,0.934656057860173,0
"Q58WW2","DCAF6_HUMAN","DCAF6","DDB1- and CUL4-associated factor 6","=""DCAF6""",16.4036226311736,16.4068284822866,16.2963877982763,16.4182949456033,16.0535598130534,15.7588946008254,16.5234429871922,16.5504522426739,16.5391468858036,NA,16.4482763160418,16.4613725746279,16.6292574215422,16.2878443655117,16.3685807314128,16.0262614614221,16.1424956821863,16.6042456439027,16.3100238814444,16.5844286018053,16.6918400291627,16.3517452794571,16.7765117895174,16.645052889148,16.6560675763331,16.0027868444921,15.5427593352638,15.2050644480142,16.5532129285491,16.4376506460769,16.1177679174071,NA,16.8603584513213,NA,16.4261392924353,15.9675434049036,16.2138050526432,16.8671583812724,15.9757904804635,16.6027055613109,15.7939353722915,16.0690363475235,16.9336959750337,NA,NA,-0.0694373883682609,-0.337954880871472,0.19908010413495,16.3376011267351,-0.52222815507837,-5.45366183672432,0.604319044502912,0.923983206133899,0,0,0.965632116541199,0,0.0497812242746782,-0.234753338214604,0.334315786763961,16.3376011267351,0.353321473140437,-5.83093475951328,0.725655928685389,0.925113774674854,0,0,0.984162937892284,0
"Q5BKX8","CAVN4_HUMAN","CAVIN4","Caveolae-associated protein 4","=""CAVIN4""",21.0760022611629,22.5638301857735,21.9709588768348,23.0415865593202,22.4056897718316,22.7544827097375,21.914966299493,22.4772913878363,22.4158989364502,22.343572279902,22.1179545347368,22.4009733367772,22.8142256640697,22.7394234105081,21.7773737985942,22.5797653843089,22.9487500527416,21.9780552109291,22.9821066317532,21.6371122137893,22.6439983651756,22.0066115970549,22.3248535472616,22.0752109037704,22.0590469843523,21.7103682539647,22.9186336657263,22.6702072468753,22.8953044843325,22.5484337248937,22.9980533581625,22.9987420465658,21.8349867356476,22.3739056298051,23.7996082958899,22.791499664465,22.0442814540424,22.2607273480028,22.2245069442247,22.1342161478959,21.6878969480078,22.4822851746496,21.9959769160112,22.7132579059359,22.0124736543873,0.080660612319047,-0.253862860336495,0.415184084974589,22.3810023667478,0.485339600124144,-5.48399318035563,0.62973703941636,0.934833173270874,0,0,0.963385401821451,0,0.0249306637842786,-0.307643122796757,0.357504450365315,22.3810023667478,0.150888672115897,-5.95395552761302,0.880722701085021,0.974187150996084,0,0,0.996838503219265,0
"Q5HYK3","COQ5_HUMAN","COQ5","2-methoxy-6-polyprenyl-1,4-benzoquinol methylase, mitochondrial","=""COQ5""",19.3285871740735,20.3590679916801,20.676323049068,19.803320352122,20.9975648467825,20.3908479559811,20.9617521070783,20.6465424071909,20.0244388986408,21.5110214755259,20.7097913442256,21.3522240873772,19.7954590633663,20.1955090750455,20.7824385862318,21.2048539124359,20.7765771365101,21.2560003470107,21.5126789047709,19.8736775700442,20.816684630712,20.5962533781372,20.9878815734319,20.3230293408679,21.2107364233616,21.1274740936418,20.8933148388954,20.448045314804,20.7028576688054,21.0859463670433,20.1291021342005,19.7920379287228,21.2006042088141,20.6713393001779,19.6705001253884,20.9066070931746,20.5337951811542,20.2475287731998,20.1721366866437,21.1001512917081,20.8881228886356,20.4708457137031,20.7414609984644,20.7098588665987,20.7437008333535,0.360705726209499,0.0324269064115721,0.688984546007426,20.6295264875289,2.21167334226075,-3.55355447420441,0.0319919814024121,0.492623799681105,1,0,0.288908139989444,0,-0.322547965102203,-0.648913494217014,0.00381756401260852,20.6295264875289,-1.98930252639748,-4.15564947065635,0.052627991516619,0.430239685589521,-1,0,0.386839737349289,0
"Q5JRX3","PREP_HUMAN","PITRM1","Presequence protease, mitochondrial","=""PITRM1""",19.2032330208265,NA,19.3011842753806,18.9676691895054,19.2220700546794,18.0021634913094,NA,19.0627606447488,18.4977075407366,19.2086067169653,18.1780897304675,19.256421303624,18.7505607594659,18.6726168393409,17.9522094522137,19.3140978795138,NA,18.6201673976119,18.3375121532699,NA,18.3933670262682,19.5322918480163,19.6443837194829,18.7366674920588,19.8101883144399,18.1190064011707,19.5602244484367,18.0861071210515,18.7436012859941,18.1922047616252,19.0989874895732,18.9607125598393,18.7878798728682,18.3992163191909,19.681684317707,18.0933338680658,NA,19.3371740045102,18.9195274491931,19.3949907232718,18.2376407333697,19.0595471415958,18.3200311361618,18.6349789587319,NA,0.06855488143432,-0.282980103683275,0.420089866551915,18.8279696780072,0.394129087204753,-5.46042157059596,0.695577018142899,0.946164141789459,0,0,0.975420762380928,0,-0.0390175301579276,-0.388250431960593,0.310215371644738,18.8279696780072,-0.225794458181078,-5.87596399122755,0.822509872512265,0.952784992278144,0,0,0.992405165377893,0
"Q5JTJ3","COA6_HUMAN","COA6","Cytochrome c oxidase assembly factor 6 homolog","=""COA6""",20.3943786712129,19.6893815601863,20.3495278776632,19.4229164137169,19.7221190380396,19.3307713766937,19.329938140121,19.6483540192808,19.4207393522675,19.8030106527383,20.284176204448,20.3317249313297,20.7116613891917,19.64266895567,20.0996371601484,19.9795886463644,20.8244458237699,19.7600762714119,19.9053229647984,20.3426940666791,19.6390792589741,19.5717992423137,20.3109980412884,19.7999203787634,20.0737155054586,20.100974186022,19.2204103887114,20.3445503190123,20.2885119782249,20.5446550494093,19.4931986740119,18.7227147043573,19.9274207717942,19.8054263738643,18.8225293908214,19.4503619615161,20.397363764682,20.2081451250824,19.6951323658878,20.1802814064456,20.4812674777026,19.2340880021597,20.395526947576,19.2763878601217,20.0224226581351,0.159407958666495,-0.163800427650741,0.482616344983732,19.8888892299571,0.992746099459198,-5.15841316847151,0.326022694133605,0.826372714395847,0,0,0.836388071881963,0,-0.306298309136245,-0.627622956518919,0.0150263382464285,19.8888892299571,-1.91871897144224,-4.2767162178911,0.0612321032757837,0.467370238367444,-1,0,0.425063460042274,0
"Q5JWF2","GNAS1_HUMAN","GNAS","Guanine nucleotide-binding protein G(s) subunit alpha isoforms XLas","=""GNAS""",18.9497751509549,19.4041491680404,19.4129413871172,20.0301738252424,19.7791059856384,19.9702504601611,18.9774034369936,19.3171242209439,19.4936340523353,19.291196593301,18.92465036131,19.9904965559347,19.6956605144508,19.4188498275771,18.8306402931655,18.6589320202099,NA,18.9661758023614,19.0360391873345,19.1257975683644,19.5729512637726,18.9805172767154,19.7692863009169,19.9128041101027,19.6997821761644,18.9575542803661,19.167521856567,19.2330067929107,19.0825948291213,18.8679431318375,18.7252606034904,18.8174684286754,19.0801042608359,18.8524950793559,20.3711147987341,18.653315453833,19.714123371482,18.7513507613712,19.4547674931092,18.9142744132966,18.7837942120712,18.6373220862264,19.105894107615,19.5588828417793,18.4795358161842,-0.229716880378533,-0.525264004695719,0.065830243938654,19.2367423217721,-1.56544212635588,-4.52999044228111,0.124478882935173,0.687402872621279,0,0,0.619623960181362,0,-0.15305019784072,-0.446871064478403,0.140770668796963,19.2367423217721,-1.04911260420686,-5.43099011665955,0.299723191160256,0.754001885643784,0,0,0.83159514603531,0
"Q5R3I4","TTC38_HUMAN","TTC38","Tetratricopeptide repeat protein 38","=""TTC38""",NA,NA,NA,NA,NA,NA,NA,18.9117161504431,NA,NA,19.4597451830268,NA,NA,NA,NA,19.9755645751464,NA,19.5548337322262,NA,NA,NA,NA,NA,19.6984978859787,19.9740448451537,NA,NA,NA,NA,NA,NA,NA,19.9142700798981,NA,NA,NA,NA,NA,20.1389993351869,19.680757686042,20.0251149987258,20.5478638713622,20.2774792127717,20.1370192961751,NA,0.628170403808532,0.0667084801157065,1.18963232750136,19.8689159117028,2.39895588875746,-3.71804789788214,0.0308847388414853,0.492079536499632,1,0,0.112538685149276,0,0.273436902904663,-0.130319540154269,0.677193345963596,19.8689159117028,1.45212085089916,-4.62051091601051,0.168446136531359,0.655071957582339,0,0,0.614449091544128,0
"Q5RI15","COX20_HUMAN","COX20","Cytochrome c oxidase assembly protein COX20, mitochondrial","=""COX20""",NA,19.6476478323543,18.7194684097449,18.6167410732148,17.9936965728143,17.9884197492983,18.5028245018516,18.8139289729819,18.6096087873263,17.6856262553794,18.7797295024888,17.4766750290146,16.639726164569,17.9692754817017,16.7073440635087,19.1160430473426,NA,18.8204571217496,18.9123152759758,18.9025837290203,17.7568005583174,18.8364701343842,19.0713210535339,18.7675392657507,18.1630186400601,19.3877789722903,18.5982588012208,19.1698386180615,18.8099418122747,18.4075006918316,18.8325216113951,17.8648650928492,18.9795465172364,18.4698854554411,17.1029839162989,17.69315007391,18.785021134417,19.3357065579109,17.8224426323925,18.7496974063723,19.0445703920244,18.6810574363163,18.6465076536558,18.1363529158436,16.9796147291142,0.61298780629448,0.163476859349524,1.06249875323944,18.4184768289126,2.74823841669296,-2.5493405385461,0.00865242063908345,0.416167334657996,1,0,0.0543864257103338,0,-0.435706773640913,-0.875503355865831,0.00408980858400532,18.4184768289126,-1.99657351083023,-4.13336577502774,0.0520757806378078,0.430239685589521,-1,0,0.275949441984243,0
"Q5SQH8","CF136_HUMAN","C6orf136","Uncharacterized protein C6orf136","=""C6orf136""",NA,17.9502122024558,NA,18.0528782550572,18.5516733912181,17.2161669202885,17.4851415393423,NA,16.6477455705636,NA,18.3307519261667,NA,17.1816525811147,17.374455778937,17.7818735636277,19.0285772925127,NA,17.9235941402931,18.4096711490582,NA,17.7404404761826,18.8164995682869,17.7603051720894,20.5398489729012,19.0397458345652,17.3738030851574,NA,17.7406592080722,17.2449616256912,18.3482444715073,NA,NA,18.2725682371078,17.5032363979186,17.3899574026724,NA,NA,17.2067444388507,NA,18.7894295792967,17.7478643100252,NA,17.561614929645,NA,17.1404135525708,0.64553813335344,0.0691038333462946,1.22197243336059,17.9383577191059,2.28389115124157,-3.44174990753232,0.0293748398013665,0.488872265797768,1,0,0.102569861341813,0,-0.634723879099287,-1.24513253180952,-0.0243152263890563,17.9383577191059,-2.12064254903091,-3.81898477694128,0.0420441546664767,0.400792770865861,-1,0,0.133792908701903,0
"Q5T440","CAF17_HUMAN","IBA57","Putative transferase CAF17, mitochondrial","=""IBA57""",20.7065796636629,20.9869540972105,NA,20.3383793312768,NA,NA,20.1060267912432,NA,20.2783546713967,20.5097287506433,20.0440098279094,19.5531505625876,22.1901534824647,NA,21.9208987679729,21.0805916544216,NA,21.3172134233561,20.8543011650227,NA,NA,21.0834833171503,21.8210747543076,20.7877917208267,20.3707490661899,20.592122900427,NA,21.7599686952224,20.0796661863108,22.5027472071853,20.2835492738447,NA,20.4408938696803,20.4152420162982,21.1155830110418,NA,20.7572498462311,NA,20.6774599436402,NA,NA,NA,NA,NA,NA,0.429651944622325,-0.0860074576171564,0.945311346861807,20.8360712591676,1.70663836530077,-4.28086700477047,0.0989421300032328,0.661354198276587,1,0,0.37013793936797,0,-0.461004699832792,-1.05645942305707,0.134450023391484,20.8360712591676,-1.58578487715368,-4.57278975769898,0.124002274539874,0.603159781543951,0,0,0.382003030758857,0
"Q5TAQ9","DCAF8_HUMAN","DCAF8","DDB1- and CUL4-associated factor 8","=""DCAF8""",NA,NA,17.310716910202,NA,NA,NA,20.7496537804871,NA,NA,NA,21.2045269912788,NA,NA,NA,NA,16.612218060841,NA,16.8700510362576,16.9418810709605,16.773907390817,20.2087263844292,NA,15.9955330216519,NA,NA,NA,NA,NA,NA,NA,NA,NA,20.8860672795631,16.2835253284984,NA,NA,19.9843676924512,NA,NA,NA,NA,NA,NA,18.0608657027461,NA,-2.29894508946965,-4.49329762775152,-0.104592551187786,18.2986185115526,-2.24640107248377,-3.72632843066654,0.0412820358566642,0.536100958796132,-1,0,0.000657220034181804,-1,1.62156348399731,-0.362225883514421,3.60535285150905,18.2986185115526,1.75268350155279,-4.25937008003018,0.101453425805428,0.556234533967909,0,0,0.0244679956567834,1
"Q5TC12","ATPF1_HUMAN","ATPAF1","ATP synthase mitochondrial F1 complex assembly factor 1","=""ATPAF1""",NA,18.3912185052584,18.0894917392163,18.5797153963359,19.4038519889172,18.0323790062437,18.6697233305587,18.9849620852064,18.3167218767674,19.1039186628632,19.1390824912263,18.0375129932668,NA,NA,19.1048188645719,19.4682111019069,NA,18.5872145895625,18.9232398173748,18.9838891030891,18.5955584699146,19.152738436865,18.6906649283258,18.5437152921593,18.7280237075816,18.4140347325434,18.5162824845986,18.3948024855211,19.1100708954973,19.1955055621941,18.9995902945282,18.2298175690492,18.4408467345733,18.8807407890611,NA,NA,18.876014079474,17.697124238801,19.0065486305938,18.8082300576267,19.0940469519761,17.8333780548323,18.8541805580811,18.9147989017754,18.6109808661399,0.118103714347939,-0.183964403510477,0.420171832206354,18.7026575967712,0.790182347036508,-5.25885076924192,0.434076296011924,0.873144117382484,0,0,0.906139801191912,0,-0.164578454864529,-0.458811073202534,0.129654163473476,18.7026575967712,-1.13044860047268,-5.31937447825807,0.26501332730651,0.743538304557541,0,0,0.803678391541738,0
"Q5TDH0","DDI2_HUMAN","DDI2","Protein DDI1 homolog 2","=""DDI2""",NA,NA,21.7197706936379,19.1816186890334,NA,NA,NA,19.461462408015,18.128167580311,19.476192738608,18.8700125463432,19.199164110713,NA,21.2017131944373,NA,NA,NA,NA,19.5108517504263,19.2106648866477,19.001574535856,NA,NA,NA,18.6155616814884,NA,18.5708992890879,19.7437099941723,NA,NA,NA,19.4060788149659,19.6609475233835,19.774951843891,18.8484638944303,NA,19.4693086760964,19.6868579070104,NA,18.813372041003,20.656753630732,21.66068685452,19.8251610941615,NA,21.6892527705247,-0.491345475203321,-1.43021618802614,0.447525237619493,19.6553279659799,-1.07565148112337,-4.84255106496693,0.291948455632338,0.799489091675277,0,0,0.546110607235321,0,0.786972797620301,-0.0944197474642889,1.66836534270489,19.6553279659799,1.83518883515282,-4.22650090828527,0.0779251405254401,0.509320177932908,1,0,0.134208621493976,0
"Q5TEU4","NDUF5_HUMAN","NDUFAF5","Arginine-hydroxylase NDUFAF5, mitochondrial","=""NDUFAF5""",NA,16.9703245824068,16.9765013795201,NA,NA,NA,16.7783354126215,16.0228994547826,NA,NA,15.7155705916271,15.8471507664854,NA,NA,16.6035860010544,16.8654932963277,NA,NA,15.8258905411018,NA,16.7164540992113,NA,16.5727122157578,15.6415225577871,16.2901160030423,NA,14.6231645477701,NA,NA,15.7007843008759,NA,NA,16.7965192415782,NA,NA,NA,16.6345702723656,16.247561971959,NA,NA,16.2976940464527,NA,16.8581429858241,NA,NA,-0.402384704720902,-0.942030414937801,0.137261005495998,16.2992497134276,-1.55047186450054,-4.41399992678273,0.135939874199207,0.708378884160682,0,0,0.447993830963683,0,0.5155396375816,-0.0763494275067516,1.10742870266995,16.2992497134276,1.81114366016774,-4.21342265725407,0.0844204073556213,0.523449990728398,1,0,0.279602534656341,0
"Q5U5X0","LYRM7_HUMAN","LYRM7","Complex III assembly factor LYRM7","=""LYRM7""",16.1594383392254,NA,18.3838368709599,NA,17.6898143871512,16.4046435027969,17.3206151104149,17.9737260826371,17.8208909900224,17.7922970478317,18.2430773377538,17.1450873999924,NA,18.1626454551562,16.1407232167834,17.5639890315999,18.0261188985452,18.0838752153305,17.890303679008,18.365450465065,17.7062760036841,17.799018650743,17.7556315872143,17.7072836317609,18.1343771549462,18.0905779857228,17.3310608962292,15.8360119110511,17.3747876142857,18.1296599630367,17.8986488198383,17.2963794316537,18.2152133486357,NA,NA,17.3755567288116,18.1982689176831,17.6282639154495,18.1023528456711,18.074182526243,18.6375143859499,17.8620987090305,17.8893973550971,17.8639389556096,18.5876066509543,0.306613863618988,-0.121971903260282,0.735199630498259,17.7165160254894,1.44475275307963,-4.65740913592044,0.156119519529742,0.720861261794311,0,0,0.565851925122704,0,0.265450824931492,-0.151734215817361,0.682635865680344,17.7165160254894,1.28497547645861,-5.16075244126987,0.206005768096553,0.697844539427075,0,0,0.657459061695813,0
"Q5VST9","OBSCN_HUMAN","OBSCN","Obscurin","=""OBSCN""",22.0885816830476,22.2309943370372,21.0816550039284,21.7293963426711,20.024407723366,20.1036051338229,22.1893437095504,21.0951888288875,20.7734097946866,21.2208500892959,21.9462467991344,20.553341395206,21.1034373789477,21.0421469673911,20.2198224873647,21.1116922823336,21.6277184023571,21.8382289814099,21.2585814908181,21.0242013927884,20.7479025136005,20.2370422384514,22.2291512454818,21.0534188667996,20.9060174515309,21.7687477698432,20.051123670575,21.4970146182304,20.8103860400488,20.4923427919765,21.8591584287398,21.9575105603052,21.7129769359013,21.5672115307276,21.4774337484852,20.9121357224516,20.8745230305062,21.4667489082268,20.698870501633,21.5938168083721,21.7396296206887,21.3013233545783,20.6444341952676,20.9632239164302,20.1204647521603,-0.0232715076193983,-0.415357342395935,0.368814327157138,21.1765657654457,-0.119468710741078,-5.58120325196999,0.905423809334507,0.968065142292613,0,0,0.997690596532215,0,0.149059483881928,-0.240741177044157,0.538860144808012,21.1765657654457,0.76971128145307,-5.68364731531597,0.445402462038851,0.825125459460645,0,0,0.886427550909789,0
"Q5VTT5","MYOM3_HUMAN","MYOM3","Myomesin-3","=""MYOM3""",24.0575437361457,22.6804205808775,21.2861729934298,21.6588874205699,21.3243787810501,21.0671249809482,23.3989640440234,21.4265037983806,22.311366559511,21.251912432631,22.6646159856535,21.8627852656321,20.6592948802362,21.6048394826434,20.0791095350927,21.4854015829206,20.690775950335,21.4042932197718,21.4920266936945,21.6420062047784,23.0637988577444,20.8474560846841,24.0288804353304,20.9658876331323,21.382787517737,21.9276527304697,20.2876870633172,21.5492267571109,21.0183076303773,20.9505272398637,22.3114437279575,21.1288930045996,21.9724763943935,21.1541986384526,21.4737208400063,21.5938658840546,21.5276170087794,22.1090126744454,21.5555462722813,22.9223171264467,22.6701664555543,21.7389972024484,20.6509639218298,21.1566538711678,20.6878971303142,-0.277876219219742,-0.858846695522774,0.30309425708329,21.660542360685,-0.96273803119556,-5.18367301516748,0.340708402627616,0.828183501771744,0,0,0.741413198088275,0,0.127803636764249,-0.4497807989768,0.705388072505297,21.660542360685,0.445388029438335,-5.87025670870573,0.658126580481374,0.905507449629859,0,0,0.947936584283837,0
"Q5VVW2","GARL3_HUMAN","GARNL3","GTPase-activating Rap/Ran-GAP domain-like protein 3","=""GARNL3""",19.5266250222767,19.6736030724143,19.4538696598648,17.4248350030028,19.7193136177766,19.5545569602139,19.9781555098771,18.8517978300115,NA,20.3704568042944,19.6657613561589,19.9417012878933,18.5212780320552,NA,20.1707774809197,20.1188773378537,19.8518776822439,19.8633213615865,18.4590232869187,18.9483301277082,19.6116919232104,19.7692234330528,NA,19.0429400578421,19.515249716815,20.247655716779,17.3233084273257,NA,20.003007002355,19.9520337614067,NA,19.1013605002043,NA,19.0558749386463,17.9370460898865,19.7314641615451,19.3177349912325,20.497898502416,20.1848065851224,NA,20.7150459121513,18.6930275920855,19.1323507175444,20.0666761884033,19.9503114305563,-0.0336630756134646,-0.578496471735338,0.511170320508409,19.4721807653066,-0.124969781239753,-5.5226462635043,0.901188759076877,0.967042478519068,0,0,0.996503801292995,0,0.134979574209673,-0.417322776953525,0.687281925372871,19.4721807653066,0.494317628923713,-5.76813400984293,0.623851982175136,0.885234347493014,0,0,0.938296715595814,0
"Q5VW32","BROX_HUMAN","BROX","BRO1 domain-containing protein BROX","=""BROX""",17.6965110450293,17.0180665792568,18.4604372285339,18.1868116756099,NA,18.4773357746094,17.0050292717365,17.2624401433648,17.3912948496701,17.6711540761859,17.5854925063209,18.7350839023608,17.9080176448309,17.8652540690408,17.7377598332492,NA,17.8077141469161,17.6395933207302,18.2541198891919,17.41705887718,17.2575166896535,17.1164978162345,17.5951400632213,17.5465709930379,18.0429027939295,17.1384053515558,NA,17.919261962038,17.3023233491406,16.7221123908389,16.6350788384367,17.4346429499765,17.1964749668824,18.2497988562288,17.3435959638069,17.4585036325964,17.9060968485691,NA,NA,17.6167838231326,17.7953105954004,18.1015774400505,17.9066349975471,NA,17.9774466946605,-0.267089753534822,-0.60177280141638,0.0675932943467351,17.6508167141219,-1.61284327748973,-4.45132859620533,0.114633556722015,0.679806474125127,0,0,0.560727443055771,0,0.0974576431546765,-0.24771231565438,0.442627601963733,17.6508167141219,0.570626018661912,-5.73007166292541,0.571441825031005,0.863690188970478,0,0,0.946923874126708,0
"Q5VWP3","MLIP_HUMAN","MLIP","Muscular LMNA-interacting protein","=""MLIP""",NA,18.2828330889369,17.7855862636299,NA,17.4235884606738,NA,18.0630904118818,18.1374332579296,17.3690206208365,18.0800726707018,17.8416516484847,16.1425691556803,16.1054893379522,17.3176619264114,14.9038209630688,16.5954727370947,17.6416801185368,17.3666519698206,16.7516103542785,17.1818627755497,17.1471701105105,17.3056580619334,18.8751216867466,17.1390976155984,17.081616675496,17.6177561606864,NA,17.8130329017243,17.8818694228627,16.7030800089996,17.285846863109,NA,17.8137180982499,NA,15.8624760008694,17.9972898979691,16.4055001276101,18.03259229789,17.8123632271191,17.7680545496814,17.9105060838522,17.1177945398107,NA,17.9551390839748,NA,0.102141182450222,-0.438959150868437,0.64324151576888,17.3652913290855,0.382122648626912,-5.4633438644303,0.704496886039724,0.947417763940137,0,0,0.964855305202782,0,0.0606544692137767,-0.489884616287816,0.61119355471537,17.3652913290855,0.223025411336597,-5.85339964460223,0.824708991734693,0.952784992278144,0,0,0.988378444179936,0
"Q5VXT5","SYPL2_HUMAN","SYPL2","Synaptophysin-like protein 2","=""SYPL2""",25.1288968005264,23.5036731241359,25.0387449427153,25.225634810935,24.5085401033053,24.843598551867,23.4276464054125,24.7553277673448,24.1853054533013,24.8650735635189,24.6350970917587,25.3147788090461,25.431686027499,25.170492265555,24.2893361441634,24.3425119331945,23.8917680913809,24.498924305942,25.0402986083049,25.0329676993882,24.4684081524628,24.2606472749277,24.5762473375417,24.0401720227794,24.8714156290555,24.7637469918949,24.7665747467526,24.7076230618086,25.0854354631634,24.4782153825136,24.5187057236754,24.5113402434295,24.484589856336,24.5102447666725,25.6736105591143,24.4682791607352,24.7612414409169,24.7439387003013,24.2179476083153,24.6500991000394,24.6349468180764,24.9885726132145,24.7682084577329,24.990624372135,24.2845585026068,-0.113444748586453,-0.407555630737337,0.180666133564432,24.6523488107888,-0.776397472932197,-5.32382545085906,0.441484817010321,0.874665844359006,0,0,0.911417911173139,0,0.0921300814793824,-0.200266649234718,0.384526812193483,24.6523488107888,0.634219736300293,-5.77351118434603,0.529076194374287,0.840584204964843,0,0,0.943034782079929,0
"Q5VYK3","ECM29_HUMAN","ECPAS","Proteasome adapter and scaffold protein ECM29","=""ECPAS""",21.8881609552491,21.3889603394038,21.556021727447,22.3965675620851,21.4858420956517,21.672767000705,21.5585028337795,21.4520575839374,21.5703685510904,21.2528785749307,21.520714563494,21.3742033084356,20.9799915122559,21.543062992003,21.1930346229972,21.3448408881957,21.1224126434091,21.7511015959709,21.7621951604388,22.0418326635985,21.4084343253351,21.0409700244036,21.3312963802793,21.659970770246,21.5755769795326,21.8427404425472,21.5292960382027,21.6096169980754,21.4319077020326,20.9575710130347,21.4831928603895,21.4401184450206,21.6580695454295,21.4947077701718,22.343631320436,21.1714834672439,21.0313472262986,21.5413708655351,21.4115129977263,21.6265828068183,21.1368830095724,21.4369825085009,21.3518929877459,21.1797721179449,20.5692942848296,-0.019056832205802,-0.245069116843656,0.206955452432052,21.4693275569429,-0.169718613284209,-5.57480315273679,0.865974978909349,0.95848719206779,0,0,0.997261492451591,0,-0.102194760775923,-0.326889789555682,0.122500268003836,21.4693275569429,-0.91547392127761,-5.56817981229236,0.364713020249734,0.791831108546088,0,0,0.902056446691283,0
"Q5XKP0","MIC13_HUMAN","MICOS13","MICOS complex subunit MIC13","=""MICOS13""",23.475680760892,23.1999319627597,23.0639556753689,23.6427148457872,22.201614166607,22.4742682465111,22.8461433890372,22.8266325632835,22.8817757721837,23.6406984373537,23.2754559779914,22.1735325173509,23.1580515507399,23.027521721551,23.298276968313,23.7963532947166,22.3853754070611,22.8965612256435,22.9895576161532,23.2089464349556,22.8697230550166,23.2087186396215,21.2128766495471,22.8663072997467,22.7263840051406,23.3219968731782,21.9449390296185,24.0379589300477,22.84308600877,23.2490641808428,22.7094519552607,21.9664820179766,22.6078760354543,20.5436973763303,23.710717735401,23.1267634380164,22.1450830641579,23.2141478316036,22.9399991965676,23.2080681258063,23.3908909551656,22.938540389637,22.9698942487543,23.7549515442281,22.8979052479995,-0.106858284448151,-0.554381477064475,0.340664908168172,22.90819049707,-0.480621794018807,-5.48598984887634,0.633061324749261,0.934833173270874,0,0,0.952319850287479,0,-0.0955586325133666,-0.540473548557239,0.349356283530505,22.90819049707,-0.43231844987675,-5.87571398484642,0.667528165809296,0.909001377099351,0,0,0.962114044986341,0
"Q5XPI4","RN123_HUMAN","RNF123","E3 ubiquitin-protein ligase RNF123","=""RNF123""",19.8650113483517,20.4069222303911,20.6137056594947,20.2765382890274,20.6813228666034,20.7752461405314,20.6871615245819,20.5169067889718,20.5133607331918,20.456514073099,20.6460688863349,20.7477307150164,19.4379561039888,20.8814572181328,20.3464785724256,20.4682791865434,20.977631008241,20.541665118911,20.8580970659121,20.5318769908094,20.4993513394803,20.6616650075601,20.2551784237846,20.1859119877437,20.5467956022999,20.9090320901039,20.3702402824828,19.6590483689617,20.5549283479047,20.6947945186508,20.2197504653874,19.8040027778843,20.5825277249589,20.6165553289489,19.5929795015178,20.5882441321254,20.6403152022481,20.5886607138437,20.6634116626108,20.5691935959469,20.7560305670497,20.0268032976876,20.6342994111471,20.7165280520396,20.9761252119961,0.0569753968418922,-0.192717935061409,0.306668728745193,20.478717869665,0.459294478105752,-5.49477527626809,0.648183980141032,0.937693137615552,0,0,0.975599200034106,0,-0.0492711795997991,-0.297509236606411,0.198966877406813,20.478717869665,-0.39951713117294,-5.88870035240417,0.691359559436623,0.915228679438145,0,0,0.981978604975955,0
"Q69YU5","CL073_HUMAN","C12orf73","Uncharacterized protein C12orf73","=""C12orf73""",NA,17.626111667747,NA,18.1812284853497,17.4368373081375,17.7843762230438,18.0383782373873,17.5519992520996,17.8190274722887,NA,17.7434587447358,18.9145398354637,18.8820902704455,16.5308471310282,17.8345153411835,17.6979652961538,19.0248731409911,17.9198607159615,18.2773073445514,18.5356202750371,17.9472856041688,17.4722655015205,17.1473289990677,18.3283592543914,18.8261020448229,16.837912540243,17.4210115317341,19.2203753311964,17.9057443696956,19.0253629993406,17.6741130164145,NA,17.7201260802898,16.8410376937676,NA,17.7005269871015,18.8091719868261,NA,17.3994136212518,17.6572397404642,18.0341097746203,NA,NA,17.6537895746957,18.4996116956716,0.245891732323269,-0.213548939177792,0.70533240382433,17.9437817591592,1.08341336351969,-5.03674541315381,0.28544437858894,0.799489091675277,0,0,0.73471217576795,0,-0.2755443477878,-0.756572665330171,0.205483969754571,17.9437817591592,-1.15957959065392,-5.24050653784365,0.253446733598362,0.731611920386068,0,0,0.685084827124457,0
"Q6DKJ4","NXN_HUMAN","NXN","Nucleoredoxin","=""NXN""",20.1786096054378,NA,18.7348257925564,19.7270998870894,18.3781391816458,18.7954817653886,18.1423117021632,18.5606838082703,18.6556734348575,18.7850541215353,NA,17.6204921043167,19.3103286718946,18.5341187661482,19.3571852391227,18.4916473375351,NA,18.230779673627,18.4625675917894,18.7537340526768,18.8947020394747,18.3214374602566,17.7609641861777,19.3890248265899,19.2118901384908,19.2695834479002,18.1685917326591,NA,18.6634898193267,18.319671533717,18.1320188584038,18.6456707199752,18.5931085918177,17.6933550514567,20.328823250405,18.8076969202409,18.81333821567,19.1156353555022,18.3618863059011,NA,18.5698069762125,18.255039389039,18.5562681680021,18.7541683731524,NA,-0.229471253250733,-0.667628081574091,0.208685575072626,18.7011513870878,-1.05844271884731,-5.05120647242843,0.296197382749749,0.799489091675277,0,0,0.756385299327297,0,0.058432268069442,-0.377006372359602,0.493870908498486,18.7011513870878,0.271202966083566,-5.86648464915402,0.787628234505455,0.942584418301806,0,0,0.986147361358204,0
"Q6FI13","H2A2A_HUMAN","HIST2H2AA3","Histone H2A type 2-A","=""HIST2H2AA3""",25.7027493241059,24.6514202019932,22.6246298657229,24.9347988116938,24.314821438058,22.4217334080675,25.0217858787456,23.4572556310548,23.803785507578,23.8465276682508,25.0360295745259,24.7042674847412,23.9387263058257,24.7230137838446,23.2178529853746,24.3579834876704,24.0273020559174,22.9851667799771,22.9795040593535,24.7988423290914,24.3204469582263,23.7338113272652,25.8613235049978,24.4989611651629,23.2674124062498,24.2140235153207,21.7387458356783,25.3583858826552,23.3117468396721,24.3647785438149,24.5407512446198,24.5731190985369,23.7458687281136,23.6685231717232,26.0243321898345,23.9110962569783,24.5232685731751,24.9171649907867,24.1070146632782,25.6411381030579,23.9528638466681,23.2178659864355,24.0056414920392,24.8388953572873,24.3283328454538,-0.159618931887291,-0.75846597715658,0.439228113381998,24.1825268690805,-0.536511825892523,-5.46109901944889,0.594187932748749,0.921161341366826,0,0,0.920267241475132,0,0.411829457129016,-0.183527358484183,1.00718627274222,24.1825268690805,1.39235791373333,-5.05863135056303,0.170502786006644,0.655071957582339,0,0,0.482618974358636,0
"Q6GMV3","PTRD1_HUMAN","PTRHD1","Putative peptidyl-tRNA hydrolase PTRHD1","=""PTRHD1""",20.5905452827247,20.4573373660612,20.9966969697633,21.4585613117699,20.5069901524197,21.3198337883703,20.6582140460724,20.5058924326078,20.46115823516,20.6710456379946,19.9971902261097,21.1706795425346,21.7114842516501,NA,21.6755812525324,20.8033184048029,21.3511079635225,20.7675912987114,21.0380654734955,19.5283565475489,20.7791068855801,20.3490270606903,20.1273554555036,20.5937872792146,21.2362034617457,20.5798694667498,20.2950525721713,20.3907900826328,20.4650512714993,20.9648468051983,20.4593341474829,20.4956669127443,20.7346806889014,20.7924085525992,22.1357505729585,20.6240970353078,20.4198219848019,21.0391703705459,19.8543545890616,20.7429681175128,20.6042171369261,19.8258891059875,20.5085513758668,NA,NA,-0.24712389733212,-0.609555886868576,0.115308092204336,20.7068488360842,-1.37504170869937,-4.76262162458881,0.176234373125381,0.727974665459089,0,0,0.651164889105333,0,0.0272362068258332,-0.339853514426845,0.394325928078512,20.7068488360842,0.149624271726678,-5.92093524344133,0.881759989615396,0.974297643470521,0,0,0.996578587962245,0
"Q6IAA8","LTOR1_HUMAN","LAMTOR1","Ragulator complex protein LAMTOR1","=""LAMTOR1""",NA,NA,15.8996106173514,NA,NA,15.4222907464041,NA,16.6575825982512,16.4068609337587,NA,15.2432240291039,16.2358156616774,15.7636466443286,NA,15.6309289464565,NA,NA,15.9942790731426,15.912474737145,NA,15.4424184845419,14.1459460388172,15.6611337296079,16.0882996090148,15.2279037054501,NA,16.6511616196358,NA,16.3672727347147,NA,16.4436381891088,15.9834026026428,16.0050636768377,NA,16.8718145237314,NA,15.4680215120019,15.6320497268454,NA,15.6546119316873,14.9919950514943,15.8440323081285,15.7921860203515,NA,14.8802805621673,-0.2118482945825,-0.727939057313785,0.304242468148784,15.7970695005142,-0.839487671682197,-5.07697858024158,0.408053550945724,0.869020715339718,0,0,0.827048721365701,0,0.0837630214280018,-0.391924658433363,0.559450701289366,15.7970695005142,0.360118860559746,-5.71766864056666,0.721364163770205,0.923201669288604,0,0,0.973012899032211,0
"Q6IAN0","DRS7B_HUMAN","DHRS7B","Dehydrogenase/reductase SDR family member 7B","=""DHRS7B""",20.1023606123424,20.1953681577594,21.7063496824068,20.6020067855137,20.096795067794,21.1794965114371,21.3422192416134,20.3938958308066,21.0358194685906,20.9791546563365,20.9272225952415,20.9840710047577,20.318092240182,20.5025601091395,19.4173140439714,20.227365029312,19.6897054027963,21.4725897230344,20.652014165117,20.0893455756552,21.0883345730177,19.7338402152855,20.2045298081274,20.5167245734522,20.2139217436025,20.4979112840762,19.3905023705755,20.0580055472856,20.0637134809436,20.0200555518349,19.8432470601981,19.4533106035612,21.3630997763134,20.3983475989608,19.6463487090693,21.5522424361047,20.1793296743271,20.7372823092923,20.7256683737541,20.5481326808466,20.7641404288471,20.5656872658522,20.5708541714621,19.8406672735133,19.2930173888043,-0.374464957436587,-0.730721095681123,-0.0182088191920505,20.4262813511759,-2.1157270397502,-3.71733252842167,0.0398075215770598,0.531514513451447,-1,0,0.299044628155614,0,0.104187780452719,-0.249992008332155,0.458367569237593,20.4262813511759,0.592111943777726,-5.79797367104544,0.556672381378675,0.858017859794089,0,0,0.94079412085164,0
"Q6IBS0","TWF2_HUMAN","TWF2","Twinfilin-2","=""TWF2""",23.5357590972794,23.2598662961077,23.5980304684491,23.8847170912974,23.1002318945698,22.7786907657894,23.1902902842817,23.5447557737012,23.5000635305338,23.9613957574476,23.5386883333163,23.0931306463514,24.2602912828545,23.9232234620494,23.1586603666435,23.2207533227021,23.0071106559235,23.2527350497255,22.7095991511583,23.0011166565894,23.2339048397025,23.4774127868292,22.1247791173987,22.9919836803947,22.8209013375532,23.5980174859207,23.870245741357,22.9935084927265,23.9794359264622,23.1230004258778,23.5646949291214,22.0352783430942,23.610390289969,22.2586509323194,22.9694915050862,23.5520681698294,23.5767998829671,23.2135210051575,23.0880401567093,23.2174291332485,23.5603052982491,23.0551162326816,23.0643139313318,24.3585999916877,23.387389512523,-0.339101131571471,-0.65642826271821,-0.0217740004247324,23.2943197563326,-2.15096252272006,-3.65785213549019,0.0367614495526607,0.51629413593959,-1,0,0.326229339443984,0,0.0738389762435894,-0.241638693387793,0.389316645874972,23.2943197563326,0.471115998426702,-5.85904350721788,0.639782591415591,0.895912671363733,0,0,0.967559390727077,0
"Q6IPR1","ETFR1_HUMAN","ETFRF1","Electron transfer flavoprotein regulatory factor 1","=""ETFRF1""",NA,19.0259177595606,20.1476104768567,16.7985933010836,19.8511601128862,18.4210998508884,19.1438780863826,18.4467514748415,19.9938456243367,19.4139501528658,16.3226895504701,18.8886614133809,17.8919123458797,17.1476529226343,17.7442084270024,20.0449046944813,NA,19.1760440253906,18.7564879244367,17.2247792433758,19.3748225387165,20.1242415983847,17.9242102300749,17.9551042117132,19.022249558494,18.3032638866287,NA,NA,18.8061457610251,19.0697422719286,18.8496724222022,18.8325787666345,18.7333425555242,NA,18.6641211357473,19.5185273382023,19.3947120543204,NA,17.9230877182716,18.9847506668206,19.5532448999751,18.5044610062721,18.7862190930403,NA,NA,0.269442929992636,-0.396396864094784,0.935282724080055,18.7233687865062,0.819175103596053,-5.23877674271884,0.417789210416375,0.872297158372813,0,0,0.790441261775489,0,0.00513258599640665,-0.695244738940253,0.705509910933066,18.7233687865062,0.0148348738343796,-5.84648949750064,0.988241449756192,0.999903966701438,0,0,0.999939292441552,0
"Q6IQ22","RAB12_HUMAN","RAB12","Ras-related protein Rab-12","=""RAB12""",NA,18.6258903916971,17.8822692533637,17.4907224554041,18.8173097838606,18.0229261318799,18.3009055028231,18.8430144409882,17.9146667514708,NA,18.4706947536535,17.867052255842,16.8788307413651,18.5996670086546,17.8883713387698,18.7870480651427,NA,18.6059900488277,18.7057094998822,17.587712518911,18.6831553716209,17.4597571522084,17.9797616827517,16.6610987060301,18.270912021061,17.5431625805389,17.7799918545354,17.0981389224039,18.4442537102793,18.1581765331281,18.0173803721245,17.8410661201399,18.2448852857917,NA,NA,18.5766838739593,18.3098446787409,18.3333002057845,NA,18.0759098702088,17.7758068894805,17.6819658202421,17.0167807545787,18.3806366439134,17.5326255898792,-0.146476532620319,-0.526686918346334,0.233733853105695,18.0295916815881,-0.778597009744606,-5.28223122731782,0.440794262395542,0.874665844359006,0,0,0.886929117878553,0,-0.0205266710976488,-0.406273274255677,0.36521993206038,18.0295916815881,-0.107543723632881,-5.89324198600209,0.914894711649429,0.979656818909501,0,0,0.998175894475188,0
"Q6JBY9","CPZIP_HUMAN","RCSD1","CapZ-interacting protein","=""RCSD1""",16.7265344327106,17.4256183408027,17.0484178771475,16.8001448706763,18.0507395552511,17.9513585711422,16.8301779918142,17.1847931040738,17.7143628517547,16.7758998031648,16.8752977380823,18.0229864303051,18.0472661074476,17.6527968459514,16.9823427134702,16.8399048847156,16.8413764060612,17.340383682256,16.9971020945894,17.1757458883909,17.6539980006623,17.6522964616789,17.3336429401483,17.5471035550278,17.3827096629835,17.1379934950965,16.9194463541657,16.9583972360954,17.8561767218756,16.8653907296502,16.597706523005,15.7679284856131,16.6790406430043,16.7977566515912,16.5472609805604,17.4487983639802,16.3308080722908,16.6472389950931,16.6010054669417,16.638853307405,16.6667429095986,16.2342173484825,17.2011636334292,16.8648083745413,16.5171802663351,-0.113546566523382,-0.393651342658918,0.166558209612153,17.0695758970903,-0.815951419205635,-5.29649997250178,0.418729455784482,0.872297158372813,0,0,0.905882455126492,0,-0.597410539435057,-0.875882795206329,-0.318938283663784,17.0695758970903,-4.31819009798062,1.42554450508771,8.2877277724158e-05,0.039304548960682,-1,-1,0.00364443607381124,-1
"Q6JQN1","ACD10_HUMAN","ACAD10","Acyl-CoA dehydrogenase family member 10","=""ACAD10""",NA,18.7803763912013,19.163088976428,NA,NA,NA,18.5427115312628,NA,19.120403162247,19.4413588300647,19.3789878390238,19.0722703370203,NA,NA,NA,19.9893092562086,NA,NA,NA,20.2484730237436,NA,19.603853227837,18.5859897306803,19.3073611124786,NA,NA,19.1123899602305,NA,18.7536198681323,NA,NA,NA,19.0676739232542,NA,NA,NA,NA,19.5994614597783,19.0084873746897,19.2808988956765,19.2156864966962,18.7386577442383,18.7464875028514,18.8065312808832,NA,0.280275461421414,-0.15517390045841,0.715724823301239,19.1620035420285,1.3313531084901,-4.62413142139749,0.196096164769556,0.735164347255353,0,0,0.63342682372515,0,-0.284580546432728,-0.703876288591386,0.134715195725929,19.1620035420285,-1.40388196701062,-4.78968318404355,0.173689565465105,0.656645627477197,0,0,0.607651245326862,0
"Q6NUJ1","SAPL1_HUMAN","PSAPL1","Proactivator polypeptide-like 1","=""PSAPL1""",NA,NA,NA,NA,20.9781101878811,20.5308065074526,19.2403555214527,19.4238972330358,19.2919710562457,20.5022911998608,19.3070657455758,19.323091604335,NA,18.6115772600772,20.0305010921585,20.0281160897824,NA,19.2212306697199,19.7811511935033,19.76009797693,20.1717859875069,20.901964720817,20.0867930435594,18.9920150383376,20.2787834609529,20.156037683547,20.329712176816,NA,19.5006799412144,20.6182185582468,19.7506934529553,NA,19.7901419298709,19.8796284755226,NA,19.8262702155723,20.4625944151078,19.9093907028104,19.069568014162,19.7914642297077,20.1817421064542,19.8379988857063,20.9402105838736,20.7766979604584,19.7043257835911,0.253794642280273,-0.190234049661443,0.697823334221989,19.9163050195778,1.15807284716749,-4.91374062944275,0.254246966120609,0.782013090941701,0,0,0.706410430601907,0,0.0058689166344017,-0.40666556288931,0.418403396158113,19.9163050195778,0.0288245244663994,-5.89937815426048,0.97715928805309,0.994992576187178,0,0,0.999864404340217,0
"Q6NUK1","SCMC1_HUMAN","SLC25A24","Calcium-binding mitochondrial carrier protein SCaMC-1","=""SLC25A24""",NA,17.6285024743782,15.8192939190628,17.5661097443214,16.8226298787456,NA,17.3142881780785,17.1342826652587,16.7208150248649,NA,17.2123443860351,16.7975985862901,NA,NA,17.4234015731298,16.9702817116909,17.0245329755345,17.1332399943453,17.6590129601906,NA,17.4941533885312,16.8000111531418,17.622312058263,17.0085661758771,16.7186421765053,17.2418252881687,17.493004563205,17.7643538982008,16.2440807913382,17.7475767730143,17.1028453107835,17.0978201665832,16.8490978077738,16.2857456871976,16.8514388051854,17.0754844825562,16.8341139419749,17.5118335550254,NA,16.7511297219521,NA,17.1197873478864,17.4457489140962,NA,NA,0.183601761976121,-0.153663631368155,0.520867155320397,17.0938830308339,1.10401756612617,-4.97385833627719,0.276902197662897,0.794236235660287,0,0,0.789969174413573,0,-0.217670219643903,-0.544052683821373,0.108712244533567,17.0938830308339,-1.35251820062772,-5.0320919759965,0.184635034055662,0.67048191514958,0,0,0.692306535354232,0
"Q6NVY1","HIBCH_HUMAN","HIBCH","3-hydroxyisobutyryl-CoA hydrolase, mitochondrial","=""HIBCH""",23.3024158360852,24.5795130043914,24.318685749888,23.5644983066327,24.5650005869502,23.4870183764979,24.0877861900373,24.4440750836423,23.5531019286587,22.8567073893728,24.4901050473788,24.592074358476,24.1753683324302,23.4816864204072,22.6279892376698,24.3786124985323,23.9432850800762,24.5238346881524,24.3600261151607,24.449775379248,23.5946812522274,24.529792905145,24.86237969513,23.5897715429459,23.2910539220429,24.5959220672793,24.4168287625552,24.400447046838,24.1012353974783,23.3291285652457,24.0124146614751,24.2424377386872,24.6455984145756,23.8314537097133,23.8574626071608,23.1117484491999,24.5629182330875,24.5559319474546,23.5643411359504,22.7866807277759,24.5951319820567,24.5613577818401,24.7786964093436,23.9053108570366,22.7276198397893,0.275255499811117,-0.0839592236463761,0.634470223268609,24.0051534502605,1.5423846201417,-4.56895050379158,0.129826129246521,0.703286688718297,0,0,0.570096065988923,0,-0.175178028194029,-0.532299158820732,0.181943102432673,24.0051534502605,-0.98735855998696,-5.50416020696219,0.328627549539893,0.770746018696202,0,0,0.822881226248802,0
"Q6NZI2","CAVN1_HUMAN","CAVIN1","Caveolae-associated protein 1","=""CAVIN1""",23.7017022181799,23.0844497916012,22.5674425828926,23.6601876438922,22.7687616994634,23.5948376986546,23.158808068377,23.3963215209148,22.424731268036,22.8501958510624,22.5081015737386,22.9255045846558,23.2254884735912,23.3129215341513,22.980396021338,23.0570566549352,22.8924414594226,22.6308726692416,23.2627357402328,22.3567442724211,24.0958434633521,23.3718962727008,23.2075455177146,22.8435478890005,23.0648124789977,22.5732581620145,23.4698808742021,23.1275120682985,23.5977279085,23.0380628641903,23.3936174956263,23.6631196086036,22.7103307585748,22.519606390064,23.3896921217256,23.3766515431178,22.8311605411927,22.8529638481799,22.5348670415445,22.9830969502575,22.7712206815342,22.9470540324269,21.8226895828268,23.1519458625719,23.0292129862077,0.0279493183046426,-0.256984875295782,0.312883511905067,23.0383781837828,0.197441053513787,-5.57032162420349,0.844351508023082,0.958290008794964,0,0,0.995282518103593,0,-0.174180590051343,-0.457454116240289,0.109092936137604,23.0383781837828,-1.23766918642494,-5.2455247309594,0.222113518442739,0.708994793604851,0,0,0.769459997047673,0
"Q6P1A2","MBOA5_HUMAN","LPCAT3","Lysophospholipid acyltransferase 5","=""LPCAT3""",NA,NA,NA,NA,NA,NA,NA,17.1080940803084,NA,17.3713454905529,16.2888808542868,17.1488618092549,17.0970485993904,NA,17.1630894368855,17.105632576565,18.402911545683,NA,17.2374979842767,NA,17.6189058810764,NA,15.7462675013275,NA,16.8889861918244,NA,17.403475707472,NA,NA,16.4263567678574,17.5480843731367,17.8443668154347,NA,18.1284483467476,NA,NA,17.6521060793405,NA,NA,NA,NA,16.5685843097222,17.5544911117688,NA,16.9522067124887,-0.033501919766433,-0.629923875629122,0.562920036096256,17.2026496274,-0.116480007110989,-5.27060174522496,0.908326945220759,0.968065142292613,0,0,0.996783943110798,0,0.334515612974332,-0.233790447552848,0.902821673501513,17.2026496274,1.22058891629474,-4.9925012015385,0.235139633685606,0.714839559457683,0,0,0.616167343297547,0
"Q6P1N9","TATD1_HUMAN","TATDN1","Putative deoxyribonuclease TATDN1","=""TATDN1""",18.4336799869102,18.9522275768528,19.5511379135507,18.1276741521085,19.4742349187886,19.6135379517836,19.6451085381822,19.1088717951326,18.7373126247683,19.3950730418306,19.6750109075646,18.7306904170458,18.00502476319,18.4050795845205,18.6236385553147,19.9090779756472,18.0629961001345,18.6600113477771,18.7339259897079,18.7283978850411,19.2007257237054,19.0612515248837,18.8410595791272,18.7961624931299,18.8075751162981,19.7065190603788,18.4087217701972,19.0424408764915,17.9826557311775,19.243891031042,19.7324028570125,17.3990368262695,18.9360599143974,18.8702186399082,17.3188740287021,19.4002531801939,19.0049746760535,18.8448180873142,19.0322387834861,18.5583071986191,19.781517829779,18.7992279954336,19.1440778730369,18.1471312735616,19.339645021627,-0.0813985756751343,-0.476179416759529,0.31338226540926,18.8882777581706,-0.415022409605798,-5.51175185414949,0.68005317157935,0.942492860389654,0,0,0.969101416052684,0,-0.0584418679562937,-0.450921828022582,0.334038092109995,18.8882777581706,-0.299721164958553,-5.92194969474758,0.765738848637717,0.940198443926051,0,0,0.9845220752444,0
"Q6P587","FAHD1_HUMAN","FAHD1","Acylpyruvase FAHD1, mitochondrial","=""FAHD1""",19.1764070702956,19.9730486470488,20.5563871909409,20.146654678555,19.6971436151968,19.8134090317386,19.4719450612941,19.6159758222991,19.9476099900212,20.6691117464703,19.7609514039815,19.275126588222,20.1220407456157,19.7840913474715,21.1590570454053,20.4265672094476,18.6064335145756,19.8532014761615,20.0076289959779,19.6459884001426,20.2193218261777,19.9433606460085,18.6078977407453,19.5702710091494,19.6136201677714,19.8247369946291,19.3072075657577,21.1328320277552,20.0206836308188,20.3081196608111,19.4967970392328,19.1512209950338,20.079183248864,18.9157855234549,20.1055905431635,20.2526313724613,20.0205952659485,19.3252024755294,19.8111025505462,20.0276071400324,19.8522043183024,19.8155388557489,20.1279209876417,20.2185280923965,20.0445120407907,-0.148455440760195,-0.497432578742871,0.200521697222481,19.8555833622141,-0.856268469183496,-5.26729671679345,0.396284009430695,0.867495161100663,0,0,0.871609359138075,0,0.0104366388811847,-0.336506573467381,0.35737985122975,19.8555833622141,0.0605498499594414,-5.96308028896226,0.951979789390798,0.987878263296057,0,0,0.999486529487681,0
"Q6PI48","SYDM_HUMAN","DARS2","Aspartate--tRNA ligase, mitochondrial","=""DARS2""",NA,17.960958585397,19.2041850597919,18.4777239824362,18.9616273257938,16.5763802363619,18.0359074437286,18.1579858420985,18.0067669252952,18.5161834354251,18.1239408535366,16.91830723662,17.9913616033735,NA,18.4137010247101,18.3177239891893,NA,17.9983331015057,18.0477489810928,18.9105518795904,18.3891771055775,18.6980627902236,17.1703534078258,17.4935018748159,18.4808835284931,18.3312509139219,17.2593335173704,17.6893777676802,15.7149108440769,18.5397797347089,18.274372149531,17.2391026802006,18.0892964175135,18.2459731483961,19.9950481225484,17.5231127172886,17.9575931283286,18.4742204116423,18.2214953483019,18.4871949530508,19.1535964084148,17.9905038087889,17.9741417217026,NA,18.550016900781,-0.164377014387799,-0.655123106764694,0.326369077989096,18.1112606562715,-0.675943552861447,-5.34626107292195,0.502778130370323,0.896077533266722,0,0,0.893126839670873,0,0.350154350037489,-0.12902121072318,0.829329910798158,18.1112606562715,1.47465714209373,-4.92508301742779,0.147754623148542,0.638134999764275,0,0,0.51193072542771,0
"Q6QEF8","CORO6_HUMAN","CORO6","Coronin-6","=""CORO6""",17.0829262575451,16.7683820495759,NA,16.8390615598439,NA,NA,18.2908073492752,17.0645177222483,NA,NA,17.197117437958,15.3080558080605,NA,16.6090667448751,15.2891587775614,15.7727505673284,NA,16.0990442897139,15.5781275560732,NA,NA,NA,18.5326783861814,16.9017971179684,15.4596537280042,16.8486478497881,NA,NA,NA,16.3989749730802,16.9404119914405,16.9520972036931,16.5241054322064,NA,16.1283011564696,NA,NA,17.2057646884288,NA,16.4884154733532,17.3733375067738,16.1301368350953,16.1532750696855,NA,NA,-0.245390981854197,-0.937313985175972,0.446532021467579,16.6129466743164,-0.727631500082401,-5.14509887589675,0.47309285328543,0.896077533266722,0,0,0.832213535101996,0,0.229245899888198,-0.458393164571601,0.916884964347998,16.6129466743164,0.683993065879231,-5.49525546178914,0.499799714166014,0.834663611429138,0,0,0.85300233254746,0
"Q6UW68","TM205_HUMAN","TMEM205","Transmembrane protein 205","=""TMEM205""",19.8255161757514,19.9158273680669,19.3527978224251,19.9659170278255,18.8042263675523,19.5456864196982,20.4232912112245,19.9902336635663,19.6387970891913,20.4097757933065,20.1867938210023,19.3121918101551,20.0663643049964,20.0306110129227,18.7067952065579,19.7628044431415,19.8317730749109,19.7570249267471,20.0537488389227,19.0643593879158,19.6040991506338,19.1666357150424,20.4164347435006,19.7272937608809,19.9716922624885,19.8091838206897,19.0087369379391,19.3061307194785,19.8354602742995,18.8319267046417,20.0957676196635,19.604194432997,20.0957917867346,19.8623962395366,19.8989863504949,20.3494430559112,18.9312898336586,19.8965311720664,19.5512200123112,19.9569702945448,20.1021360827705,20.3690486372109,19.6100854061247,19.4891313812149,18.0146060592021,-0.113273259736939,-0.442686459062368,0.216139939588489,19.6922161826648,-0.692145200248333,-5.37762745381344,0.492322272043092,0.896077533266722,0,0,0.922869080498143,0,0.112019573547322,-0.215473723648714,0.439512870743357,19.6922161826648,0.688497407407336,-5.73954836200665,0.494594374150949,0.834663611429138,0,0,0.924165863452988,0
"Q6UW78","UQCC3_HUMAN","UQCC3","Ubiquinol-cytochrome-c reductase complex assembly factor 3","=""UQCC3""",NA,NA,NA,NA,18.1586246696741,18.1124284006758,NA,17.8087936669455,NA,NA,NA,17.0461223091519,NA,NA,19.072667399655,17.1966153833143,NA,16.7409047600614,NA,NA,NA,17.9830751841697,16.7428381303658,NA,18.1572327514103,19.7124352147174,NA,NA,17.9856272104151,17.6055704542199,NA,NA,NA,NA,NA,NA,18.3756630577484,NA,NA,NA,NA,NA,17.2088755698915,NA,NA,-0.358461578459359,-1.22627993989835,0.509356782979637,17.8604982774944,-0.875467436174965,-4.94784415157027,0.394240104132356,0.866140483702139,0,0,0.716301364736981,0,0.0486976605103102,-1.1678541196823,1.26524944070292,17.8604982774944,0.0848405973791984,-5.28418869441705,0.933437976447034,0.983221640851135,0,0,0.996651287612726,0
"Q6UWP2","DHR11_HUMAN","DHRS11","Dehydrogenase/reductase SDR family member 11","=""DHRS11""",NA,NA,NA,NA,NA,17.1789245720127,16.097408006527,NA,16.6161483577641,NA,NA,17.2633071849554,NA,17.8012521254424,16.6355128031071,NA,NA,NA,NA,NA,16.7788923206958,NA,16.1298926238403,16.6927062974514,16.7583380944989,16.6146998009882,NA,NA,16.9783834539983,16.9727056864939,NA,NA,16.1101784645533,NA,NA,NA,NA,NA,NA,16.6819452398406,NA,NA,16.812792929624,NA,NA,-0.226412890660036,-0.696334076972657,0.243508295652585,16.7576929976121,-1.01634463344593,-4.86712740263832,0.323678933016818,0.826372714395847,0,0,0.774610880314835,0,-0.155118760299469,-0.73967000579733,0.429432485198391,16.7576929976121,-0.559766120393757,-5.26955502226724,0.582922774094817,0.869847439875183,0,0,0.919690864293987,0
"Q6UXV4","MIC27_HUMAN","APOOL","MICOS complex subunit MIC27","=""APOOL""",21.6808773331727,21.7198352035398,20.9764187392729,20.8712794082633,21.1635418649648,21.112514119681,21.8886602886816,21.4742803111241,21.6488347059243,21.8057652573063,21.5408037577852,21.007772270233,21.6523791552763,21.1353915379492,21.1194601244334,22.0761747479971,21.2713127988148,21.3251726463511,21.5567863486347,21.3619761707708,21.2152634624845,21.6280513164952,21.3428364337786,21.4842774777835,21.2781833537638,21.7961963751693,20.2786349203723,21.6993071491251,21.4720970787614,21.2433929994491,21.3563671953958,20.5903002758657,21.533591373034,20.8764495426243,20.5892889449711,21.5197517164771,21.303223714802,21.5363082656579,21.3981076919922,21.3605105525232,22.0374325897016,21.1979766304401,21.6414196999583,20.9777064409398,20.7535359707075,0.0188504494447699,-0.235807082696505,0.273507981586045,21.3444321769433,0.148996474795724,-5.57771163833496,0.882207137225537,0.962924583781994,0,0,0.997640291810262,0,-0.157179511644053,-0.410352836293869,0.0959938130057638,21.3444321769433,-1.24965117037956,-5.23177594504926,0.217742366349134,0.704875885604619,0,0,0.786933791041147,0
"Q6XQN6","PNCB_HUMAN","NAPRT","Nicotinate phosphoribosyltransferase","=""NAPRT""",17.8414423645339,17.4077950949729,NA,17.9687109824762,17.8409162469681,18.2543112311285,18.7446542575081,17.5135437195672,17.6217448306643,NA,18.0360403674731,17.8257523229432,19.3488395505289,18.5716375686561,17.2964433120494,18.4909866517259,NA,17.2249829360412,17.9013374522312,17.8045605786042,17.3946192983731,18.0817889730961,18.5276688406929,17.5971831637841,18.3196735169961,17.6223871808165,18.4395148155692,19.8346811490795,17.8579934634866,17.6717521777885,18.7454594958446,17.3638293409605,17.2340316270523,18.0470120280972,17.4005508398763,NA,NA,17.723795184236,NA,18.4814420277799,17.9845828210113,17.9909368438902,18.6370756282716,NA,18.5358034875258,0.0398490988137858,-0.354264155055256,0.433962352682827,18.0311968782184,0.204508988764605,-5.5255835876229,0.839018210906154,0.955422539266107,0,0,0.993029975999875,0,-0.0371711781089665,-0.446399594774579,0.372057238556646,18.0311968782184,-0.183719595190683,-5.86104445858909,0.855184329693413,0.962209177596919,0,0,0.994201880558988,0
"Q6YN16","HSDL2_HUMAN","HSDL2","Hydroxysteroid dehydrogenase-like protein 2","=""HSDL2""",23.3787645800114,23.5702052510385,23.6783756352246,23.4964831969419,23.8847487989784,23.7820286612735,23.5582038378132,23.5633949930161,23.84546327422,23.354966583198,23.6716273284094,23.81416555622,23.9296965589392,23.508664037113,23.8446492979903,24.1764048295837,23.5428289514224,23.720096988152,23.8844737618039,23.7647809963711,23.7642995050224,23.9243752895252,23.6018719273954,23.6501816368529,23.8540979825016,23.859578373858,23.3713516153491,24.5408469664912,23.656170930666,23.6706807937724,23.711134967013,22.9560933153743,23.6282918593567,23.3353288886028,22.5887757271794,23.704577659201,23.6472059717187,23.5820667603249,23.6882036169921,23.6349306899416,23.731588068563,23.353148384802,24.004747663165,23.9543533247851,23.5174741670897,0.136216417266024,-0.0667296713133481,0.339162505845395,23.6644755378503,1.35101315501216,-4.80084405608261,0.183293465624129,0.733010065782738,0,0,0.793649088739654,0,-0.262941298977196,-0.464704567231173,-0.0611780307232198,23.6644755378503,-2.62317648092931,-2.9147342936124,0.011774586472655,0.282187558578439,-1,0,0.311008276794837,0
"Q6YP21","KAT3_HUMAN","KYAT3","Kynurenine--oxoglutarate transaminase 3","=""KYAT3""",NA,NA,NA,NA,NA,NA,15.4830774167998,NA,NA,NA,NA,16.4578384783975,NA,NA,16.0249106697513,NA,NA,NA,16.2493977353194,NA,NA,NA,14.6941754284293,NA,15.6635690047008,15.4519297538184,15.9499043904503,NA,NA,15.7594801258384,NA,15.1070055208761,NA,16.2438627252679,15.456251362217,NA,NA,NA,NA,NA,NA,NA,15.4654763081701,NA,NA,-0.367313218824119,-1.02249239583998,0.287865958191743,15.6928368400028,-1.20210270022304,-4.63403584865464,0.249205823862509,0.779693468718345,0,0,0.600271667609523,0,-0.0516390838537699,-0.645516341318518,0.542238173610978,15.6928368400028,-0.186443366145591,-5.44459929617455,0.854764003789952,0.962209177596919,0,0,0.991929032012293,0
"Q6ZMU5","TRI72_HUMAN","TRIM72","Tripartite motif-containing protein 72","=""TRIM72""",25.0718192941196,26.1842891855417,25.7796886377415,25.857940426271,26.1769865176037,26.050719010138,26.0869906328805,25.9342458524529,25.9607165624893,25.439910053813,25.7712993757236,25.7592121864186,25.4182938613316,25.841232231601,25.4943947035471,26.0524468860437,24.7219473446879,26.0293300716067,26.0187203430429,25.7828994033373,25.6563754650198,26.0172121402217,25.8842959617711,25.9300820627029,25.6769425085428,25.6633149436608,25.8973074927578,25.5800768600256,25.8851944814451,25.7885817009682,25.8156598931545,25.5557817013036,25.6730741702004,25.9580051941745,25.7471270083581,25.6728269460433,25.7987456129883,25.6828902455393,25.6667061614572,25.6291468793146,25.5303652828579,25.8016340350202,25.9274606304642,25.8184319525934,25.7555281324994,-0.0156702048798536,-0.217277281531707,0.185936871772,25.7654633342995,-0.156451493141684,-5.57670878163295,0.876361172439628,0.962924583781994,0,0,0.997934030809432,0,-0.0367562546576963,-0.237188315079,0.163675805763608,25.7654633342995,-0.369126199055086,-5.89982487119862,0.713725863203122,0.919870186920418,0,0,0.987680237621405,0
"Q6ZVM7","TM1L2_HUMAN","TOM1L2","TOM1-like protein 2","=""TOM1L2""",19.3298424001991,19.600124771354,17.8267354651464,19.6698551206158,19.0717947318206,18.8567221951541,NA,18.6296124972196,19.1032310486566,NA,19.4235872002693,19.2871215346457,NA,NA,19.1932294045167,18.6156338696194,18.9535163943619,19.2935849240898,18.0192060567307,18.901850241216,19.0467759310172,19.008004551293,19.2136086368373,19.3311533753655,19.2898509323658,19.7410559315012,NA,19.0869195218317,18.9797878987307,19.0969492198391,18.9509774041871,NA,19.403247750909,18.6657241269942,17.549684956649,19.1843037024158,19.2323278277863,18.760111105913,18.857703842514,19.439960215887,18.4508101719399,NA,18.8525935177874,NA,18.7468169072428,-0.0631397738376016,-0.426807381694967,0.300527834019764,18.9909193347195,-0.351461777947129,-5.45271903941236,0.727181247729688,0.947417763940137,0,0,0.980085918661545,0,-0.195366347563745,-0.548646988972616,0.157914293845127,18.9909193347195,-1.1194626716875,-5.3117481864735,0.269961547704565,0.747796548567826,0,0,0.774275524658,0
"Q702N8","XIRP1_HUMAN","XIRP1","Xin actin-binding repeat-containing protein 1","=""XIRP1""",22.4917167546958,21.4676254371231,20.6281259077118,22.1966900186821,22.6271577825271,22.4166268457175,22.476061722262,22.0976025314247,21.6652952149498,22.7483919576795,21.8769323091019,21.8766963777497,22.6023156822792,21.2244083935972,21.7918180324672,21.7416882861939,22.3255655111037,21.9149792566338,22.505871358519,21.1365923400932,21.5608024858128,22.3026383952865,23.5655110935238,22.1508096040931,21.2329597913744,21.2265424762395,21.5897726408945,22.2590363099973,22.6205912189166,22.342002831988,22.3573446930199,21.8022701599052,22.166423943721,22.9226216913129,22.504385620042,22.4704432142126,22.2116424774851,21.6165849995146,22.8454703509999,21.5932918618575,21.9790880700197,22.8983568199996,23.720398744562,23.067972654021,22.7771701848021,0.0249183861795927,-0.389394265790163,0.439231038149348,22.1688065345359,0.121060517599386,-5.5810345942088,0.904169906335906,0.967987658053573,0,0,0.997492919930712,0,0.430540125653675,0.0186421909580908,0.842438060349259,22.1688065345359,2.10394716178604,-3.95132055362088,0.040874109454016,0.395602987929941,1,0,0.252448490464143,0
"Q709C8","VP13C_HUMAN","VPS13C","Vacuolar protein sorting-associated protein 13C","=""VPS13C""",NA,18.8262703718052,19.3436805674176,NA,NA,NA,18.8486387049176,18.4944010548283,18.5502494014185,NA,18.5208467829386,18.1833254339709,NA,NA,18.2465739497672,18.8185358877899,NA,18.6226235699731,18.2844982979537,NA,19.0446420208303,18.226497032879,18.2944359220291,18.4153832578823,18.3012805927428,17.7232697707269,18.879619934564,NA,NA,18.8836319123718,18.5140464084858,18.5692366984809,NA,17.8257359854746,NA,NA,NA,NA,18.7086448767712,18.290354548323,NA,NA,NA,NA,NA,-0.110823163586065,-0.449479713231192,0.227833386059061,18.5173509576809,-0.673914688295782,-5.20406341505969,0.5065392688289,0.896077533266722,0,0,0.927394020469971,0,-0.123604209025562,-0.515226889299093,0.268018471247969,18.5173509576809,-0.64997893562343,-5.42350769872709,0.521624599811588,0.837978453874493,0,0,0.922707959868056,0
"Q70IA6","MOB2_HUMAN","MOB2","MOB kinase activator 2","=""MOB2""",NA,NA,16.1685400837507,16.358872047071,NA,17.0411736864239,17.2793840663648,NA,17.3548831796242,NA,NA,18.0445032921476,17.2244965503163,NA,15.9786926869475,16.8465120121283,16.8531678203889,16.765959538829,16.5168177649516,NA,17.5071665532164,17.4270702280401,16.6616897021834,17.0659665161196,16.7235787340957,17.1513721742525,15.7783811187571,16.59368174581,16.5925292842389,17.4280425551907,16.8276129978552,16.9840009081501,17.0135754453733,16.600160502924,NA,16.8877007704366,NA,NA,NA,17.3179738857029,15.6811267760383,16.7969595033548,17.3548336906469,NA,NA,-0.0702416033623869,-0.523853772863542,0.383370566138768,16.8653685748816,-0.315402211131049,-5.38564767164594,0.754501454865927,0.948679518362231,0,0,0.980407552099282,0,-0.0118299454341155,-0.446541229823004,0.422881338954773,16.8653685748816,-0.0554289742889089,-5.82027531063725,0.956140911735668,0.987932247464068,0,0,0.999469567917716,0
"Q712K3","UB2R2_HUMAN","UBE2R2","Ubiquitin-conjugating enzyme E2 R2","=""UBE2R2""",NA,NA,NA,NA,NA,15.5957201546979,16.289907775968,14.944027378397,15.4743670949917,NA,15.4225486023683,14.8865082740038,NA,15.6892865804661,14.7215011674368,NA,NA,15.8185251076835,14.5436723332045,15.4405245851071,15.2903783461408,NA,15.6052953384578,15.1390697593303,14.8740994609883,14.7787343581207,NA,NA,NA,14.702520190643,NA,NA,14.9990509927225,NA,NA,NA,14.4126967704448,15.150361526474,15.2967278387847,15.5824920079505,NA,NA,NA,NA,NA,-0.238380883368448,-0.662692182704699,0.185930415967803,15.2117279838355,-1.16207100869305,-4.82394718599525,0.257102906602159,0.782013090941701,0,0,0.723403794308655,0,-0.0606438517277006,-0.545108344069363,0.423820640613962,15.2117279838355,-0.258923020151905,-5.55585929220084,0.797993789843537,0.943761982127924,0,0,0.986408652041225,0
"Q7KZF4","SND1_HUMAN","SND1","Staphylococcal nuclease domain-containing protein 1","=""SND1""",18.5062959451956,NA,NA,19.4088856120844,NA,NA,NA,NA,NA,NA,17.8720111200614,NA,16.9721803476724,18.4337388331301,17.7981887495343,16.6578628780873,NA,17.0445289385331,17.8064667866933,19.1501177376522,NA,NA,17.3217186173835,18.4861994719067,18.4195053775286,17.8970300422451,17.5339437187978,18.9892786768299,NA,NA,16.7702792509655,16.6551340976264,NA,17.9342056148687,19.4796730280615,NA,NA,18.8412411240964,NA,17.9087128770007,16.9157020610015,NA,16.7378157308412,NA,17.8699847224955,-0.316116883250857,-1.12600790208936,0.493774135587648,17.8964280544117,-0.802253312287788,-5.05872114642676,0.42966738705579,0.873144117382484,0,0,0.765644125705327,0,-0.242343158148628,-0.95930145012434,0.474615133827084,17.8964280544117,-0.694747962346328,-5.53333519318032,0.493365974336851,0.834663611429138,0,0,0.842639189739518,0
"Q7L0Y3","TM10C_HUMAN","TRMT10C","tRNA methyltransferase 10 homolog C","=""TRMT10C""",NA,NA,NA,18.4256621407698,18.8814765382576,NA,18.7010855441983,NA,17.8714052097608,NA,NA,NA,17.9978110700576,NA,18.9254498897459,NA,NA,18.917454548264,18.0607243577688,NA,NA,NA,18.6117980657928,18.28842940144,NA,18.742565048952,NA,18.6512183214141,18.7328640749841,19.2867790811339,NA,18.4928836570748,18.7106900722055,18.3108762220319,NA,NA,18.7677914211105,18.3710920611192,NA,NA,NA,18.5386064023075,18.9361463068596,NA,NA,0.204875615635135,-0.164191983932491,0.573943215202761,18.5820385445357,1.15111753161173,-4.77946009407664,0.262018902907496,0.785815429528459,0,0,0.760029655379986,0,-0.0636016607124965,-0.415141098841265,0.287937777416272,18.5820385445357,-0.375171395198661,-5.58832919738367,0.71111903403315,0.919870186920418,0,0,0.978550593333875,0
"Q7L1Q6","BZW1_HUMAN","BZW1","Basic leucine zipper and W2 domain-containing protein 1","=""BZW1""",NA,21.1234990064729,20.3556057991016,18.1994347229651,21.606691023875,21.4070178578435,21.2309869568464,21.0257356003548,20.8210599096722,20.7397720355459,21.0444679270034,21.1250312537841,18.6675338523192,20.3230964171683,20.264492425182,21.4131408023285,NA,21.2487685862263,20.8678122462811,20.7109693085442,20.886584897476,20.7732285464953,20.556227061562,20.0758739092315,20.5471502700682,20.5661425527575,20.9826037425911,18.954190487593,20.8057204145921,20.6416048517625,21.0713634873087,20.4698180948551,20.7377340931926,21.0506793187219,18.4820582594632,21.4115986704793,21.7019926256835,20.8267238822477,19.9141923305044,20.258173018509,20.1439418223122,20.4236375767421,20.4810436657172,21.9247262794595,20.4502496243455,0.0640402056569727,-0.492173837506522,0.620254248820467,20.6119157026787,0.232035060387535,-5.53595647878614,0.817585618672936,0.948679518362231,0,0,0.98718514360662,0,-0.0265466562194447,-0.570740377932661,0.517647065493772,20.6119157026787,-0.0983103272785552,-5.94467970890724,0.922131968768111,0.979656818909501,0,0,0.997850258024016,0
"Q7L2H7","EIF3M_HUMAN","EIF3M","Eukaryotic translation initiation factor 3 subunit M","=""EIF3M""",NA,19.2445538593321,NA,20.3753499455136,NA,NA,19.2227990726424,19.0029705587944,19.4741461271311,NA,20.115998144582,17.8311696428095,NA,19.7225777054941,NA,18.6853793706603,NA,19.4966722224538,18.4788627168452,19.4788875103952,18.58852424048,18.4710797867656,18.3725366214845,18.9053342236066,18.6919255787819,19.0101930080962,18.9316712006904,NA,19.7948199459355,18.93592411182,19.6395392787281,19.8417504218468,19.5291767206274,19.0374543656392,20.0708221599668,19.488072284398,NA,18.9303965293069,18.380317747274,19.5675986085007,19.5215294565128,19.8991291231841,19.1489747185927,NA,NA,-0.48057466452887,-0.934458485822741,-0.0266908432349987,19.2086708184513,-2.15165607334085,-3.63751499165918,0.0386060741065611,0.530153423758362,-1,0,0.209306400136326,0,0.520598371293861,0.118086664163144,0.923110078424578,19.2086708184513,2.62833654412325,-2.91409753616731,0.0127798872258704,0.285217012558542,1,0,0.103338237783027,0
"Q7L5N1","CSN6_HUMAN","COPS6","COP9 signalosome complex subunit 6","=""COPS6""",20.2908357177561,19.7515394397911,20.3571703470785,20.4960118064339,20.1388882419541,20.6299208211343,20.0341625236497,19.9807007248246,20.1520984629729,19.9750576473847,19.7799185255946,20.8254429421509,20.2611209199827,20.0341722849849,19.7139080550521,19.9357293294462,20.067161370781,20.1916261793726,20.0136509460813,20.1401429564681,20.3266247147048,19.7490796778563,20.3559938241391,20.2246636315712,20.0892675370568,20.0348559720603,20.0305212392623,19.6158951934394,20.375732761288,19.7696330109096,19.5438368187693,20.2603784911498,20.0698258031988,19.8712044953814,20.0766080703447,19.9164433034838,20.4396109324694,19.7484024952398,20.1889732873083,20.0378878809023,19.5333784525718,19.8761280981906,19.8644881117092,20.4608052510772,20.2389552298754,-0.102927395200542,-0.30753098292509,0.101676192524007,20.0770767450412,-1.01257813975842,-5.14131411474221,0.316553704755514,0.825960254803846,0,0,0.888346411172015,0,-0.0529101081843493,-0.256321215265869,0.15050099889717,20.0770767450412,-0.523570050620599,-5.83425352262452,0.603088793913783,0.877101544038078,0,0,0.973598617764171,0
"Q7LBR1","CHM1B_HUMAN","CHMP1B","Charged multivesicular body protein 1b","=""CHMP1B""",18.0948536592983,19.5147138354252,NA,20.4433123668021,18.4877192363378,20.0441672406855,18.626821887122,18.9908295081238,19.5482161979661,NA,18.7433232621556,20.8015886825386,20.1196730968494,NA,19.2786783932857,NA,20.0768980418248,19.6113384327021,19.7502403702929,19.2611204837058,NA,18.2590343744092,20.2787997941691,19.5988885705322,19.2989307346679,18.9575807843438,18.8931434317192,20.4043875081627,NA,19.0545919179476,19.1611743727598,20.5797113288628,19.4198130271159,19.7404251968412,20.4089687618432,18.2471680403941,NA,19.0159559316843,19.7263430385889,19.1023493088715,NA,20.2447518518924,NA,NA,18.7993852282798,0.0453791468015972,-0.489636207417174,0.580394501020369,19.4452827970915,0.172012892926539,-5.48309775261686,0.864389650020389,0.95848719206779,0,0,0.99340864198906,0,0.0582071886818554,-0.485083615742851,0.601497993106562,19.4452827970915,0.21727771693533,-5.82281757516848,0.829217295724942,0.954505588586296,0,0,0.989158559464199,0
"Q7Z3D6","GLUCM_HUMAN","DGLUCY","D-glutamate cyclase, mitochondrial","=""DGLUCY""",NA,22.6173367804729,22.9426648335251,NA,24.6559819703321,24.404948434262,24.2362966759476,NA,24.0610141754978,23.7255211238381,24.0123164025877,23.1632957524503,23.7548310460123,24.0533670773071,23.2145789368699,20.6874542113234,22.682024934429,23.0425283452926,NA,23.8822541905028,24.5263497735585,24.6652135108125,NA,23.8053074779581,24.0801971406174,23.8939594536226,22.8708227117749,23.5996842298462,24.3296277716918,23.2813000535586,NA,22.7601732327357,23.0013720860284,NA,23.5962717837492,24.2241749413395,23.8285790292875,NA,24.0304208327076,23.7619498053321,24.1348836483079,22.8976848072667,23.6613825587693,24.111587303609,23.1764184546482,-0.215926146993645,-0.729630742124933,0.297778448137642,23.6046966350776,-0.85088620805727,-5.20141312707995,0.400156949981109,0.867495161100663,0,0,0.820561497619941,0,0.0671035802691726,-0.443617914632437,0.577825075170782,23.6046966350776,0.265975268108284,-5.8466080873823,0.791694542804888,0.942866632673364,0,0,0.984448168219075,0
"Q7Z406","MYH14_HUMAN","MYH14","Myosin-14","=""MYH14""",20.6775117381131,20.8992833687773,20.8489151220729,20.461554732776,20.8870419759458,21.1003985782395,21.3214493238014,20.9796300230658,21.0470740652169,20.4547997266926,20.8397210526082,20.7179204396783,20.3544269430468,20.4316698577999,20.279955851516,21.3621487136275,19.997476407279,21.0093543581676,20.8307126122834,20.7145362721873,20.9750636820605,20.862285234082,21.0812533541459,20.8619667174066,20.4128409464036,21.1023595505539,20.4454596109497,21.6081085084939,20.5222092932913,20.4422867211991,21.3264310281124,21.6474469011799,20.9819789070239,20.7347066001139,20.6591076946971,20.8682474826947,20.7100475556093,20.9552641997913,20.6922740791205,20.3258327507105,20.4409482019581,20.7623663324152,20.7362478326943,20.7978024276017,20.2357140489334,0.0694318550806088,-0.17826739654556,0.317131106706777,20.7867517960919,0.564215333134254,-5.44776148979523,0.57534602749718,0.909046723445544,0,0,0.96234641628916,0,-0.0235763959649944,-0.269831994690733,0.222679202760744,20.7867517960919,-0.192709051416094,-5.9470938037902,0.848034385004412,0.959935715069946,0,0,0.996121347571399,0
"Q7Z434","MAVS_HUMAN","MAVS","Mitochondrial antiviral-signaling protein","=""MAVS""",NA,NA,17.8904923758058,NA,17.4049412502589,17.5501236441658,17.1845809189211,17.4597584601132,18.1210834516444,NA,17.8190497202316,17.518034613676,NA,17.839950924997,17.8678863171519,17.656102983393,NA,17.7914569626263,17.1288591982331,17.4637670832513,17.4316371303634,17.1081887338041,18.4622510018427,17.4902576225897,17.8520663388794,17.8850968841326,16.9270436049828,NA,17.4239364064192,17.9142775290973,17.3490358236676,NA,17.8547764861184,NA,NA,17.239398183986,NA,16.9287058837821,17.5693784440354,18.2006528734273,17.664679177429,NA,NA,NA,17.3007933509989,-0.0916050519953728,-0.390971973254866,0.207761869264121,17.590266560646,-0.623261971465417,-5.30542948205678,0.53752405482916,0.899122088181203,0,0,0.944719948666366,0,-0.114342850579156,-0.431990007049889,0.203304305891576,17.590266560646,-0.733194262165765,-5.52759677080793,0.468770703798488,0.834663611429138,0,0,0.917015510219499,0
"Q7Z4H3","HDDC2_HUMAN","HDDC2","HD domain-containing protein 2","=""HDDC2""",NA,NA,NA,16.9959028830782,17.7340077721048,19.1357976206507,18.2928189348463,17.8230417577652,17.2522624588289,NA,NA,18.9013384470245,NA,NA,17.5510648938259,NA,NA,17.4529131738813,18.6942810354245,NA,18.2390579280733,18.2469826959652,19.3192840924686,18.1991490237287,18.131590083563,17.7027481180873,17.1402096333087,18.5197283847551,NA,NA,NA,NA,17.2518458685861,17.5372242394563,18.4753018654954,18.8583943552547,18.0913124786799,NA,NA,NA,NA,NA,NA,NA,NA,0.238209943964463,-0.345693603770023,0.82211349169895,18.0672285976023,0.84191435278705,-5.08787822133823,0.408133270120903,0.869020715339718,0,0,0.807772689932575,0,-0.120555174778811,-0.791228754899794,0.550118405342171,18.0672285976023,-0.37095719494423,-5.53936818591931,0.713918255098957,0.919870186920418,0,0,0.960188649431608,0
"Q7Z4W1","DCXR_HUMAN","DCXR","L-xylulose reductase","=""DCXR""",22.4058503269867,21.5928622748377,21.2999827971567,22.814435531652,22.6609730464025,22.8513808426999,22.3151620119185,21.7023207419887,22.4314833920426,22.6138154078485,22.9616205080889,23.318785442573,22.7190411389942,21.9773797834963,22.4682441268488,22.3994256241324,22.2308406127258,21.7438977123612,23.0969230645885,21.9400405039216,21.8465688038745,22.3502677034714,21.9671108804319,22.4000818228306,22.7624904789837,23.0318218689286,22.7312545933195,21.9914917476569,22.212472453323,22.6186769033117,22.1824479431105,22.4299850489398,21.9833343460151,22.2691896711421,22.0151305864673,22.3708443708413,22.0625060096237,21.7753259483685,22.0877335950461,22.7750517877073,22.9988471571932,22.7833797336349,22.5335197220658,22.4584041063403,22.8381796262691,-0.0518507510482884,-0.336835228798614,0.233133726702038,22.3782351511147,-0.366222190063803,-5.52848860164196,0.715876818280478,0.947417763940137,0,0,0.982818350640866,0,0.0160343252602573,-0.267289192010048,0.299357842530562,22.3782351511147,0.113914464894434,-5.9586322138672,0.90980090396864,0.979102145142626,0,0,0.998485431524794,0
"Q7Z6Z7","HUWE1_HUMAN","HUWE1","E3 ubiquitin-protein ligase HUWE1","=""HUWE1""",19.5361020142811,18.7588753385227,18.2991024310053,19.2388538144376,19.1983409103133,17.9634164285517,18.5331580015859,19.6896486286551,18.9569864600065,18.6679405943488,19.1183781902943,18.5727065848673,17.0697037624138,18.1536808093923,17.2976971801578,18.8718269045765,NA,18.9750986619308,18.4835815432812,19.1858940227728,18.5058956294878,18.4366892418543,18.7553597130381,18.8725971494019,18.8904714119901,18.1712023857242,19.2358264885894,18.3803681183835,18.6156801784252,17.9122069400223,18.6784064957817,17.8970886796361,18.5877149956295,18.9135721216331,20.19520909716,18.5014251892355,19.2934960399235,19.5875395060266,NA,18.8827205635183,19.1655667644679,19.0973931438456,19.8026292734404,NA,18.0178109698218,0.0476240819451945,-0.35852079496457,0.453768958854959,18.7373300566293,0.236468495172137,-5.54862670644107,0.814190930258013,0.948679518362231,0,0,0.990258137890805,0,0.31841394940221,-0.0992910070013293,0.736118905805749,18.7373300566293,1.53726984157448,-4.82634674062668,0.131546945389402,0.618529116746516,0,0,0.524207256141171,0
"Q7Z7F7","RM55_HUMAN","MRPL55","39S ribosomal protein L55, mitochondrial","=""MRPL55""",NA,17.4944352456124,16.934653728921,16.0946252361581,16.962681408975,15.7832202497966,16.4187206150878,16.709475691893,15.2606479282102,16.1824917772433,16.3199265013347,15.3870772585448,NA,NA,16.9813211537906,16.4615342893156,NA,16.5842070424694,17.3025899971499,15.2707929578872,17.0321560851832,17.2337557637518,17.0169666606343,16.2643626410014,15.7044843043825,16.187348627636,NA,NA,16.1816613900615,16.8964532795406,16.6070343585522,16.6527745817607,17.2807775761685,16.0157775230266,NA,15.9252704583715,15.7841469411691,15.155802463266,16.6910927929676,16.5412183528302,16.7679578124656,16.6605393188933,17.0516444031305,NA,NA,0.145181332575994,-0.33757681659775,0.627939481749738,16.4388785115884,0.609320273045117,-5.33824585889776,0.546031687972439,0.901808432400474,0,0,0.915901851276257,0,-0.102595024269441,-0.582358292350053,0.377168243811172,16.4388785115884,-0.433275136379418,-5.77718105775048,0.667327678230699,0.909001377099351,0,0,0.959352186284227,0
"Q86SX6","GLRX5_HUMAN","GLRX5","Glutaredoxin-related protein 5, mitochondrial","=""GLRX5""",23.3977793964317,23.3771880727915,23.93956451077,23.5826248535635,23.4885460358768,23.589459957171,23.369697589162,23.7085028085122,23.6714387896766,23.2607487167788,23.581359284478,23.1201710033906,23.5964106140777,23.2351004325229,24.0715997659733,23.4558394788266,22.9487161498858,23.580005216271,22.8492272751984,23.9591187682206,23.2415146923847,23.7614922575452,23.6316748875967,23.4159408502458,23.8420893221119,23.089342716702,24.2116749393008,23.8655144531474,23.7301139725333,23.8287223134379,23.4124719115815,NA,23.4501346610175,22.9008835397478,22.1073482786497,23.4890977857921,23.2463486294202,23.4050034288199,24.2905195295248,23.9498948678968,24.0592430227438,23.7826318840012,23.8922256790508,23.5534465732561,24.2244750712903,0.0270189283355364,-0.262598001769529,0.316635858440602,23.5492023633495,0.187894911311217,-5.57193228936837,0.851802985477924,0.95848719206779,0,0,0.995675540964487,0,-0.0149777711214725,-0.307731293086423,0.277775750843478,23.5492023633495,-0.103042385894206,-5.94423921321678,0.918386756351347,0.979656818909501,0,0,0.998725655052741,0
"Q86TC9","MYPN_HUMAN","MYPN","Myopalladin","=""MYPN""",18.8682093711051,17.1217980145438,17.6658259309341,16.9674172723138,16.8087634229349,NA,18.0403158126063,18.0741800175786,18.0284731175042,17.1458416151667,16.9858557235724,NA,17.6058811485473,17.709233190358,16.3311018860046,17.9502140072593,16.9506208892277,17.1497193485631,17.6905919942246,17.2015849943077,17.1980868041132,16.806519963006,19.1752636659866,18.0126541092706,NA,17.6844301428245,NA,17.4551618638262,18.2101451761621,17.5356446630963,18.4637742686346,18.3502924748167,17.5012165296785,18.3289862851701,18.0691383994088,18.2548867577362,16.9684908646665,18.0712003776671,17.961974442433,16.1139188279199,18.1158729817818,17.6278974827944,17.6790520744423,18.7651684289723,17.0852178555644,0.131633659847946,-0.318079424320263,0.581346744016155,17.6519663950421,0.59068728878691,-5.37871703074223,0.557892287373242,0.905137078267613,0,0,0.926056524669506,0,0.233494718494207,-0.199159228100684,0.666148665089098,17.6519663950421,1.08908702534218,-5.37470992365976,0.282319249751522,0.747796548567826,0,0,0.744304775780502,0
"Q86TD4","SRCA_HUMAN","SRL","Sarcalumenin","=""SRL""",25.4497465751295,26.0654525540104,26.0299537347237,24.8197654275775,25.5780587833908,26.0797133006811,25.6003562659679,25.7729618992937,25.6581797789328,26.3866531585802,25.8328279024817,25.4459590738652,25.2598145115172,26.4289757596633,25.2635650945943,26.0620672784241,26.0294241858647,25.8512423840794,25.4715260162581,25.6495668537731,25.8906828806045,25.4912366626013,25.4771638403844,25.7813210917732,26.2668928254297,25.9967073220357,25.9138002880638,24.6097913493173,26.02793166035,25.3426429671959,26.0009366575789,26.1604997685932,25.7898123348395,25.6202011582382,24.4722814170251,26.0260873040863,25.4395755772402,25.8631941946166,25.5796649959619,26.362185969643,25.839877563109,25.656893983902,25.7955629619399,26.2819911745328,25.2574623195623,0.016981735211175,-0.259960707877707,0.293924178300057,25.7262268623874,0.123425062467472,-5.58077994416428,0.902307756280786,0.967086210236501,0,0,0.998255806883043,0,0.018948651647591,-0.256379701941251,0.294277005236433,25.7262268623874,0.138528197702932,-5.95566414189699,0.890427120249882,0.975133831606227,0,0,0.997803348960965,0
"Q86TP1","PRUN1_HUMAN","PRUNE1","Exopolyphosphatase PRUNE1","=""PRUNE1""",NA,16.2675247344127,17.7516426799794,NA,17.0280160482567,17.0746609719063,NA,16.4614791817979,16.8874418392597,16.7748745295457,NA,15.9799754206664,NA,16.9344828702058,16.6613480492031,16.073456022914,NA,16.6493862099834,15.5299149054455,NA,17.4605290234301,16.7023612162397,15.9414282709077,16.2407972072228,15.882909727828,NA,17.1276885885313,17.0122792564142,17.1653245132318,16.4706058486283,16.567821403411,NA,16.4386914389011,16.346628667182,16.0816108993612,17.0894038587938,NA,16.0164490844405,17.1775407276809,15.7766150975319,16.0708228510503,16.1282777342839,15.92865623218,16.4884189062251,16.4616121855318,-0.253699843528171,-0.645332335927534,0.137932648871192,16.532876462931,-1.31374901187842,-4.74842176332838,0.197232243265206,0.735164347255353,0,0,0.662423921254705,0,-0.161913244617093,-0.526830144389077,0.203003655154891,16.532876462931,-0.899827618329481,-5.50173859406283,0.374185216358981,0.795820049946075,0,0,0.8528586729742,0
"Q86TX2","ACOT1_HUMAN","ACOT1","Acyl-coenzyme A thioesterase 1","=""ACOT1""",NA,NA,NA,NA,19.1321392338362,18.7166609884677,19.4944924123609,18.8556733644217,20.4476736430337,19.243639665269,20.7958861730393,NA,NA,18.8792695355826,19.7346518805558,19.124466756741,NA,20.3336886050377,20.1334169015909,18.3264940104073,17.6998467776795,18.9756790480364,17.6345946156566,19.9829032094024,20.2207927470538,20.377960347864,NA,18.8254624582128,19.578596739548,20.5389383066503,19.2402393584645,NA,19.1213698241987,18.9586727471031,NA,NA,18.8110094978555,19.2636256472174,19.408236506419,20.0932081492622,19.7521722664901,NA,19.3339642968056,18.5840135467333,20.1914641513856,-0.104647295008341,-0.689652301721548,0.480357711704865,19.3882091943146,-0.363517320711946,-5.39017122313891,0.718466396380945,0.947417763940137,0,0,0.96599154345226,0,-0.0786113063538068,-0.62877264307623,0.471550030368616,19.3882091943146,-0.290369924523266,-5.81996461373892,0.773294889563737,0.94164415266078,0,0,0.979992305045942,0
"Q86U28","ISCA2_HUMAN","ISCA2","Iron-sulfur cluster assembly 2 homolog, mitochondrial","=""ISCA2""",17.6670208187124,18.7358985195407,18.8444551666918,17.9287304977589,18.8721852095584,18.1484435948171,18.1341030777344,18.4764007938531,18.602429932145,18.270377502867,19.0225720944495,18.1869509555833,NA,18.4794855282805,18.9272266734647,19.2104686335676,16.9124323398366,18.6447914694869,18.3356687628719,18.4394936685073,18.1974254797545,18.5084055222811,17.7211488962889,18.2284125760104,17.9836335557183,18.9823596072361,17.6758275185863,19.5930976563226,18.1677273529984,19.5555425620082,18.0236704634499,18.4632092785683,18.8702888484325,17.4891921948279,18.0261998649821,18.6309891846889,18.1684362752369,18.1199047448175,18.5788026758347,18.4920620124444,18.7584770492942,17.7503455802656,18.7873139792531,17.6979359934108,18.2329220680042,-0.0628385888037535,-0.423455564990615,0.297778387383108,18.3759651404646,-0.350954730531789,-5.51920996422872,0.727258602427455,0.947417763940137,0,0,0.980186515483521,0,-0.137779025864276,-0.490381649951944,0.214823598223392,18.3759651404646,-0.786988551490076,-5.67087565840288,0.435410177754262,0.82110113969254,0,0,0.891759608859912,0
"Q86UT6","NLRX1_HUMAN","NLRX1","NLR family member X1","=""NLRX1""",17.6737838562119,17.8234042704742,17.7637483662562,NA,17.8013724360698,16.7045525289172,18.0747713294503,18.0546849812394,17.925039029774,17.9254156623661,18.4731691813456,17.3228391548481,17.871675195105,18.0804059077633,17.6827647681743,18.2849871173322,NA,17.6564960422146,17.552096947522,17.2990867213661,17.8910843345992,18.0806258356877,18.5874776180363,18.4459091069491,17.6414950541155,18.6404056294736,NA,17.843581443227,17.7470559384994,18.1649999248401,17.2969088241131,16.7789629400456,17.5242304999043,17.7692071201696,NA,18.5382458018675,18.1128153228234,17.7584671279141,18.5617237528651,17.4005180565739,18.1209075732893,17.4856916624177,18.2740354449318,18.0930764789192,17.473779449486,0.171458643585403,-0.146243836245852,0.489161123416658,17.8585731326141,1.08909301138241,-5.03616771784241,0.28231664083535,0.798683993712781,0,0,0.805052163612705,0,-0.174338377961956,-0.49017276466347,0.141496008739559,17.8585731326141,-1.11393482337712,-5.33673665711183,0.27163534009351,0.747796548567826,0,0,0.796750022985751,0
"Q86UX7","URP2_HUMAN","FERMT3","Fermitin family homolog 3","=""FERMT3""",NA,NA,17.1913870207233,NA,NA,NA,NA,NA,NA,NA,NA,NA,NA,NA,NA,NA,NA,NA,NA,14.9943119306795,NA,NA,NA,NA,NA,NA,15.6527448365333,NA,NA,NA,NA,16.6134613841772,NA,17.6220591256925,NA,NA,NA,15.525209564171,NA,NA,16.3210556609602,18.4402816846678,16.9278142615592,NA,17.9495905592379,-1.99500008772861,-3.95099100141617,-0.0390091740410401,16.7237916028402,-2.24386332341794,-4.10377693887829,0.0463012031944687,0.552120007903853,-1,0,0.00217699020617882,-1,1.8552454778761,0.571790563788372,3.13870039196383,16.7237916028402,3.18010220803195,-2.62720352417016,0.00872130847990721,0.272445073110452,1,0,0.000151103114365409,1
"Q86V88","MGDP1_HUMAN","MDP1","Magnesium-dependent phosphatase 1","=""MDP1""",NA,17.9030126792885,18.1253646559058,17.7552249445841,18.0382203895159,18.8685948722408,18.0592195498305,17.5777864488238,17.9711474232995,17.9592576510802,NA,18.2971366549473,NA,17.0370181123939,16.9431528430155,18.0789224368223,NA,17.6449897095125,18.7031243177762,17.5288841628472,18.4848991518992,17.7842539986337,17.9463946552305,17.3880266963044,17.8591668879796,15.8939314646722,17.4148406319139,18.0992507613667,17.5932733661709,17.9417831120194,18.158483838094,NA,18.0576910465722,18.06537831059,18.26289629531,17.8257706876915,17.2986053640867,16.516728678306,17.1725332223227,17.1007980178013,17.1281114673097,18.0878573077876,18.2379705722348,17.1005908621445,18.2348689052295,-0.122171480494718,-0.533268319133432,0.288925358143997,17.7536290538389,-0.600157429890084,-5.37143630085769,0.551701019926673,0.905137078267613,0,0,0.929915676779321,0,-0.0795326269762882,-0.473009528593031,0.313944274640455,17.7536290538389,-0.408193017866257,-5.85428448477931,0.685253857405032,0.915228679438145,0,0,0.970386704888098,0
"Q86VF7","NRAP_HUMAN","NRAP","Nebulin-related-anchoring protein","=""NRAP""",20.786235372623,20.4485099408098,20.9505975317288,21.9766324721894,21.0883011482015,20.0046609085415,21.7362597872716,20.8661779200936,21.0539975610197,21.7385921361907,21.3288911096916,20.8602404877084,20.8548231943609,20.1073160921181,20.7536764724208,21.2325596368406,21.0353378285712,21.3261943447943,22.325028653944,21.1581675756286,19.5469896872616,21.2256822188544,21.1274503406772,21.2628947277135,20.2140204880602,20.3717606388019,20.0691319108517,20.9614372141293,20.7704756830699,21.5729016114922,21.8954942100872,20.2570874609176,21.7289024061433,21.9350338811279,20.472218042509,20.9896454889675,21.733432724093,20.7256103736701,21.8006229978299,20.3941785954767,21.2747660727867,20.9516200073407,21.4596587314915,21.122975252204,21.5365481339187,-0.0223329346732974,-0.405438256465835,0.36077238711924,21.0451719794272,-0.11733792951365,-5.58142552440084,0.907102655577228,0.968065142292613,0,0,0.997824915532514,0,0.271850787858234,-0.10902170074912,0.652723276465588,21.0451719794272,1.43668581008673,-5.00136293909568,0.157568272009504,0.651333371176197,0,0,0.605105713281122,0
"Q86VP6","CAND1_HUMAN","CAND1","Cullin-associated NEDD8-dissociated protein 1","=""CAND1""",18.753808117827,20.1873157975052,20.7993090193224,19.5306513131024,20.6094942987824,20.2636187506396,20.1227362685726,19.9154625111223,19.9796422654455,19.65309549117,19.3755572679552,19.253132557773,18.6376897459993,20.123559078373,19.7055309440647,19.8236757815577,18.9758018127981,20.3571737038802,20.1757938124303,20.8040820244362,20.1578036312312,20.2382705316664,19.3283139611986,20.3118272109307,19.7923055674661,19.7300823051191,20.362825991032,18.4387298954885,19.0897732610276,19.3831863076995,19.6812676548935,20.1713991966219,20.1821624063887,20.4197940020433,20.8728431194683,19.8799724869407,20.1100138434006,19.9149883069663,19.9057989067934,19.7616665990668,20.3416806093745,20.4709112423278,20.0349276160474,19.7384758479833,20.9843391981831,0.00402455704265137,-0.358352532646153,0.366401646731456,19.9188997836026,0.0223546649185781,-5.58727136824664,0.982261648284134,0.993793001679145,0,0,0.999927972835546,0,0.366706349235844,0.00644128343546152,0.726971415036227,19.9188997836026,2.04883548798148,-4.05071846979294,0.0462027961577844,0.407484700279197,1,0,0.323836183394173,0
"Q86VS8","HOOK3_HUMAN","HOOK3","Protein Hook homolog 3","=""HOOK3""",17.4092441168175,NA,NA,17.1427128785593,NA,NA,16.2389145217548,NA,NA,NA,NA,NA,NA,NA,17.9052246477422,NA,NA,15.4037041777108,NA,NA,NA,NA,13.5636488580132,17.2918826192947,17.6175862540215,17.9780417379478,17.4151571737936,NA,15.3319338808515,NA,NA,NA,15.1306250040217,16.9923107716717,NA,NA,NA,NA,NA,NA,NA,NA,NA,NA,17.5487338060419,-0.706527811101541,-2.133210466725,0.720154844521915,16.6406943177316,-1.05529480345067,-4.77906208336871,0.307947472380404,0.816672111158051,0,0,0.435105449626312,0,0.162044517195032,-1.39796399187028,1.72205302626034,16.6406943177316,0.221349881259946,-5.38275836267724,0.82779699214398,0.954028489730942,0,0,0.969839814154312,0
"Q86VU5","CMTD1_HUMAN","COMTD1","Catechol O-methyltransferase domain-containing protein 1","=""COMTD1""",NA,19.5855023219062,19.0227304386907,19.9855533923418,19.0745907241842,19.4207680553574,NA,19.1981543721522,NA,NA,NA,NA,NA,NA,20.7101389073614,18.8097023169307,20.7997538829305,NA,18.4455735056292,NA,19.157246698845,NA,17.9952713863565,NA,NA,NA,NA,NA,18.5537894493829,NA,19.4195405332506,17.6515682010035,NA,18.818179802753,NA,NA,NA,NA,NA,NA,NA,NA,18.4232785410278,NA,NA,-0.614863219879634,-1.41348815978046,0.183761720021192,19.1218436782414,-1.61724127093711,-4.32740413320931,0.123176852366446,0.687402872621279,0,0,0.275930555517822,0,-0.448571829196194,-1.3678679815561,0.470724323163716,19.1218436782414,-1.02498078210966,-5.02290138867099,0.318920193885205,0.766782772877355,0,0,0.598915752065325,0
"Q86WU2","LDHD_HUMAN","LDHD","Probable D-lactate dehydrogenase, mitochondrial","=""LDHD""",20.0209044654019,19.4632539216242,18.9810817787392,19.7629588476012,19.4215102109305,19.6995064608535,19.2523908245786,18.7407685666959,19.2269691551008,19.8770326846403,19.9646061932723,20.4949335373113,19.4513283925604,18.8407655691375,20.4087492495226,20.1464167102282,19.0014226759407,20.0375517255781,20.3019965165245,18.3171224876536,19.1418454873412,18.6560396334985,19.6452703894597,19.4010500810544,19.9971234661233,19.6944067726762,19.4931445852214,19.8013468053485,19.2842846886686,20.485132297983,19.539366137905,18.012162869938,19.5570500441295,19.9057241203745,NA,19.2577696024801,19.2959716652402,20.1292744047975,19.5143987382507,19.7656968769737,20.1673769432324,19.7721972558371,19.8342678508323,19.6098859351225,19.6871305555589,-0.0051397186250135,-0.363033263011384,0.352753825761357,19.5695269814078,-0.0289238648883897,-5.58712113492887,0.977053093894072,0.991167825587566,0,0,0.99988069222674,0,-0.00128749777592319,-0.363057079304254,0.360482083752408,19.5695269814078,-0.00716779019435177,-5.94927913419871,0.994312633797781,0.999903966701438,0,0,0.999992656653549,0
"Q86X55","CARM1_HUMAN","CARM1","Histone-arginine methyltransferase CARM1","=""CARM1""",18.4447626346479,19.0251613520171,19.7275384261888,18.4593699694895,19.7383589330596,19.9222576044232,19.1142198947801,NA,18.5721612724605,19.5557729505615,19.129635120275,20.7426636880673,NA,19.8126322115637,18.2818911958852,19.4393832689415,NA,18.9873745306926,18.9180168522539,19.6355246019339,19.6985185475202,19.3913333988468,NA,18.0118809160546,19.5701695335233,18.9543363992517,19.6901066314199,NA,19.0736701014582,19.2623174490621,19.0671870563187,19.5233097155639,19.4384821738902,NA,18.6292741682536,NA,19.5038332669438,19.3116831536385,19.5239530239323,19.7425861613682,19.6822306129617,19.4334841133136,19.4507190315116,18.699658083184,20.0965153602744,-0.0594836903676992,-0.464781285778011,0.345813905042612,19.2963677211982,-0.296851203799159,-5.47400959968511,0.768153760772631,0.948679518362231,0,0,0.984432705921514,0,0.17539947707294,-0.227250547734691,0.578049501880571,19.2963677211982,0.881080320908277,-5.51907186535555,0.383666520139495,0.801074231021491,0,0,0.845328929820933,0
"Q86X76","NIT1_HUMAN","NIT1","Deaminated glutathione amidase","=""NIT1""",17.8499288591544,19.1185238599818,NA,18.7093184126203,19.7882160796581,19.8445294058526,19.4374818648447,19.0950715481288,19.757749203082,19.4298193797121,19.4656882847784,20.3349491911353,18.8618486156836,19.0532183377667,19.3140246489391,18.8483782118743,19.0646650712764,18.5481133595242,19.4105455348626,19.5784060088107,19.2682139835987,18.9705148044484,18.9288310944044,19.5472940369903,19.4828335336235,19.3215140202823,18.9660861752285,18.7868757937204,18.7897333652884,19.4842748642019,18.8127567803243,19.2128765045106,18.28807111236,19.0802567839607,19.1341703799686,19.4098357687885,19.3406229380067,19.3521984166365,19.4901526564595,19.4098214275023,19.1552456673383,19.3101987601317,19.1851113434031,18.4231870131568,19.4860263053651,-0.138980654947822,-0.428208088461459,0.150246778565815,19.1851631683497,-0.967800216471177,-5.16696371369717,0.338312420017923,0.826506778828922,0,0,0.860170015062555,0,0.0062834666518512,-0.27651617604219,0.289083109345892,19.1851631683497,0.0447498210421425,-5.9638698469561,0.964504535224853,0.991453602020915,0,0,0.999772936619977,0
"Q86Y39","NDUAB_HUMAN","NDUFA11","NADH dehydrogenase [ubiquinone] 1 alpha subcomplex subunit 11","=""NDUFA11""",21.7567502009944,23.0387143416692,22.5481294200062,21.2462448640909,22.1296698227981,21.4228348319516,22.6425657148944,22.8003652891383,21.8864912422189,23.8579574487715,22.9104197181389,21.6388045459395,22.7653703583617,22.4276052471424,22.4394191215632,23.2947137313491,23.2463442520202,22.0298600252064,21.5999108682677,22.7904071189912,22.3164937200708,22.24092052012,21.4140616870387,21.6207470333018,22.374347995496,23.2508609121,22.4366787520397,21.8119646786016,22.6409970428897,22.5108049751852,22.298338686444,22.472811163406,22.357605348607,20.6973826773385,20.4397798930743,23.267349609034,22.8726203752129,22.8474547061423,22.8816620238204,22.7727788437482,23.2453256229662,22.0886492055442,21.6496558466557,23.2171276046967,22.6138841393794,0.00419294058076147,-0.466790817872601,0.475176699034124,22.3736195828095,0.0179194050698188,-5.58735008070057,0.985780579626481,0.995228955789035,0,0,0.999939952667196,0,0.00955416222612371,-0.458684585636844,0.477792910089092,22.3736195828095,0.0410710751022412,-5.96402612004473,0.967416825712913,0.991453602020915,0,0,0.999683560561768,0
"Q86YB7","ECHD2_HUMAN","ECHDC2","Enoyl-CoA hydratase domain-containing protein 2, mitochondrial","=""ECHDC2""",NA,NA,NA,NA,15.3279473157467,NA,15.5176839553432,16.5416157785269,16.2975032009641,NA,16.271433916695,NA,NA,NA,NA,15.3656076481464,NA,NA,NA,15.6777306137909,15.3042702497134,NA,16.2379334320365,16.6349000882614,15.6064767501204,16.1706041093856,NA,15.1795651366449,16.6954356236899,16.2949455151616,NA,NA,NA,NA,NA,16.8219367330617,15.655816736701,NA,16.4973729095698,16.1625686912663,NA,NA,16.47924189178,17.1061067846127,NA,-0.0618370700219177,-0.589207215089242,0.465533075045407,16.0879379562485,-0.243146868203716,-5.23919592664189,0.810140222839968,0.948679518362231,0,0,0.987064722035685,0,0.560644713165658,0.0670461006860729,1.05424332564524,16.0879379562485,2.3553156501809,-3.4105753781648,0.0278190532493395,0.344080314270748,1,0,0.134223562252707,0
"Q8IUZ5","AT2L2_HUMAN","PHYKPL","5-phosphohydroxy-L-lysine phospho-lyase","=""PHYKPL""",NA,17.6626743197746,17.9541910196279,16.5328886575051,17.1370255999983,18.169775853492,17.7501520542726,17.0655249682388,18.014191217305,17.3975576439302,17.5126953545853,19.0630486471675,17.2898259230361,NA,17.9208262336983,17.8595817978406,17.8732431115322,17.7598672819049,18.0252645012064,17.9210232964105,17.7282126749722,NA,17.3822488313592,17.9521390204305,17.7769641212784,17.6812488684088,17.9753315489082,NA,16.5078719565702,18.4508950861142,17.6948211193968,17.2473965248249,17.5623557166198,17.8868475228442,17.168263016073,17.5634045098069,17.935662922328,17.0553362475132,18.1039711024099,17.4163902060387,NA,18.4887350091798,17.1306120863739,16.1038568364795,17.9137973300387,0.1315527198269,-0.239698520633261,0.50280396028706,17.6408929934874,0.715601768688036,-5.30880597652236,0.478289038452266,0.896077533266722,0,0,0.907532955347647,0,-0.241184881452757,-0.60384180618943,0.121472043283916,17.6408929934874,-1.34305436779936,-5.07875409094299,0.186634878573537,0.67048191514958,0,0,0.667074726687838,0
"Q8IVN3","MSTN1_HUMAN","MUSTN1","Musculoskeletal embryonic nuclear protein 1","=""MUSTN1""",23.3763817811693,21.8353100964305,21.5951213661924,24.1319816103701,23.2867757888516,22.5601500317792,22.8174073255868,22.7414152931815,22.6588861450932,23.2746872214016,21.5802080104993,22.3861660653219,22.7066349843452,21.6362707999338,22.5337128311521,22.296237704254,22.0865079556102,22.6133040731035,22.9959196004665,22.589977149798,19.9216198043087,23.1262140473619,23.0393976349741,23.0149894917281,21.3279283974451,22.1374615374498,20.8328776455161,22.7707366072689,21.7635340555315,22.4743987229615,22.5144499470942,21.856075627989,21.9743406317081,22.0227630228791,22.5028188118962,22.4365148183129,22.895467602569,22.1204331367004,23.2295351243752,21.3830380966323,22.8052226417433,23.9968264367419,22.2738751315566,21.6346609760013,21.7328431238597,-0.421642207337708,-0.938699907500641,0.0954154928252249,22.3886906424255,-1.6414054762653,-4.43827040612537,0.107527787702423,0.679806474125127,0,0,0.390524472703501,0,0.159184046818769,-0.354860112351894,0.673228205989432,22.3886906424255,0.623318364336503,-5.78000266090493,0.536151130064554,0.845712063915002,0,0,0.905538344651375,0
"Q8IW45","NNRD_HUMAN","NAXD","ATP-dependent (S)-NAD(P)H-hydrate dehydratase","=""NAXD""",20.693260420396,21.0868063561988,21.3003687272818,21.3168902237353,21.0126796234141,21.9653688405115,21.0268476546912,21.037948827891,20.9744058388068,20.5790241254046,21.2843320548529,20.8608229143082,22.4389889797268,21.2716596159226,21.1623646090205,21.0686907771666,20.8360444578403,21.3202250064958,21.4602624373915,21.4699997515874,21.376344071983,20.5593228227842,21.0834172500109,20.9513623835269,21.1297149652354,21.2343073503397,20.2952720065801,22.0921370280097,21.1271678641278,21.4700861138608,21.0028966330956,21.0815585958504,21.1795394369105,20.7123955519081,21.1022773221011,21.3211042465554,21.6064749994687,20.6693863743785,20.5941343044571,21.3223052389486,21.6420545177816,20.5310927789542,21.9499082764508,20.8877755585084,21.3600566543262,-0.0366665046277639,-0.310439215827445,0.237106206571917,21.1655351908622,-0.269581548910958,-5.55549570431214,0.788686774491375,0.948679518362231,0,0,0.991333655274442,0,-0.0340929198163415,-0.306270015502502,0.238084175869819,21.1655351908622,-0.252129365826284,-5.93447763390349,0.80206322558125,0.945800004020743,0,0,0.992508401310183,0
"Q8IWA5","CTL2_HUMAN","SLC44A2","Choline transporter-like protein 2","=""SLC44A2""",NA,NA,NA,NA,NA,16.4869528209287,16.5583044801964,16.6692371767491,16.0198865496719,NA,NA,17.2723803267472,NA,17.3855673060606,NA,NA,15.9402500057613,16.1906976629648,16.245777068071,NA,16.9849242843163,NA,16.4817869801722,NA,16.9091764422916,16.4036176540331,17.170106831968,NA,16.9128789786506,16.527391877884,15.9129018251572,NA,16.3627195087322,NA,NA,NA,15.9868545664631,NA,NA,16.7376175770568,NA,NA,17.1196463998086,NA,NA,-0.138835700434498,-0.573558991601811,0.295887590732814,16.5846988725564,-0.662252434577359,-5.13451952937915,0.514674998435211,0.896077533266722,0,0,0.911906879305531,0,-0.130200179368597,-0.590256800569825,0.329856441832631,16.5846988725564,-0.586861492653862,-5.44196444788813,0.563260175922532,0.862398968828047,0,0,0.927987813740101,0
"Q8IWW8","HOT_HUMAN","ADHFE1","Hydroxyacid-oxoacid transhydrogenase, mitochondrial","=""ADHFE1""",17.4742650809309,19.202984223535,21.4762415165758,19.2572108765579,20.0148148468759,21.0001754386164,19.9740322850832,20.0403136462864,20.6894604546753,20.3512289495102,20.8320935564189,19.027094041395,20.1037644529134,20.822868038888,20.6464123819533,19.9522864102476,19.2916769212862,21.0549179014145,20.9999900004352,20.8788596165394,21.2705080275855,19.7460087955053,19.9636428987775,20.4353933466096,20.510042994824,21.5089159732417,18.7464198297592,20.4892481243788,21.0565373424398,20.8314152315847,19.2300194577976,NA,21.5520933081575,20.5925055529373,18.1172370617783,21.1771772156485,20.8220052143004,20.188806750177,21.0941558054007,20.2460392381088,21.3865265156364,19.2573169522137,21.131315319898,21.0051497235119,20.7964324750974,0.390604511377646,-0.165386342959072,0.946595365714363,20.3237637226252,1.41494790985619,-4.72650141011819,0.163960583716476,0.720861261794311,0,0,0.493484695992166,0,-0.000690129241096571,-0.562702442293127,0.561322183810934,20.3237637226252,-0.00247317839105715,-5.94930072523084,0.998037612810555,0.999903966701438,0,0,0.999998644369565,0
"Q8IWX7","UN45B_HUMAN","UNC45B","Protein unc-45 homolog B","=""UNC45B""",23.1601376000433,23.7831560892705,23.6067456719552,24.1781743456874,22.8563696615393,23.2740416499055,24.0009051557853,22.9778910649361,23.5461732842945,23.5605220498631,23.6018726905616,23.879028795339,23.4434599783234,23.5664314691224,23.5262855321577,23.2380467715062,24.7433301091236,23.6426462897993,23.8686936840973,23.8272550090167,23.2488522101075,22.9071831445782,23.6292142394566,24.0361461764713,23.3701263713927,23.6824956744985,24.2601951743497,23.7718159990358,24.0644614858163,23.2914594970561,23.7211914221705,24.8962969926191,23.8992525660682,23.8543101135883,24.7811658268271,23.253003285911,24.0872010125041,23.3728345763956,24.2184368461574,23.3297199617995,24.0187309425991,24.1777857313543,23.5532047040701,23.725150758197,22.8422220907871,0.186731272140285,-0.113825938363952,0.487288482644523,23.694969415692,1.2505490035917,-4.91136934683094,0.217417417739604,0.752472233109963,0,0,0.752059372168735,0,0.143238999649512,-0.155566488611558,0.442044487910581,23.694969415692,0.964902694603783,-5.52465699486394,0.339634601331298,0.778269017459071,0,0,0.856687870320419,0
"Q8IXJ6","SIR2_HUMAN","SIRT2","NAD-dependent protein deacetylase sirtuin-2","=""SIRT2""",NA,18.265129114955,NA,NA,NA,17.7906223008117,18.535424189142,19.2809324140234,18.9599644712705,18.2353365852189,NA,17.7461555826855,18.0993371483629,NA,16.6073017975263,19.2860472514371,17.8124752711296,18.6484185330922,19.2814354740479,NA,17.9858677064298,18.6621029757883,19.5619033066826,18.2020588056052,17.9888161529278,17.5195878629633,NA,NA,19.085608912224,19.2675787969504,18.8113358186393,18.6941726575938,18.7699611068472,17.4383953464014,17.5444195758157,NA,18.7576615574957,NA,NA,NA,NA,18.6168080125138,18.9375426342262,NA,NA,0.439159510970828,-0.115730204156456,0.994049226098113,18.4273241849244,1.61623472617849,-4.38964811067286,0.116498387978609,0.679806474125127,0,0,0.389014250541613,0,-0.160862562149823,-0.731847622923801,0.410122498624154,18.4273241849244,-0.575332691688463,-5.61044731328468,0.569351016579373,0.862573310642818,0,0,0.913376463455033,0
"Q8IXM3","RM41_HUMAN","MRPL41","39S ribosomal protein L41, mitochondrial","=""MRPL41""",NA,NA,NA,18.8478278161267,NA,NA,NA,17.5981650716563,18.0056206941729,NA,NA,NA,NA,NA,18.8701160151331,NA,19.0526963707686,17.2097532173514,17.5565001450061,NA,NA,NA,16.7320434891589,18.6494772623706,18.880938006194,NA,NA,19.2502712104591,NA,18.1135584206907,NA,NA,17.685577476959,NA,NA,17.8474622904727,NA,NA,18.5154056110104,NA,18.4532600013296,17.5472946838156,NA,NA,NA,-0.215647764329145,-1.02216557408592,0.590870045427627,18.1656451636868,-0.561655695421756,-5.06896169393586,0.581261629771711,0.911046855724377,0,0,0.889584637300391,0,-0.126110868368016,-0.872610149821606,0.620388413085574,18.1656451636868,-0.354864284093482,-5.50835950669227,0.72680580657896,0.92533598327536,0,0,0.960557467489035,0
"Q8IYS1","P20D2_HUMAN","PM20D2","Peptidase M20 domain-containing protein 2","=""PM20D2""",15.8356816369117,17.1726208192776,NA,16.256759570411,16.7143612124173,NA,NA,16.8649505983129,15.5880199854093,NA,NA,16.6577711497736,16.5473901745523,NA,NA,15.4939767459191,16.6278876257362,16.3756891308258,16.6201261324242,15.1023975673599,NA,15.6117356851504,16.8645096805373,15.756189753671,16.1361499771963,NA,17.2523424211504,15.8465769701472,16.0568215336113,16.5830408365716,16.8485325118189,18.4467233931736,16.1505686628943,NA,18.8861982545768,NA,NA,16.3387146412773,NA,14.8400370550445,NA,17.5039652930469,15.3642290677218,NA,16.1499715637925,-0.212174996542291,-0.91306527715268,0.488715284068097,16.4164646550238,-0.617372785045366,-5.25815767060714,0.541491645629032,0.899122088181203,0,0,0.877960207982323,0,0.515793929651018,-0.156787369864541,1.18837522916658,16.4164646550238,1.56399281472124,-4.70364442621942,0.127958164194937,0.61311621273916,0,0,0.346282939251255,0
"Q8IYU8","MICU2_HUMAN","MICU2","Calcium uptake protein 2, mitochondrial","=""MICU2""",15.5956374901952,NA,NA,NA,15.3096621312528,NA,15.0886531255315,15.4030093879386,16.3141959935106,NA,NA,NA,NA,NA,NA,15.9267436904651,NA,NA,15.7129697891709,NA,15.2574552972297,15.3743018776156,15.044431267361,15.7529179083715,15.2125237296334,NA,NA,15.193978561781,NA,14.7397937655814,16.0487286868506,15.2286065863597,NA,14.7141906960863,NA,15.3990885861385,NA,NA,NA,NA,15.202356421051,15.8547911081883,16.3256949108084,NA,NA,-0.167814268896498,-0.652169575500047,0.316541037707051,15.4618919529105,-0.718455940158509,-5.05563956285323,0.480023707218664,0.896077533266722,0,0,0.884120235698323,0,0.184211884150384,-0.249878403388576,0.618302171689345,15.4618919529105,0.879980184114471,-5.32393150875251,0.388364191926929,0.801609022432753,0,0,0.840103850876455,0
"Q8IZ83","A16A1_HUMAN","ALDH16A1","Aldehyde dehydrogenase family 16 member A1","=""ALDH16A1""",18.4198934141022,16.0975313521252,NA,18.6425631752069,16.1702951609787,NA,NA,16.6133842097065,NA,16.865860908078,NA,NA,NA,19.0879350803785,NA,16.1433259234414,NA,15.5617525908355,NA,18.5699383286818,16.3158781413008,16.1477192455963,NA,17.2812388904886,17.7210905716884,NA,18.9248179945681,NA,NA,NA,NA,16.3510559503651,16.14453700998,18.7786595494849,19.2755439041534,NA,16.9652162776976,18.8454973444721,NA,18.203441462678,NA,17.0284596045617,15.9368147942869,NA,NA,-0.177804015328427,-1.30900424931304,0.953396218656188,17.3371854535357,-0.323694958996017,-5.26770769499398,0.748856984875508,0.948679518362231,0,0,0.949877536901171,0,0.425526005431106,-0.631705610231541,1.48275762109375,17.3371854535357,0.828876491919017,-5.39465323882929,0.415005566986785,0.813290868361498,0,0,0.687815583738033,0
"Q8N0U8","VKORL_HUMAN","VKORC1L1","Vitamin K epoxide reductase complex subunit 1-like protein 1","=""VKORC1L1""",NA,18.7314013592718,19.2113042262696,19.6997476468035,19.9600551165169,18.7600558800502,NA,19.1917793022188,NA,19.5195877029575,NA,19.0777142020697,19.8224309315496,NA,NA,NA,19.109678292187,19.6929510264454,19.450962951405,19.3132814458475,18.7904654244956,18.6219506586719,17.6266401622783,19.9330506473208,19.6854458138207,18.9299192182522,18.7953793082453,NA,19.6756262938651,18.1922827137075,19.1028660711318,19.2731715645418,18.6111308591285,20.3498734729255,19.981095954075,19.1762435776037,NA,19.9368696939722,NA,19.2486878836937,NA,19.0893389856664,18.9299376501413,19.4524910998347,NA,-0.265710652084248,-0.708696545067743,0.177275240899247,19.2407096102111,-1.2189215460268,-4.83616961478991,0.231253678522719,0.759363408233298,0,0,0.677690785242775,0,0.308032624960504,-0.108404785304766,0.724470035225774,19.2407096102111,1.50315464972903,-4.82664771006946,0.142020644761471,0.630944175907517,0,0,0.548146444360708,0
"Q8N0X4","CLYBL_HUMAN","CLYBL","Citramalyl-CoA lyase, mitochondrial","=""CLYBL""",20.1435380208671,18.9603321232215,18.1582798298425,NA,NA,NA,17.9489123362382,16.7401554190382,NA,NA,18.0869804862392,17.7193422464598,NA,NA,18.4589194686943,19.740907387601,19.2375634681864,17.1019494334861,NA,17.9089890741949,18.2254783036095,NA,17.1124705384902,16.5339557527454,17.1467355114546,17.2247002171534,NA,NA,NA,18.3738665983114,17.985190210093,17.0837225691138,NA,NA,NA,NA,18.3453751469466,NA,NA,NA,NA,17.2460569486419,NA,NA,18.1954697897809,-0.401738103036621,-1.14747908118852,0.344002875115273,17.9860387339309,-1.11174236836742,-4.8811044065427,0.277243541454664,0.794236235660287,0,0,0.597277577176824,0,-0.280640131832321,-1.13743229227839,0.576152028613747,17.9860387339309,-0.67596378952011,-5.39678639212266,0.505514856858585,0.834663611429138,0,0,0.82576381722944,0
"Q8N142","PURA1_HUMAN","ADSS1","Adenylosuccinate synthetase isozyme 1","=""ADSS1""",25.4321658485459,25.4946958510233,25.8458659552969,25.5999374834083,25.6303629609036,25.3213182512057,24.7812778567577,25.1633932665842,25.166328711063,25.2905541307239,25.1605707545112,25.0393849530676,25.3654790717243,26.0902257849755,25.8004710587825,25.3672351652375,25.2856060717718,25.4425208699677,25.4035929394616,25.5858010423149,25.7606410418868,25.5988593321198,24.8496765268326,25.2001664426096,25.4521598732163,25.1134443672789,25.4193372488811,25.9301280837674,25.6980530026385,25.3998718054815,25.19505946607,23.8126812901713,25.301661701479,25.4723773395029,24.4200820859539,25.428895506282,25.4373918769763,25.5171275058162,25.2513521510007,25.3630009811276,24.8932699731943,24.863432914023,25.4299586893279,25.7958347835062,25.6390616575365,0.0091501184166134,-0.251529249362677,0.269829486195904,25.3446736372002,0.0706530420168319,-5.58529200599837,0.94397989917223,0.983220575615884,0,0,0.999472631063377,0,-0.245727059433214,-0.50488712296388,0.0134330040974512,25.3446736372002,-1.90851560701609,-4.29391353609769,0.0625704643311223,0.467370238367444,-1,0,0.506098892077649,0
"Q8N1G4","LRC47_HUMAN","LRRC47","Leucine-rich repeat-containing protein 47","=""LRRC47""",20.3252290256367,21.4291823758516,21.3830831134103,21.2891951402649,21.6140702851506,21.4500467022085,21.4320142113899,21.5218946035139,21.6853029457296,21.607967750669,21.6008127265425,20.7988566728326,21.3257000217419,21.4597501870361,21.4528423434189,21.0655802127546,21.470060550657,21.5966623380997,21.8779208183427,21.2505653226886,21.4197124984584,21.6577882623421,21.5984532660368,21.5751757773186,21.2902386268146,21.4404879218401,21.1045363927078,21.5012950117644,21.5952956446572,21.5528363046691,21.5189689820615,22.5441211440492,21.4652337000471,21.7831797346623,21.4137483169354,21.6816572760712,21.4879086834391,21.2709996675127,21.8482005840764,21.106172878169,21.7766221130904,21.4184444377341,21.8224411345493,21.7393232585854,21.174351426996,0.108176578130671,-0.108762607373507,0.325115763634849,21.4760873420562,1.00370489985408,-5.14900433299489,0.320767042008363,0.826372714395847,0,0,0.884262679172239,0,0.136984292588487,-0.0786905173379938,0.352659102514967,21.4760873420562,1.27844531878022,-5.19823287975645,0.207499754241068,0.700403974724743,0,0,0.806198781206445,0
"Q8N335","GPD1L_HUMAN","GPD1L","Glycerol-3-phosphate dehydrogenase 1-like protein","=""GPD1L""",22.8130549140798,23.1918505511404,22.9126540328104,22.9533012441517,23.9997927357746,24.322859523984,23.6996707991668,23.7093090185465,23.8114464819602,23.4289316082259,23.4205377337809,23.9596490081608,22.9653197820197,23.5234030889826,23.4535059665526,23.6134891139058,23.4175948590403,23.2111092592968,23.7734137025474,23.5001139375273,23.7020437080221,23.8528513553062,23.7228150050421,23.3652771250825,23.6732757077058,23.7590919494154,23.3948676436527,23.1267861722329,23.3119328602938,23.7009927693957,23.2444668186016,22.3191330248199,23.2705680532409,23.5864633988409,22.6229285228321,23.6715193306444,23.5827033208581,23.5214017348148,23.3269347029839,23.3958448213613,23.6498644780722,23.4186831973154,23.8063921002304,23.4300536963617,23.7534730124937,0.0613021909579317,-0.195067393119308,0.317671775035171,23.4642527082505,0.481304927303236,-5.48570192719087,0.632579495430045,0.934833173270874,0,0,0.97231709290629,0,-0.168348330333036,-0.423223728653938,0.0865270679878666,23.4642527082505,-1.32951029885696,-5.13700799335031,0.190229785825729,0.673257283043672,0,0,0.756254099744565,0
"Q8N3D4","EH1L1_HUMAN","EHBP1L1","EH domain-binding protein 1-like protein 1","=""EHBP1L1""",NA,NA,18.641410119803,19.5497522038572,17.9879475800542,18.7835916356047,18.7510766032441,18.7844713527539,18.8480711119178,NA,18.135054209181,19.7497169846812,19.0280597544249,17.65634777752,18.6180979162593,17.3882562828085,NA,19.1053763225223,19.3219798953433,18.5560528427345,18.0857934224732,17.8596336751588,18.7245391754568,18.6587796880346,18.3829941741781,18.1652378701537,18.8965037924484,19.2548427824051,18.6091174069928,18.9860655969145,18.2956798100319,18.3670934911143,19.0275314461912,18.4198671638791,19.5670866429473,18.3322882122807,18.7034781884584,18.3919856809172,18.1439663261793,18.0420935836734,18.1696177645697,18.4548048232149,18.5921560512724,18.3958014234274,18.5868266872597,-0.10520153606171,-0.469036812362338,0.258633740238919,18.5858304261547,-0.583503504510604,-5.37984298476016,0.562671936149778,0.905137078267613,0,0,0.941296554873799,0,-0.0700083299894629,-0.412508585095099,0.272491925116173,18.5858304261547,-0.412491506821425,-5.86784321720833,0.682075219245361,0.914300764132198,0,0,0.97356930937168,0
"Q8N3L3","TXLNB_HUMAN","TXLNB","Beta-taxilin","=""TXLNB""",20.5041872636134,21.6475668447084,21.3001187335009,21.7197735830489,21.5626830125235,21.3362807243237,21.2554973897941,21.1902714623241,21.5233292834511,21.2386227216465,20.9573307450873,20.9777395587497,21.4917240723061,21.2512270359057,21.0830407347702,21.1546001913542,21.4895039564671,21.0687839630456,21.1563569116904,20.9328469214254,20.8143125960776,21.0239850454844,21.3807113960857,20.9775447324034,21.2154801272474,19.7127686456231,20.9743902925168,22.4435574058586,21.2474019631523,21.0539596614707,21.254976004255,20.3963793629893,20.891892936234,20.9228414876572,20.4276010815024,21.3332801182243,21.0406763757463,21.0632082804302,21.3069278629975,21.2636134074027,20.6033657162129,20.627295725088,21.2001220922359,21.0893704538306,20.7085242246145,-0.159860926259054,-0.433349441359517,0.11362758884141,21.1070149356684,-1.17655989782813,-4.98771206761192,0.245418573783523,0.772946205803254,0,0,0.798858823373242,0,-0.167741912032117,-0.439636467984674,0.10415264392044,21.1070149356684,-1.24180066211705,-5.2407979756805,0.22059903796889,0.707512495923732,0,0,0.776059134684658,0
"Q8N3V7","SYNPO_HUMAN","SYNPO","Synaptopodin","=""SYNPO""",18.7372517696159,18.4770516512533,18.6583674643981,16.8516493588455,17.8211896366966,NA,19.2194391496916,18.5325753027268,18.6983983167021,18.698970456942,18.7762172712753,17.3200970121382,17.7422765306885,18.5016968398207,17.2736069300873,18.5412589464704,NA,18.1689047445349,18.7306215597715,17.592146912011,18.508886757832,18.6058783652496,20.3429956346179,18.606576613216,18.1850598769383,19.1686474014167,NA,17.9087291133422,18.2349468486223,17.5898354503777,18.2876828425227,16.520872968124,18.7288736505865,17.9919370306204,NA,18.408460180791,17.1141032007872,18.7627106880904,18.3224928674202,18.7025306820168,19.0119438532775,NA,17.9236611408767,18.5289748435261,17.1432047112194,0.229710736782383,-0.249864405472841,0.709285879037607,18.2735181143785,0.967306525964543,-5.1416717382189,0.33905679192992,0.826506778828922,0,0,0.780007068022964,0,-0.363758106435743,-0.848957883880876,0.121441671009391,18.2735181143785,-1.51401986948886,-4.84457534225249,0.137684752737967,0.626842806368387,0,0,0.486141556328804,0
"Q8N4Q0","PTGR3_HUMAN","ZADH2","Prostaglandin reductase 3","=""ZADH2""",18.5537504074456,NA,18.7126930163343,17.9415362705692,19.0431690685624,18.8638690387884,18.145946449383,18.2763863468221,18.0922556642088,NA,18.7795050137397,18.8240155127865,17.8148063746024,18.7643876869458,17.7402100394419,18.9384124479699,17.4711898969416,18.5523742333763,18.9112712460581,18.5413310395001,19.0138182773786,18.6349285571627,18.9739556398902,18.1636491950317,18.737981890648,19.1113956567166,18.5524025764689,17.9425484987508,18.764829650031,18.7686072614839,18.5425258980353,17.4913234355396,18.9207420315622,17.76708916333,19.4689315890457,19.0760732642201,18.499506766572,18.5508749547608,17.4443592147288,18.3715215016046,18.4902328429546,18.2496510450047,18.862044037117,18.3537321721977,18.9636306064801,0.19928617585558,-0.129182148188381,0.52775449989954,18.5042666390742,1.22271860954794,-4.91672623667956,0.227939056055272,0.753445779529677,0,0,0.744769964013197,0,-0.13509716961704,-0.450327005161836,0.180132665927755,18.5042666390742,-0.863697729982149,-5.61119203497357,0.392433554237812,0.802565618275863,0,0,0.881290227803006,0
"Q8N4T8","CBR4_HUMAN","CBR4","Carbonyl reductase family member 4","=""CBR4""",20.7463916577999,19.9262125223568,20.1338133273672,20.3235979733402,20.4853922207253,20.0404333213787,20.2778545713424,NA,19.6372596718262,20.4203825195395,20.4554418831751,20.5858875617394,21.1041635146526,NA,21.3018259253969,20.7388848553818,20.5843574235585,20.062821818841,20.6476985261998,20.4428229499095,20.1793985104186,20.6662809570395,20.6688292773359,20.6341752146786,20.4058578643575,20.8841635506518,19.1222270495283,21.0482846552912,19.6561494473024,21.0572435893667,20.3011607352296,20.6077352731037,20.5477219883102,20.4459979798308,19.8778843526298,19.8797863576837,20.4599546957997,NA,20.0490652681074,20.4119961992796,20.9056843925381,20.2070084699992,21.2702933775567,19.9454248240009,20.890806041403,0.0423928265254396,-0.265945993688856,0.350731646739735,20.4294850551422,0.277262936055452,-5.52333977712042,0.782905575230035,0.948679518362231,0,0,0.989678282997521,0,-0.0361537389103361,-0.337024895744145,0.264717417923472,20.4294850551422,-0.242326166359353,-5.92094540550504,0.809678437623613,0.947477443017977,0,0,0.99239634645796,0
"Q8N5K1","CISD2_HUMAN","CISD2","CDGSH iron-sulfur domain-containing protein 2","=""CISD2""",NA,16.7317421644205,17.2656602784858,18.9349549018193,17.781180715595,17.7537043086255,17.4617794305327,17.5776951244305,NA,NA,NA,NA,16.9188112424425,18.1317160115297,17.8755183187231,NA,NA,18.5169857354954,18.0032001598693,NA,18.0081782446183,17.860923280229,17.2515320069621,17.3707706101324,17.4091742414649,NA,16.9730899821465,18.354755007523,18.4124230446457,17.4809083035788,17.3368673192469,19.4489838035563,17.4924036295122,17.8707800178064,16.5858451216617,17.801609271827,NA,17.7046555341078,17.4233772352871,17.8891058559421,17.077712784625,NA,17.1664342106417,17.5053116587438,NA,0.166886306597171,-0.335153935375449,0.66892654856979,17.6781148350372,0.67552100523489,-5.25167864558945,0.503908173834917,0.896077533266722,0,0,0.891921278524724,0,-0.17710700233858,-0.654522137540692,0.300308132863531,17.6781148350372,-0.753869606122173,-5.57925208903853,0.456110737091726,0.831474716578483,0,0,0.870199765845741,0
"Q8N5M1","ATPF2_HUMAN","ATPAF2","ATP synthase mitochondrial F1 complex assembly factor 2","=""ATPAF2""",NA,17.9051943886026,17.293829143881,NA,17.3097964873677,18.0897746087783,17.9121465155112,17.2218560083275,17.9557077805489,17.7861375547814,17.602191722252,17.728508901004,17.2219939898717,17.4064447116147,17.944566406101,18.5981444454174,16.8367323306436,17.828289123961,18.0963094417348,18.2979448458216,17.9920470794851,18.0922074811797,17.9771026358036,18.2394284930648,18.4993771347553,18.1961019948842,17.5417821319462,NA,17.7215446323486,18.8701813454681,17.302809101683,15.7694592357866,18.1095555094937,16.7636804611809,15.9470868249098,17.8203913632073,18.5401508014776,17.4741678069944,16.9339241370998,18.1769147782587,18.454419406754,17.4846069427253,18.0797825784449,17.5380552758241,17.4061518395349,0.407161406383224,-0.00862553471952832,0.822948347485977,17.7134880332984,1.97480132990154,-3.93118614876743,0.0547278245522067,0.579686901402145,1,0,0.306370588007415,0,-0.605203891746918,-1.00475639976521,-0.205651383728621,17.7134880332984,-3.05460811525003,-1.94447993030696,0.00385850861251947,0.196735946932972,-1,0,0.0346171789087951,-1
"Q8N5M9","JAGN1_HUMAN","JAGN1","Protein jagunal homolog 1","=""JAGN1""",NA,18.6676834285208,18.2732615348832,17.7804357855302,18.5578336528713,17.7659335592708,18.5539478060956,18.4257755024157,17.2550266613064,19.0896935218738,18.106005190525,17.6020921392429,16.8864169476669,18.2117693751964,17.218094618358,18.7314329451926,17.5525726140575,17.9032481020664,18.1654694931729,18.0103973415247,18.2711180671558,18.0109720766703,17.4395766468842,17.6857966065229,17.8059878150728,17.9438885596161,17.8628753486404,NA,18.5045869350263,17.9481357709909,18.427813086625,NA,17.9719788277221,18.2321346071808,17.3237455560309,18.8649831429419,18.1657558434004,18.2927722204103,18.224420370563,17.7892850381872,17.881717778153,17.8299552779044,17.4866040740374,18.3982362206892,NA,-0.0667667512329082,-0.404081594601205,0.270548092135388,18.0273031729316,-0.399439476986594,-5.48980053121381,0.69159147232317,0.945624054281237,0,0,0.97567972450521,0,0.0924040904104579,-0.249010767752527,0.433818948573443,18.0273031729316,0.546178966356744,-5.77635173772103,0.58782988609812,0.870161621650437,0,0,0.952089794055605,0
"Q8N6M3","FITM2_HUMAN","FITM2","Fat storage-inducing transmembrane protein 2","=""FITM2""",NA,NA,18.7057937553635,16.4624220208527,19.067872351657,18.5362610171732,17.4004872929648,17.9878436238927,16.5034307593182,18.5313382842144,17.3894505904467,17.6174882321835,NA,17.1211427376573,18.232298380757,18.7283956517448,18.1708174881409,17.8325566578471,18.4587857451573,17.6607558992416,18.2343367184,18.2063910669704,16.7464170093032,16.8509690588126,17.530893463534,17.7848491446811,17.8470836130228,NA,16.9640244862269,18.6234001934432,18.1308537860984,19.4181642562289,17.6536512880933,18.0696196965201,NA,18.2748308503285,17.5876780037622,17.5976824386793,NA,17.5878251594596,17.8946665183881,17.4684710246223,17.402837752092,17.9925048963688,17.6572658334138,-0.0110732095752368,-0.488216866033498,0.466070446883025,17.8443988909503,-0.046902179197768,-5.52534447952591,0.962824345146231,0.985435363040972,0,0,0.99958058732172,0,0.0625445520789363,-0.402097773192749,0.527186877350621,17.8443988909503,0.272044139705957,-5.88211839073463,0.786985978122468,0.942584418301806,0,0,0.985129449930706,0
"Q8N766","EMC1_HUMAN","EMC1","ER membrane protein complex subunit 1","=""EMC1""",NA,17.1635552919102,NA,NA,NA,NA,17.284946659622,16.8062393430377,17.3634953606176,NA,17.6351829697277,15.960721208291,NA,NA,NA,15.9193180031413,NA,17.5620998077179,16.7410183189008,NA,17.2145065701789,17.2023828262341,15.4696846775734,17.5263451476811,17.0990717695468,17.1395787127758,NA,NA,17.0080530446505,NA,17.4487178133909,NA,17.0256203258553,NA,NA,17.2377777658261,NA,16.6735183611924,NA,NA,NA,17.3404539810657,16.4349184344736,NA,NA,-0.176727089739369,-0.729773786508976,0.376319607030237,16.9662366542459,-0.660978239290906,-5.13652350962424,0.515181599100025,0.896077533266722,0,0,0.889396855508405,0,0.235690778908054,-0.31371121279474,0.785092770610848,16.9662366542459,0.887356635055797,-5.29842689361421,0.384056154686428,0.801074231021491,0,0,0.798078608101004,0
"Q8N8N7","PTGR2_HUMAN","PTGR2","Prostaglandin reductase 2","=""PTGR2""",23.283573726438,22.3631624459505,22.0267094341523,21.8095308430913,22.954598193107,22.8104331594139,22.2627498326348,22.2833900692607,22.3794785825159,22.3422592366362,22.423263116281,22.8671554263858,22.3055317282357,21.8925048623077,22.5976722870745,22.5635842174282,22.2754885894379,22.1641186085171,21.6717094592255,22.8148768671897,22.2643756473139,22.536375886178,21.8705169875632,22.1189485282832,22.3893639121383,22.2365323015993,22.378930324411,22.6987386568611,21.7641769435917,22.6665494577158,22.1734326577994,21.6504998687574,21.8297090378624,21.6227190289006,22.670176646294,22.5492493171657,22.6879889040457,22.3252276763243,22.3301187900446,22.2579842552316,22.4077617740322,21.9960759942678,22.0803493648408,21.556973779786,22.6943347614541,-0.156052505607448,-0.395816483135258,0.0837114719203614,22.3077533597277,-1.31007941117776,-4.84682369864289,0.19666786011163,0.735164347255353,0,0,0.775863508948538,0,-0.105445635376491,-0.343812208756713,0.132920938003732,22.3077533597277,-0.890418274458905,-5.5894010966378,0.377870749737344,0.795820049946075,0,0,0.902469832017214,0
"Q8NB12","SMYD1_HUMAN","SMYD1","Histone-lysine N-methyltransferase SMYD1","=""SMYD1""",21.8878976676034,22.7127516358059,22.109073144823,22.8509015562564,21.8508646487214,22.3788234278412,22.3088564102823,22.5319790056153,22.7910089096683,22.4366813084656,22.3941059118808,22.0184754475318,21.5320818015244,22.5024794873083,22.1422732467611,21.960597875749,21.2330030416781,22.1281662598645,21.8268180539663,22.4955198469564,22.6197718216279,22.3185878082954,22.7222718653841,22.6952606898196,22.2060996390889,22.6744499724635,22.1824594145328,22.8828140931306,22.009562319317,21.949448169177,22.1717776281731,22.1777238676433,22.0208909969566,21.6317113459666,22.6771633369531,22.4381384929721,22.0033189688218,22.7513510757805,22.015739780293,22.3111550316295,22.4544644520982,21.9500089215207,21.6888565306882,21.904242497743,21.8887797243483,-0.0352419757679812,-0.301446777796155,0.230962826260193,22.2319646029495,-0.266474203521308,-5.55622841497048,0.791063863209986,0.948679518362231,0,0,0.991774125539094,0,-0.121300547964196,-0.385953842137448,0.143352746209055,22.2319646029495,-0.922563500617392,-5.56207234326999,0.361044293080034,0.791831108546088,0,0,0.883754919486056,0
"Q8NBF2","NHLC2_HUMAN","NHLRC2","NHL repeat-containing protein 2","=""NHLRC2""",19.8329057063244,18.9310616263682,18.8700981038854,20.1489362774327,19.0230272111849,19.7695710720952,19.3144754167251,18.5691336597907,19.2289789008829,18.90038531903,18.9613096217431,19.8325931856229,17.8815805137347,18.6283778751521,19.5628677907323,18.8616992283604,NA,19.3372515395033,19.8184688643399,19.3682213367751,19.0523947492789,19.0615854222968,19.4335938545418,19.7190767082815,19.7512601303826,19.9314514205185,19.731259207088,18.9659679940347,19.2198989451375,19.2962624990357,19.9017406555052,19.9341260801248,19.08873304804,19.0728770127443,21.1161978977507,18.9227491227518,18.904242602543,19.2558922774014,18.747446112654,19.6662201279383,18.8995694075917,19.7085672669872,19.0954151175523,19.3327523382244,18.6858311660164,0.247143748923165,-0.125393711169776,0.619681209016106,19.3030921457751,1.33613556991324,-4.8070156676806,0.188216607505385,0.735002747790118,0,0,0.661814448586291,0,-0.0449539702237871,-0.415315480701674,0.3254075402541,19.3030921457751,-0.244462951980519,-5.92081496540175,0.807982546672745,0.947477443017977,0,0,0.99046093556271,0
"Q8NBN7","RDH13_HUMAN","RDH13","Retinol dehydrogenase 13","=""RDH13""",18.3844590479116,NA,NA,NA,17.7647120279175,17.6472576077945,NA,17.4014543279904,16.9118569754183,17.4099353756074,17.9026632287721,18.4539491531204,18.9411108508068,16.4674559960808,17.9925089204792,18.2364121070088,NA,17.6173341860864,NA,NA,16.8683477659632,17.1493345113771,17.7095835718635,NA,17.4061050132622,18.1906440875373,NA,18.7802457477171,17.7284271383563,18.6085795655925,16.9236847118777,17.2794799966692,17.4964462095348,NA,NA,17.7374233271352,NA,NA,NA,17.2222797208522,NA,NA,17.8016271487884,NA,18.1788306100289,0.0894529328089178,-0.379336385730366,0.558242251348202,17.7218624618411,0.390240475984182,-5.37552390148742,0.699206476861145,0.947110987403691,0,0,0.968499723565866,0,-0.353627478874277,-0.877744019086595,0.170489061338041,17.7218624618411,-1.37985539423111,-4.85102237818912,0.178163080038019,0.664734854050203,0,0,0.543336093973442,0
"Q8NBU5","ATAD1_HUMAN","ATAD1","ATPase family AAA domain-containing protein 1","=""ATAD1""",18.3523494233538,18.2854227147193,17.786948699284,18.9034193306213,17.3121824252991,16.8226651410895,17.9475778749968,18.3849842355773,18.2565736979654,18.0941270867098,18.6831278269286,18.0528771649891,17.9808253437843,18.2350010242267,17.8089780923482,18.0956548359091,18.4799967408196,18.0074401627091,17.7874271835913,18.994112660588,17.3489536827198,17.8493213489943,18.34882518977,18.5714512405341,18.2128901105338,18.7005761860191,17.8841652993194,18.2068973842069,18.0374669065353,17.9020129805947,17.676094155949,18.0933087328136,18.1861636519018,17.5033348766476,18.8418536903517,18.1359862955234,18.5811104922064,18.4413266409547,18.0655206465121,18.6913490671329,18.7721836138841,17.925252402242,18.0288668408125,17.0846164869165,17.6366172789321,0.09820756078825,-0.220177967093086,0.416593088669586,18.1110630415004,0.620872487621311,-5.41842920704301,0.537745222771227,0.899122088181203,0,0,0.940893744663171,0,-0.0509071360042448,-0.36743703377058,0.26562276176209,18.1110630415004,-0.323723880083473,-5.91481495811298,0.747613059829219,0.932548715587236,0,0,0.985301744492548,0
"Q8NBX0","SCPDL_HUMAN","SCCPDH","Saccharopine dehydrogenase-like oxidoreductase","=""SCCPDH""",21.1868795754007,20.2857204783684,19.9601624618623,21.601128072859,20.6915669447954,20.5950857344095,20.245497144498,20.1889287708918,20.0605673215256,20.3205920340864,20.3405523316257,20.2162926839404,20.4169166889301,20.1816988236313,20.4013068195133,20.9129701739666,20.233478324149,20.14392099561,20.5269459626198,20.8633240941551,20.449747519301,20.4421374706609,20.0568226614574,20.4089616260869,20.4306308384483,20.4152096842195,19.8568722532003,21.3629831289014,20.2603341974823,20.143991378735,20.3139162677145,20.0940225885401,20.1850026339595,20.3737738474486,21.1246655639294,20.397829461154,20.460806373894,20.5493540479936,20.3683928399262,20.5081392443411,20.3010408553862,19.8777880662058,19.9811133579031,20.3619494306663,20.1565991376445,-0.0162905136624261,-0.264472885561797,0.231891858236945,20.4056804424897,-0.132121853463674,-5.57980100071124,0.895463627120491,0.96356358514214,0,0,0.998202921190713,0,-0.0969291061524373,-0.343665009406159,0.149806797101284,20.4056804424897,-0.790738106205296,-5.66818613748565,0.43315127095491,0.82110113969254,0,0,0.922103776186654,0
"Q8NC51","PAIRB_HUMAN","SERBP1","Plasminogen activator inhibitor 1 RNA-binding protein","=""SERBP1""",20.4885360350648,18.2309700031163,19.2850133974831,18.8617338911917,19.2535516897304,19.0421189940721,18.8604665053454,19.3762846647976,18.7796583142633,19.8547397855849,19.5217071272151,18.5114200313724,18.3398088657486,19.7503153764051,19.1314212530606,19.4114256925152,19.1857961342974,18.8140071088327,18.2499132762047,19.3112864790383,19.3230609702156,19.172000659445,19.0778633039512,19.6659778600144,18.617391590151,19.4164874314244,19.2945572697098,16.0241282563916,19.3892215895907,18.7039324498096,19.4164655143056,18.7911885861201,19.1695307026259,19.7609314485549,21.1467322978094,18.847370964888,19.2189313990395,19.8005089297316,19.2889049173878,19.3585414131882,18.933922065478,19.3092501570245,18.3834979710618,19.5902819945464,17.9807707035981,-0.248080010876357,-0.71730766328297,0.221147641530255,19.1098138904756,-1.06418953603799,-5.09531165134081,0.292792454305701,0.799489091675277,0,0,0.737333844949274,0,0.355985266251196,-0.110507610588226,0.822478143090617,19.1098138904756,1.53602334675368,-4.86713586418606,0.1313770018368,0.618529116746516,0,0,0.485518603027364,0
"Q8NCA5","FA98A_HUMAN","FAM98A","Protein FAM98A","=""FAM98A""",17.9568314534916,19.6025511533418,18.1799761763001,20.107718188164,18.0866163281227,18.4573297672663,19.6400586444383,19.445135592546,19.6727396509538,NA,19.2060380649717,NA,18.4129310353486,18.703299670214,18.6764029079299,18.2641309561922,NA,19.6301673994334,18.8732105248771,19.4740431926852,18.3551986439755,18.7020267033626,19.7114091461818,19.5738630775795,18.7272550609882,19.4591859610533,17.913725533136,18.5014561739836,19.0515819173032,19.0331627489437,18.8988085601867,19.960484547475,19.1269990694703,18.6637996995412,17.0237748112528,19.0161021274287,NA,19.0028410479583,18.9089121576357,18.490358493195,18.9824926508368,19.1966210004691,18.6590470657721,18.4668202787901,17.4079314412765,0.0618538698285,-0.399443646276275,0.523151385933275,18.8590985030262,0.270590130550758,-5.51201213467887,0.788030339526669,0.948679518362231,0,0,0.985373277455888,0,-0.27320679221171,-0.723628098444441,0.177214514021021,18.8590985030262,-1.2240488739647,-5.2330867629194,0.227749426839172,0.711997773342545,0,0,0.667502609850647,0
"Q8NCN5","PDPR_HUMAN","PDPR","Pyruvate dehydrogenase phosphatase regulatory subunit, mitochondrial","=""PDPR""",15.7144889207181,15.971192270205,17.1185222733766,NA,16.7346947465791,16.210657103316,16.8172144565574,16.9419574219573,16.9300516125893,16.820266952882,16.5899889960145,17.3218755286641,16.8327844400662,NA,17.4895390797291,17.4173251317446,16.416616154668,17.6320098824008,17.7278353286226,16.5723768222994,17.3852125347745,17.4150232059797,16.6533735604123,16.0203128220503,15.9793008789438,16.9925472551617,15.399555683652,17.6663755704093,17.3631972571196,17.821403928046,16.5126942827063,NA,17.4111906800841,NA,NA,16.8870159031386,17.2209176721499,16.0829565805119,17.315843159567,16.6013265608582,17.3682876841401,16.2469595542862,17.2972512435091,16.6095136691793,16.0691778385636,0.210306001596962,-0.214521932021787,0.63513393521571,16.8394708661908,0.999719328266672,-5.12576045398269,0.323304485195994,0.826372714395847,0,0,0.788621119864278,0,-0.173101985640947,-0.6044344743996,0.258230503117705,16.8394708661908,-0.81045585799048,-5.60236637077093,0.422353049695742,0.814231438285388,0,0,0.861397702424293,0
"Q8NCW5","NNRE_HUMAN","NAXE","NAD(P)H-hydrate epimerase","=""NAXE""",22.9961236797956,22.4847151617388,22.5115349404332,22.9508661976908,22.9644133429241,22.9754239046929,22.4522907508636,22.7096140706867,22.4602073473583,22.9607041242838,22.2321950124316,22.7466504629053,22.8732395314606,22.4060123136526,22.9065857630427,22.8658483792254,23.0870251331633,22.255503445497,22.7440940732772,22.8223992624573,22.7106583370218,22.7611566160823,22.4601325650386,22.4133634136241,22.6426831035039,22.5692171966047,22.8081294524807,23.3532139895621,22.7098312117827,22.9199545028961,22.4183272887885,21.7261301406331,22.3084732442329,22.4701774815623,22.644641180623,22.6658242822037,22.7714868900371,22.275050271174,22.7816647407142,22.683953822309,22.8220901564608,22.5925662322078,22.8134942175375,22.7418024775161,22.8288624972666,0.0271857694641326,-0.170170944795977,0.224542483724242,22.673296271321,0.277268500433423,-5.55364675938098,0.782815101738198,0.948679518362231,0,0,0.993365432997365,0,-0.171911050596702,-0.368117520796361,0.0242954196029575,22.673296271321,-1.76360483006992,-4.52970612381811,0.084433784417515,0.523449990728398,-1,0,0.653817110042633,0
"Q8NDH3","PEPL1_HUMAN","NPEPL1","Probable aminopeptidase NPEPL1","=""NPEPL1""",NA,21.2965590577607,20.6249454948446,22.0739931714189,21.2688877547055,21.196970000952,21.4063834059704,20.2917032782527,21.0586700238975,20.8044738134942,21.0597972410231,21.4954619792816,19.6696502777179,19.9436570614744,20.9625650125346,20.8725296080271,21.4188654339759,21.1516351161636,21.6838561632246,21.483283466477,20.8040303824756,20.7513843697652,20.8126141021546,21.2253444713289,20.8543885440121,20.696041097006,21.1933183005808,21.5344902226625,20.2120376418838,21.1605303198871,20.7442696098204,21.0876255823157,20.8867266538483,20.7057068010007,22.2826562869691,20.6855255593593,20.5827895389283,21.0159281232018,20.969004583112,20.9345071880869,20.2819218806562,21.036388441174,20.7059204549461,19.8113659918542,20.3408470935872,0.132390202993101,-0.208135001164067,0.472915407150268,20.9336193318594,0.783028250210178,-5.3061871863028,0.437708440869184,0.873144117382484,0,0,0.89638875331202,0,-0.252211030050965,-0.58516840167395,0.08074634157202,20.9336193318594,-1.52561969317502,-4.88167827263838,0.134096556839767,0.625015155589775,0,0,0.602455676583227,0
"Q8NDY3","ARHL1_HUMAN","ADPRHL1","[Protein ADP-ribosylarginine] hydrolase-like protein 1","=""ADPRHL1""",21.1278048346548,22.1921972490005,22.3168541621858,23.2054114715156,22.1736841880768,23.0374471099363,21.8839945143364,22.0683240915108,22.7612318568871,22.2928063546592,22.4441232775037,23.2685843305034,22.9441917402423,22.036978485795,22.1421863005146,20.3337695400959,22.7859487263604,22.7055650023892,22.6194303594552,21.9956836856466,22.2491436680436,22.0390748342506,22.5392639166498,22.7395250067144,22.1166817381662,22.1117768523239,22.3589324863684,21.8193294274375,22.5301357620439,22.3730948238341,20.7575768765308,22.1843650868948,22.1873904352399,22.2935581602423,22.9951064910635,22.1700693184318,22.3129687356963,21.4336752044881,22.7319166604599,21.8382447701174,22.2469948176402,22.4948868308532,22.2900303160472,21.5612105246655,22.3682758252329,-0.178493026212212,-0.530521497914068,0.173535445489643,22.2462099077935,-1.0205969649305,-5.13430907481791,0.312778475805762,0.82136840737912,0,0,0.812649550431393,0,-0.0967390517450468,-0.446715813880281,0.253237710390187,22.2462099077935,-0.556382455795234,-5.81743389424492,0.580643738796069,0.869847439875183,0,0,0.948769801054363,0
"Q8NE62","CHDH_HUMAN","CHDH","Choline dehydrogenase, mitochondrial","=""CHDH""",NA,NA,NA,NA,NA,NA,NA,NA,NA,NA,NA,NA,NA,NA,NA,17.3042517419984,NA,NA,NA,16.2206474038592,16.9478274487785,NA,15.6730477594299,15.7575847805029,15.6844388126597,NA,NA,NA,17.0448526254478,16.1063751655319,NA,NA,NA,NA,NA,16.0530018813002,NA,NA,NA,NA,NA,NA,NA,NA,NA,NA,NA,NA,16.3102252910565,NA,NA,NA,NA,NA,NA,NA,0,-0.403366371141031,-1.68364431219733,0.876911569915269,16.3102252910565,-0.693131664250711,-4.92023451576166,0.502546918189986,0.834663611429138,0,0,0.757643139815165,0
"Q8NE71","ABCF1_HUMAN","ABCF1","ATP-binding cassette sub-family F member 1","=""ABCF1""",17.3484292112339,18.7580326656281,17.520317338528,17.8640784896157,18.6069456255445,18.4322758896269,19.2253964190616,19.3626803023496,19.342115542034,19.1167617632274,18.479025899632,17.1822731435589,18.5630499397745,19.23446302939,17.6920818692314,18.8981581284007,NA,19.0176532641046,18.7971452096117,18.0855003456884,19.0597125754305,19.0508925460034,18.7299893532515,18.9057524426289,18.1572684387991,18.9743991394654,17.9991619590007,16.6654713010992,19.6494449686154,18.2721715535377,19.4962318368058,19.6271854601932,18.8539082303683,18.0674533407974,18.4378555436669,18.9896474442059,18.4786948785483,18.2063290426059,18.4746038899567,18.4771752571969,19.0323924477781,19.4275096614248,19.2792623635941,19.5849589200557,NA,0.163668015613904,-0.300405690000952,0.627741721228761,18.6377641086342,0.710754631028801,-5.35282298821795,0.480983576766303,0.896077533266722,0,0,0.887104716745744,0,0.27358933836561,-0.195199343675589,0.74237802040681,18.6377641086342,1.17615590793828,-5.28643540676132,0.245851188631992,0.72771949909063,0,0,0.681231060238959,0
"Q8NE86","MCU_HUMAN","MCU","Calcium uniporter protein, mitochondrial","=""MCU""",19.9341952051015,20.6931151374861,19.7794822917097,NA,20.0033475450769,19.2781518759248,19.3237228712978,20.123473422421,20.6061550383411,20.750264520288,19.6837778420874,19.4201422312446,19.4323341387744,NA,20.4460391621214,20.5821684717017,20.7695023206722,19.0026467729883,19.6811702220587,19.8498742262197,19.5551015963966,19.9450712686885,19.4053538917329,20.4198640779829,20.5224031699221,20.0702285583107,19.0752355535671,19.2534986619573,20.1024640203176,19.1214570757455,20.1389640275186,20.2358872555461,19.9031708875517,19.7173130497111,18.7824247851778,20.0249463169607,19.8613053754317,19.8614310783369,19.9323429603426,20.8842785045641,19.6188664762957,NA,19.8324178203955,19.9895934987845,NA,-0.146426396019283,-0.494471450044588,0.201618658006022,19.8930044684574,-0.84900470891799,-5.2451078903469,0.400687333807586,0.867495161100663,0,0,0.874661997372138,0,0.0632163878227772,-0.282793135610756,0.409225911256311,19.8930044684574,0.368695482713812,-5.86719059630796,0.714204978825091,0.919870186920418,0,0,0.978947068193338,0
"Q8NFV4","ABHDB_HUMAN","ABHD11","Protein ABHD11","=""ABHD11""",17.4188777713641,18.1688555289392,17.5047836221203,18.0829934887802,19.2525232856613,18.4529610180886,18.6859847812661,17.422774232721,19.1380900966798,NA,18.4429835359698,18.0698088323617,17.3473704430654,17.696248953086,18.743149838195,20.0727526206682,NA,18.6866796351252,19.1161539711823,17.7521017575311,18.8534741019025,19.4907917100178,18.7739817840241,18.6634716306836,18.8289824170635,18.9249929365489,17.7342171345125,18.9584640743972,17.8729583260584,19.6289959978332,19.4900020882266,NA,18.6223020756719,17.8667596063907,NA,17.9887539166751,18.8567995523709,17.5127533242374,17.8176934778319,18.652481348493,19.2360634161783,18.5049338946853,19.1434237931015,NA,18.3626729429635,0.630702833424923,0.177888022998524,1.08351764385132,18.4960015740668,2.81283104207321,-2.43469600964005,0.00750146335503027,0.416167334657996,1,0,0.0456928825556425,1,-0.324613508890501,-0.792507479840559,0.143280462059557,18.4960015740668,-1.40106610721849,-4.99010345512716,0.168710857475997,0.655071957582339,0,0,0.561203263656273,0
"Q8NHH9","ATLA2_HUMAN","ATL2","Atlastin-2","=""ATL2""",20.4340971470919,19.1087718546783,20.1145628558293,20.3149008530574,18.9595951443235,19.3356575828059,18.2614743811554,19.4597723247943,19.4491015875922,19.2793747799069,19.6032705079811,18.6094834340432,20.2878005395181,20.1016336270334,20.2789088004898,18.9073584341643,20.4625848395859,18.900719452978,18.3661020208487,19.7936494826651,19.7767676389418,18.866195851049,17.826802627738,19.5081698898545,19.913116509739,19.6790153218268,19.7854587641001,20.9850569899514,19.0752039062853,18.7721880698362,18.5369331999097,18.7594000505419,19.1570947752033,19.6855577027025,20.058301667796,19.4092464166638,19.5304453886357,19.9175990958452,19.364268656795,19.8025633255001,19.1380611586186,18.3094021983235,18.6051057202313,19.6903492573854,19.3566062424086,-0.212639010019167,-0.684474286879114,0.259196266840779,19.4119495572539,-0.907117078802742,-5.2285312685537,0.369068312633069,0.845390519787498,0,0,0.809002772271349,0,-0.0864969962002142,-0.555582299608516,0.382588307208088,19.4119495572539,-0.371159011370747,-5.89910803799524,0.71222158604856,0.919870186920418,0,0,0.971072491556472,0
"Q8NI37","PPTC7_HUMAN","PPTC7","Protein phosphatase PTC7 homolog","=""PPTC7""",NA,NA,17.1007462509818,16.1618471116019,17.2469285807951,NA,17.210256903165,17.2842918036247,NA,NA,17.2733270609015,16.9302628651618,16.8487450847504,NA,16.73141335166,18.2207021576824,NA,17.504424455808,17.2976030305291,17.0484231857095,16.4610298493838,17.9059719629201,18.162422943529,17.0889302460701,17.2806319451146,17.0546542791784,16.7572790891901,17.3276878872256,17.433267210651,17.7356168418303,16.6430865154687,NA,17.3743721503334,NA,NA,NA,NA,17.4744755545159,NA,17.0734641535687,16.148530871205,17.3322547048446,17.6909198395927,NA,NA,0.411722741517774,0.0324733851172923,0.790972097918257,17.1934522628998,2.21402906749143,-3.55307063211384,0.034303385246321,0.501991483032482,1,0,0.249439327117671,0,-0.304161959646631,-0.712681815603781,0.104357896310519,17.1934522628998,-1.51843093249235,-4.71875681625726,0.139026176480829,0.626842806368387,0,0,0.54873489196465,0
"Q8NI60","COQ8A_HUMAN","COQ8A","Atypical kinase COQ8A, mitochondrial","=""COQ8A""",24.133524436771,24.6736501550553,24.8460031234095,24.2601392434136,25.0144649567546,24.8522821163994,25.0287979277948,24.2792586967159,24.7075345077686,24.5257172933093,24.5530210705271,24.4966754575491,24.3694832483856,24.421290742611,24.4798931059616,24.9923064024183,24.6267355732778,24.7442527731608,25.003568092745,24.7801390480699,24.7817769485584,24.9968195217945,24.7282438091564,24.4346227245476,24.7516441299893,24.6586418328886,24.3202239171814,23.9950324131126,24.5753694689511,24.580593468925,24.3056342716595,24.1778850225885,24.7583772078346,24.3705662742181,23.641924224288,24.7439416692557,24.7909477900088,24.1138402842873,24.2548303481564,24.6524621451446,24.401807168697,24.338165956727,24.7416467906532,24.4686586930096,24.3139701429693,0.0866696743210085,-0.120473027123304,0.29381237576532,24.5485858710378,0.842186622646293,-5.27765129832648,0.404037115951065,0.868653109683931,0,0,0.924461137474251,0,-0.259687475685269,-0.465622897899709,-0.0537520534708281,24.5485858710378,-2.53822875755915,-3.09607189428645,0.014588364437844,0.310945250995393,-1,0,0.333591909768057,0
"Q8TAT6","NPL4_HUMAN","NPLOC4","Nuclear protein localization protein 4 homolog","=""NPLOC4""",20.5746879262087,19.5855009190414,19.7758790607835,20.6206796845474,19.8162446214001,20.4831039695631,19.5018079468536,19.7053900585077,19.6084633952441,19.8445418365896,20.3787297043711,20.1006301900669,20.6399726315421,19.7218654602707,20.1481242565082,19.358729129376,19.4838718851588,19.6044812718585,19.7532424600087,20.0566007541465,20.0254021901608,19.5667504732059,19.0200123305283,19.6612228474686,19.5271728335703,20.319651479337,19.8344913672174,19.9561845203989,19.2430467727046,19.438526528891,19.416969999947,20.1065640108779,20.0171651478389,20.1536324279127,20.7925001988127,20.0058067621872,19.7214243819066,19.804558227534,19.7265064313098,19.6263432764432,19.6782039427767,19.6482270756991,19.792150686454,19.4445515444329,19.5262967676009,-0.38177049048036,-0.630578908727943,-0.132962072232777,19.8403535419392,-3.08850348383261,-1.81912694057273,0.00340465885747402,0.407818511469657,-1,0,0.114240087960285,0,0.174100935846823,-0.073257365001145,0.421459236694792,19.8403535419392,1.41672457220695,-5.02735374740295,0.163294575107749,0.652706866863196,0,0,0.729419965207861,0
"Q8TB37","NUBPL_HUMAN","NUBPL","Iron-sulfur protein NUBPL","=""NUBPL""",18.126638043553,16.3321588577587,16.65485090294,17.9093285474371,17.1430941630834,16.7259798600444,16.3320238547958,16.4602426284918,17.9042544489487,NA,17.484164763764,16.4015222960054,17.54557847345,NA,17.7288848138302,18.0305633280783,NA,17.5967886648505,16.8302829628668,NA,17.3120077798836,16.3668032609583,16.9473678265772,17.9950815237637,17.3274332493216,18.0666567473072,16.848567345219,17.7585258828371,17.1274164580942,17.503885449023,17.2879663239031,17.1243901105348,NA,15.9273782727403,NA,17.1899103353047,17.5875087802095,17.5191161189522,17.5883805697177,NA,17.1411165737354,NA,17.3330354755908,16.9018364445944,NA,0.219002875221616,-0.185562260768814,0.623568011212046,17.2239094760602,1.09679591891239,-5.01614391776537,0.27981011574107,0.79852026647437,0,0,0.756591567568081,0,-0.206617129454305,-0.637030159755817,0.223795900847207,17.2239094760602,-0.972624883228853,-5.39911505691955,0.337048825550821,0.777715188261502,0,0,0.79875436754382,0
"Q8TB45","DPTOR_HUMAN","DEPTOR","DEP domain-containing mTOR-interacting protein","=""DEPTOR""",18.7119990390795,19.7549414085897,19.1910218134447,19.5892236102629,19.2472182103292,20.0723865706365,20.041900109452,18.8979999205479,20.2446525014094,19.0765946981077,19.8079296901633,20.454075485764,19.2247960774892,20.3074594122406,20.0707108977588,19.3289174872107,19.8921961988967,19.8342348006249,19.7560976500017,19.8600634054884,19.5283869766966,19.0287976839704,20.1089871424284,20.4647146030365,19.6482549161675,19.9855440171655,19.0376633129742,19.4909172039357,20.1181385080557,19.8132541799745,19.1585520886176,19.1329841397244,19.7388052404979,18.8033846582315,19.9176094454415,19.2164089315264,19.6171444803707,19.4653305230048,20.3408270458979,19.6086768425686,19.5629528950188,19.1473480050587,19.383961270053,19.5344768022771,19.5543131478784,0.0912740131927627,-0.207071131160255,0.38961915754578,19.6171522899571,0.615799004152781,-5.42116811136482,0.541059670397159,0.899122088181203,0,0,0.945479714845962,0,-0.247559504697332,-0.544165819279379,0.0490468098847158,19.6171522899571,-1.68000286508664,-4.65841444652219,0.0997308178072803,0.549969073780264,-1,0,0.56513303817484,0
"Q8TBC4","UBA3_HUMAN","UBA3","NEDD8-activating enzyme E1 catalytic subunit","=""UBA3""",19.1779384766711,18.9181319599091,19.717112370157,18.4552462406058,19.4235483833738,19.8222718285362,19.3192024078966,18.4620011497021,19.791849286283,18.5172604018338,18.7930646983034,18.6418932632658,18.5860711779756,19.612192158238,19.0006986268353,19.6438774082021,NA,19.4271979393488,19.6571460410025,18.8459570088591,19.3918220653749,19.4849211925246,18.7961561765973,18.940748053225,18.5450271032743,18.9185375076676,18.718905917723,19.098810600725,18.8713520573572,19.0398214263734,18.815564218959,18.2968943554236,19.4093565444859,18.4306853853234,18.8666150063214,18.8244113230129,18.6937727435788,18.7841678030547,18.3742573598002,18.6356105640965,18.1054325021877,18.7959962164535,19.3585483623494,18.8030702683862,18.7427014473682,0.00861504037769478,-0.272609032970349,0.289839113725739,18.9671783415601,0.061698650867834,-5.57150788159168,0.951075792453004,0.983781746134092,0,0,0.999567949823347,0,-0.362833398758113,-0.642414873764522,-0.083251923751704,18.9671783415601,-2.61378408920253,-2.92982963481391,0.0121323386058532,0.282187558578439,-1,0,0.201739564494099,0
"Q8TBQ9","KISHA_HUMAN","TMEM167A","Protein kish-A","=""TMEM167A""",NA,NA,NA,16.3218549699989,15.6422111133963,NA,14.3448235135203,15.4281156821814,NA,NA,15.0363588963421,NA,15.8068560837526,NA,NA,14.4380891826441,15.7573532231069,NA,15.4586647359765,NA,NA,14.5475605801263,14.4297565574295,NA,15.4557984701229,14.7307084507146,15.3118803155928,NA,NA,15.2955985384576,16.1767345414708,16.4431313194352,NA,NA,15.911810364446,NA,15.6748112084259,NA,NA,NA,NA,NA,NA,NA,NA,-0.421961581347102,-0.93246462501322,0.0885414623190163,15.3795851445864,-1.72394851963488,-4.21744152168542,0.10011005005558,0.661354198276587,0,0,0.378651760733879,0,1.02725103626293,0.447118547412073,1.60738352511378,15.3795851445864,3.69316845722436,-1.12888247119888,0.00143599978534402,0.129718647276076,1,0,0.0012013896488926,1
"Q8TC12","RDH11_HUMAN","RDH11","Retinol dehydrogenase 11","=""RDH11""",NA,NA,15.4301801636052,15.8460810737441,15.7217194940517,NA,NA,16.534591098067,16.1616857150071,NA,NA,15.4590709622776,NA,NA,16.399534470996,17.0153558067283,NA,16.5546753847139,16.486316618946,15.7168380321059,16.1798295737081,16.4338064921058,NA,NA,15.9688285861111,NA,17.0248045288265,16.0427315344548,16.2737301356632,16.4456683351882,15.9064085900758,16.4827451256024,16.396309362184,16.939576731704,NA,NA,15.2017856543376,16.2301723781499,16.3843584296345,NA,NA,17.1304368579823,16.5934527107124,NA,16.8984190933042,0.496156530159542,0.0640470743413171,0.928265985977767,16.2806826049996,2.34822862613575,-3.35404630143634,0.025882716536271,0.488872265797768,1,0,0.163156536224181,0,2.30688359792453e-05,-0.388593612875394,0.388639750547352,16.2806826049996,0.000121400277213318,-5.8028849564098,0.999903966701438,0.999903966701438,0,0,0.999999997784517,0
"Q8TCA0","LRC20_HUMAN","LRRC20","Leucine-rich repeat-containing protein 20","=""LRRC20""",23.1416142031184,23.7924455671704,23.5596266685453,23.5534363968956,23.577578175338,24.2791523700384,23.4890517913602,23.7573739153649,23.8792726363232,23.5941677411496,23.6585506383922,24.0444602489841,23.7923425973294,24.1169436536227,23.2461904677487,23.4525189536709,23.7935716387285,23.9344775535175,23.26970186896,23.8790524721757,23.825468972674,23.5394119476159,24.2410012322902,23.7805171604526,23.8010971455772,23.0587122360172,22.8979649613917,23.9152225521566,23.8955686565572,23.3117990372827,23.1273600479032,22.0735846565813,23.6571356489984,23.3259118727554,21.4957386932412,23.7394407580926,23.7058639642578,23.4849763557544,23.8294221639695,23.6077259553983,23.2060565329461,22.6712964597466,23.6912815305645,23.6340718897405,22.936048178867,-0.0659698347177091,-0.38395267060411,0.252013001168692,23.5169824037615,-0.41759234386133,-5.51081296778703,0.678186256489578,0.942492860389654,0,0,0.974707079356583,0,-0.427344778683395,-0.743474331443986,-0.111215225922803,23.5169824037615,-2.72097226565247,-2.7006740947943,0.00915579923365792,0.273025925331745,-1,0,0.134567920043564,0
"Q8TCD5","NT5C_HUMAN","NT5C","5'(3')-deoxyribonucleotidase, cytosolic type","=""NT5C""",20.8818774895928,20.7094693729085,20.9790021648301,22.018311307722,21.5281207146401,20.8222950625396,19.6556107075945,20.0447549991282,19.8647439293436,20.5362372946644,20.8350235498033,20.4129010483596,20.544311214887,19.552033715543,21.1582623409736,20.0931910404998,18.7561822934527,19.5059117191885,20.9643728747667,21.7211266064371,20.4149921019908,20.6113741883194,18.3233327012996,20.7306481167933,21.1538599203683,20.4759169582538,20.7595993402758,21.608475677138,18.6060253563472,20.1555212421967,19.9603286398404,19.4197811652748,19.7072596344378,20.4915790552569,22.3535696032753,19.876665345243,20.4593121317501,20.8078444626464,18.4062066691633,20.6486911951784,18.4819105613247,19.3897135373278,20.4303777469451,NA,21.2557965329558,-0.397802660082139,-0.986627280339479,0.191021960175201,20.3434663938745,-1.36066924004271,-4.78982419130722,0.180388549539277,0.731429183389005,0,0,0.505962055598118,0,-0.169865551063477,-0.765067224313297,0.425336122186342,20.3434663938745,-0.574793718908573,-5.79230952457814,0.568290963436016,0.862573310642818,0,0,0.908468817859924,0
"Q8TCJ2","STT3B_HUMAN","STT3B","Dolichyl-diphosphooligosaccharide--protein glycosyltransferase subunit STT3B","=""STT3B""",NA,NA,16.4750125108866,NA,17.5063138718797,NA,17.5189653826895,17.6861847607783,16.6892639435771,17.7266982933749,17.3414753386364,16.3469984852614,NA,17.4696555444214,NA,NA,17.3534848948828,17.1438282481015,17.1819116494654,NA,17.4176415116373,17.3674073223551,16.6270020538318,16.7424840268207,16.7357876737809,16.3683983488679,NA,NA,17.235156821017,NA,17.3841413128332,NA,NA,16.8425101402181,NA,17.1711594162595,NA,17.0934826671134,NA,NA,16.98571121469,16.5744147605629,NA,17.6126134430879,NA,-0.211635783744807,-0.57858814120516,0.155316573715545,17.0999116783473,-1.18328696806459,-4.83679633075852,0.246994336895287,0.775333216479246,0,0,0.743825112106883,0,0.091020727515847,-0.299881926315485,0.481923381347179,17.0999116783473,0.477729815060193,-5.59142753427549,0.636681718704194,0.894897090182027,0,0,0.959738401568424,0
"Q8TCS8","PNPT1_HUMAN","PNPT1","Polyribonucleotide nucleotidyltransferase 1, mitochondrial","=""PNPT1""",NA,16.8025531481694,16.3127361620708,16.7300007218777,17.5292931243226,NA,15.9883774680745,16.5553729395118,15.7138059873079,16.5093776960449,16.8688439966626,16.7226982677723,16.7125435315973,15.9044117566951,17.4420855526969,17.3926655149639,NA,17.3005686116696,17.6079726657487,NA,16.7001396177519,17.5653057743071,17.2002392377477,16.6078598613292,17.4791888204475,17.1754279658261,16.2680728235049,17.480423005304,16.3103452789356,17.9634446118927,16.434895929228,15.6843067080317,16.9717438741247,16.403932219646,NA,16.1350502739862,16.9598984011634,16.1882565585779,14.9743837557477,15.864846214419,15.9141773372152,15.8642866431151,16.9773334959834,NA,16.365713847528,0.544999817413988,0.177242541385741,0.912757093442235,16.6559635743846,2.99504767057791,-2.07890254314895,0.00468952646590945,0.416167334657996,1,0,0.0537979498099253,0,-0.96218403887049,-1.32789836898918,-0.596469708751803,16.6559635743846,-5.31722241299649,4.02423151081488,4.27662352056352e-06,0.0040563774092545,-1,-1,6.82544694661182e-06,-1
"Q8TCT8","SPP2A_HUMAN","SPPL2A","Signal peptide peptidase-like 2A","=""SPPL2A""",NA,NA,NA,NA,NA,16.7815596656924,16.771555733177,NA,16.1139690489538,NA,NA,14.9189508220181,NA,15.3565160021974,NA,16.1654925090416,NA,15.935622750651,15.5698445807942,NA,NA,NA,15.8488020735995,16.0075724025809,NA,NA,15.8466158492633,NA,15.5844684880601,14.5463927432865,15.6473910170955,17.0575219555949,NA,16.1376374440891,NA,NA,NA,NA,15.7090118145829,15.2107939747917,NA,15.6247667909287,16.0411285762793,NA,NA,-0.24397314649538,-0.884546311750921,0.396600018760161,15.8437807121339,-0.791962176731083,-5.00275153003927,0.437220787114588,0.873144117382484,0,0,0.817223118763992,0,0.181159244725956,-0.396482836953131,0.758801326405043,15.8437807121339,0.652127976065874,-5.45888985596023,0.521379528761094,0.837978453874493,0,0,0.888709510480044,0
"Q8TDC0","MYOZ3_HUMAN","MYOZ3","Myozenin-3","=""MYOZ3""",19.9780151976257,18.6981595232324,18.0172986645054,17.9289089249177,17.7206883363048,NA,20.2143223012288,18.1417726640608,18.3368835078152,NA,19.8818789339114,16.1813667079573,NA,NA,NA,16.8739316585023,NA,NA,17.3987450535867,18.3394554514476,19.385704441145,NA,20.4865206256411,18.1956536645887,18.3554552402121,18.9214816067227,NA,NA,17.2713906270594,16.9781334505431,17.5888205001895,NA,18.2119192728629,NA,17.6883401061578,18.1872823673065,17.8971483551899,18.8238652389791,18.0244903508169,19.2542833721399,19.0398866486185,NA,NA,17.2578744501863,NA,-0.29055518409476,-1.10410992716662,0.522999558977096,18.3093225747818,-0.728358448290296,-5.20329357019086,0.471853573580721,0.896077533266722,0,0,0.80393882923138,0,-0.05681317485233,-0.865684338790425,0.752057989085765,18.3093225747818,-0.143242872337422,-5.77343400500258,0.887024211853856,0.975133831606227,0,0,0.993212207960312,0
"Q8TDX7","NEK7_HUMAN","NEK7","Serine/threonine-protein kinase Nek7","=""NEK7""",20.0425984692897,20.3776298746562,20.9037974928829,19.2231764690876,21.3676647073911,20.6045066681591,20.296449183223,20.8400060391453,21.2278632580611,21.0893862772625,20.649614094523,21.1518262776165,20.2267928662528,21.4612552457323,19.2831173093853,20.7374542270257,20.3507331310146,20.5831264232845,20.3728407113274,20.7682998174961,20.4324546538195,20.7949222935808,21.1744409916855,20.8856698940368,20.5953980692439,20.3526056835914,20.1877035211383,18.7267315611407,21.6321752882484,20.7350286332643,20.4483044436782,18.905582832759,21.0328245204693,20.3936815704507,20.0810204991133,20.4385364412365,21.0518199457089,20.7638848254258,21.0876908015153,21.0477329770589,20.708017665333,20.5323630298175,20.4421627509766,21.4470220293001,20.2831652188854,-0.0390511146603956,-0.442297718324293,0.364195489003502,20.5719795263177,-0.194927685617977,-5.57075577532318,0.846307208837578,0.95848719206779,0,0,0.9935046158357,0,0.0222816434553863,-0.378614738618635,0.423178025529408,20.5719795263177,0.111873156918772,-5.95885239310183,0.911410301187091,0.979656818909501,0,0,0.997935242565037,0
"Q8TEA8","DTD1_HUMAN","DTD1","D-aminoacyl-tRNA deacylase 1","=""DTD1""",19.377873907021,19.2769485740405,NA,20.0428828162082,18.2833104526794,20.2976937386945,18.3732521919099,19.0980176176587,20.1078283110577,19.1364484380522,19.0454243980173,20.0588267998367,19.9606390947115,18.4767284664432,19.4558911109123,18.9557771036324,19.8604021893434,19.1906384628723,19.4638980623079,18.3239703399421,18.7025664373541,18.3565100165502,18.7006398246363,19.6896310045786,19.7892946986528,19.658428619994,19.5496846926888,18.1571490920398,18.7599105410622,19.356640667692,19.1600355403131,18.8792229565733,19.0115472341434,18.9205588131585,19.6337865323182,19.4028233606045,19.1533839578657,18.6101449696067,NA,18.8075980104028,18.5378418290026,18.9774847974198,19.8058167378287,18.9370193722499,19.3717676619234,-0.260522571875118,-0.640171091778708,0.119125948028473,19.1794404521861,-1.38295003306702,-4.75369352343172,0.173652062680605,0.727577717533431,0,0,0.633752176974304,0,-0.000140065315587634,-0.377571558142624,0.377291427511448,19.1794404521861,-0.000747885843322878,-5.94929170649691,0.999406650937994,0.999903966701438,0,0,0.999999916867714,0
"Q8WTS6","SETD7_HUMAN","SETD7","Histone-lysine N-methyltransferase SETD7","=""SETD7""",21.0281223755117,20.3067948671456,20.7136498849499,20.8532282300551,20.5983188078095,20.7261044881351,20.63484490693,20.3503470121996,21.2269664323661,19.7102514734016,20.0636803102243,20.8130713571621,20.6803271474666,20.189615014975,19.9131629890839,20.3554898467753,19.762851512472,20.8442439702963,20.7579419772371,20.0657901827989,20.2682752853533,20.2747185073511,20.3951999328093,20.7209012678797,19.9822016251131,19.8151648611786,20.3951864922004,21.0589016246703,20.6696538558538,20.0174294227655,20.8654832355286,21.2437118634509,20.8542974434559,20.0848624837829,20.9074997810568,20.3143784060192,20.3925085061937,19.5857264442545,20.8227888647435,20.1235984712287,20.174035925191,20.9046066166991,20.6637918504749,20.2749308926033,19.3576643716664,-0.158783071455883,-0.44833528800831,0.130769145096544,20.439162684856,-1.10379421769241,-5.05854647843398,0.275418138731781,0.794236235660287,0,0,0.814854925994292,0,0.0790623194396609,-0.208802314713919,0.366926953593241,20.439162684856,0.552830567589243,-5.81930324466303,0.583053785487365,0.869847439875183,0,0,0.958244598831187,0
"Q8WUD1","RAB2B_HUMAN","RAB2B","Ras-related protein Rab-2B","=""RAB2B""",19.3308476032305,19.2462101403562,18.6667051353099,20.2913785561778,NA,19.1530537600274,17.7335983581097,19.2690077231558,18.5068295002819,NA,NA,NA,18.7418190720367,18.1070930246226,19.3146225998138,NA,NA,NA,19.3509502976841,18.8317227598429,NA,NA,NA,NA,18.5916222939876,NA,18.6869809114183,NA,18.9939612356119,NA,NA,17.9117828437496,18.9833309204417,19.4747903338954,NA,NA,NA,NA,18.6934532536475,18.8015524782233,NA,17.7674471472323,18.6821430821573,NA,18.6627607320158,-0.0494352643285296,-0.609996658746963,0.511126130089904,18.8247359901263,-0.181613251482465,-5.26020354440586,0.857348348797405,0.95848719206779,0,0,0.992420242947133,0,-0.273555074350295,-0.859079309258553,0.311969160557964,18.8247359901263,-0.962130003043419,-5.16497285329002,0.345183773592426,0.781400499409107,0,0,0.747534662359128,0
"Q8WUM4","PDC6I_HUMAN","PDCD6IP","Programmed cell death 6-interacting protein","=""PDCD6IP""",20.2275114494486,20.7528046721042,21.1701330983474,21.1950898359,20.9938149365806,21.7148478305571,20.6321767890443,21.0681116929977,21.3193373164018,21.1232756997718,20.8633500504072,21.4271784244068,20.6048462767763,20.4836864919978,20.6834791958717,20.8384402862334,21.3429464983272,21.2457891254918,21.19723970781,20.4085393971889,21.3920390377315,20.7443112085965,21.2682476318665,21.0447707261163,20.8731452110237,20.8685057020161,21.404331236768,20.7578676676496,20.4631928064624,20.672637766577,20.8612178910512,21.7124419770881,21.3072183924521,21.0642534293596,20.9551597593795,20.9773868402047,20.8260165658431,21.03198077833,21.3038602643427,20.8162498897238,21.1273987361205,21.2540932680217,21.0239822861848,20.6228749699994,20.9585673680294,0.018264775047097,-0.201003855143303,0.237533405237497,20.991652226369,0.167667401671053,-5.57510789701783,0.867579261048308,0.959702613154955,0,0,0.997408880612697,0,0.0880465604181246,-0.129944117611057,0.306037238447307,20.991652226369,0.812990147451831,-5.65138339188204,0.420408006278122,0.814231438285388,0,0,0.926542882054792,0
"Q8WVI0","SMIM4_HUMAN","SMIM4","Small integral membrane protein 4","=""SMIM4""",15.8052183319691,NA,15.5521235500594,15.300657371293,17.2107824423847,16.197223193388,16.7421772975244,16.5528958297478,15.2522541877406,16.9550290683015,17.0094534543387,16.7507833403305,NA,15.8985108576675,17.4770426567651,17.117420929466,NA,NA,16.4925923296714,17.2128235495286,16.20706627806,16.6262216222969,16.0048978484291,16.1152067437753,16.4478015159576,16.2112389510422,15.6275034030768,NA,16.3268280695553,17.5767793306681,15.960790500697,14.9826085171869,16.8098909841877,14.8420569995931,15.1607424402395,15.6467629448694,17.4103609051838,16.6481723809929,16.3231241714143,16.4494891836651,16.3045998520715,15.6546486768627,15.6833775343785,NA,17.329202334466,0.120531443847067,-0.385060395331013,0.626123283025147,16.3045220404832,0.481802401155365,-5.41235689603242,0.632569370406827,0.934833173270874,0,0,0.946296599038892,0,-0.394207668176151,-0.888339925096862,0.0999245887445606,16.3045220404832,-1.6123173181118,-4.70551383843774,0.114748219788555,0.589911579780187,0,0,0.425936292237032,0
"Q8WVM8","SCFD1_HUMAN","SCFD1","Sec1 family domain-containing protein 1","=""SCFD1""",NA,16.2561807148396,16.1855059191542,16.7112372379662,15.456819846348,16.6424574211102,16.1430711704623,16.3857835450973,17.0225084885058,16.362964724124,NA,16.2278547382934,17.3213446318517,15.4988676762005,16.374515024127,15.4569168460762,15.7883246999498,17.2786892669798,16.8366488122371,NA,16.7927566173849,16.8873148773177,15.9116491807991,15.7640031138602,15.8049405842166,16.6824544863672,16.217638048221,17.3912013705685,16.9559619710058,16.7027804876411,16.3367041841306,14.4397021236535,16.6335129097615,16.2332441145031,17.7521775130069,NA,NA,NA,16.4391163637456,15.0904671848681,NA,16.0780097549548,15.3033813980118,16.0035831844979,NA,0.115183703094264,-0.367639554001373,0.598006960189901,16.3073051414011,0.482928187381685,-5.4421283011416,0.63191447704192,0.934833173270874,0,0,0.948503822390458,0,-0.424196398492736,-0.939075976429386,0.090683179443914,16.3073051414011,-1.66778863526663,-4.58976937614536,0.10357036094631,0.566204538084008,0,0,0.382178667071875,0
"Q8WW22","DNJA4_HUMAN","DNAJA4","DnaJ homolog subfamily A member 4","=""DNAJA4""",20.4690811166417,21.2156786366784,20.5826007522124,20.347016165251,21.6744931813687,21.3327807481363,21.3424380761667,21.3025568772739,21.2330137162803,21.8495919343394,21.0946149744064,21.5252035511079,19.5593068852339,21.3090328185316,21.2215730710797,22.2371372309831,21.3496346356703,20.9622894621318,22.1538506824914,21.1720818485414,20.7151944122038,21.5370278517931,21.5109494358975,20.9571888058627,21.599069452957,21.4058541987154,21.9409913200894,20.4693511994999,21.7514378904438,22.012855736793,22.4407250520774,22.1005084944043,21.3109716699425,22.2354455239692,21.3082165713899,21.2333784720593,21.2641635077834,21.2729583920342,21.3049555965274,21.5745667130727,21.7167721438936,21.6362810840412,21.4852659572663,21.3528033917518,21.4347807545661,0.386992633683612,0.0484488269607326,0.725536440406491,21.366793110968,2.30090472036975,-3.39618049134683,0.0259756268339011,0.488872265797768,1,0,0.243471838371176,0,0.126458610713723,-0.210112078426889,0.463029299854334,21.366793110968,0.756280537636618,-5.69331084723202,0.453333496996205,0.828490986321581,0,0,0.904796836863,0
"Q8WW59","SPRY4_HUMAN","SPRYD4","SPRY domain-containing protein 4","=""SPRYD4""",19.9919697666374,20.4733743212797,20.7794213266953,20.81820479611,21.3208207307382,21.3888279237192,20.5906659410114,20.1636668496672,20.8484850608243,20.6831103305596,20.7348399785763,21.2361499243012,20.3210307235084,19.4573976148253,20.5013052105311,20.7819294936577,20.7173440058143,21.1338776401038,21.1794707306131,20.5804891382227,20.718434610614,21.0831426926489,20.2958532672982,20.6862653233606,20.8524868630555,20.2313112427179,20.980228603241,19.9429994004665,20.7160477935482,21.1713459717049,20.7746366986183,21.5120952953121,21.248061272661,20.5356767590759,20.6727158300432,20.4182367049984,21.0402662969314,20.130361799485,20.7042101083993,20.5221672742173,20.2454758148861,21.0972115401462,21.1189405152162,20.8512478079525,20.6800387837106,0.110497779281012,-0.176791922968872,0.397787481530896,20.7095964395046,0.774184194483915,-5.32531557485323,0.442779383020394,0.876314937585247,0,0,0.913912236928305,0,0.0320077149724014,-0.253607591375219,0.317623021320022,20.7095964395046,0.225571383409327,-5.94053205112117,0.822533116321863,0.952784992278144,0,0,0.993766274452497,0
"Q8WWV3","RT4I1_HUMAN","RTN4IP1","Reticulon-4-interacting protein 1, mitochondrial","=""RTN4IP1""",17.0454140711853,18.468599669345,18.5118315204446,15.8938950621327,18.8895333250311,18.3798431667023,19.4337852779484,18.0044868341212,NA,NA,19.1665599879596,19.7156135583832,17.797351937719,NA,19.0397914494678,19.1935904983932,NA,19.3082632373405,19.750071561279,19.6655514949909,18.9121027354455,18.7995582666406,16.9038456786178,17.8732187352187,19.2644824480745,19.0987063402206,18.142873309528,17.6758571650583,18.2823225533629,19.3542661580608,18.808856015996,18.0136240894223,19.2599550542821,18.112037228629,NA,17.7229678918045,19.9483567146941,19.1653731150392,NA,18.8054547899028,17.8628386768179,18.2486742879675,18.6641278955653,18.0929633062349,19.3202975103271,0.376201665643613,-0.245201723054486,0.997605054341712,18.5794087851116,1.22353318579968,-4.89208973549299,0.228280018044166,0.753445779529677,0,0,0.573659981723943,0,-0.100833586337778,-0.70612591597973,0.504458743304174,18.5794087851116,-0.336673318588137,-5.86346438470738,0.738121418525881,0.930062422916384,0,0,0.969846167409654,0
"Q8WXH0","SYNE2_HUMAN","SYNE2","Nesprin-2","=""SYNE2""",NA,19.4954491383322,19.2592328712654,NA,NA,NA,NA,17.0180878712676,16.9337867935389,20.3297321102671,NA,16.9696408443285,NA,NA,NA,NA,NA,15.8409477590319,16.1880897630041,19.4740380520721,16.3974284317739,NA,17.9552918116195,16.9358756026272,NA,15.3639789000333,NA,18.7156270229815,NA,16.6033627969589,19.7416312736744,19.812198954412,16.7286423217232,19.4138475432798,NA,NA,NA,20.3588237952648,NA,NA,20.384928452905,19.8040216686287,20.3547204790712,20.4948986438375,NA,-1.2869957608428,-2.5281393312618,-0.0458521904238003,18.3572617875791,-2.13544776453857,-3.68884953378223,0.0426887902359577,0.541576330957584,-1,0,0.0172671128740087,-1,2.60508037400288,1.50089518670672,3.70926556129905,18.3572617875791,4.85862150673265,1.71351447747915,5.35293363593433e-05,0.0338483836912248,1,1,7.45827655270491e-12,1
"Q8WY91","THAP4_HUMAN","THAP4","THAP domain-containing protein 4","=""THAP4""",NA,20.0441053361538,NA,20.4428742834463,19.5125830897781,19.2168124676379,19.2734361136674,18.1368529331929,NA,NA,19.4157228132569,20.783015175474,19.495147902546,19.8335448136164,19.7338482565822,19.6907311611758,NA,19.9306659591171,20.3839251905794,19.5974507572296,NA,NA,19.1155824355402,19.8164390444035,20.7505584103106,NA,20.0430615720085,19.0325249472681,19.4853524305114,20.0152048681287,19.4600252369088,NA,20.0100257666045,19.1734185191594,19.1824197698601,NA,19.2599943293229,18.4667764119208,NA,20.8331509852235,18.7266629012808,19.9925769750181,19.6862163067555,NA,19.523138507189,0.114564664153264,-0.329282024938573,0.5584113532451,19.6382983536627,0.524534896660426,-5.34516229207641,0.60330588787788,0.923983206133899,0,0,0.943750858495807,0,-0.305625712358676,-0.746927507052408,0.135676082335056,19.6382983536627,-1.40737839543653,-4.92195190007743,0.168381205087212,0.655071957582339,0,0,0.580143504969113,0
"Q8WYQ3","CHC10_HUMAN","CHCHD10","Coiled-coil-helix-coiled-coil-helix domain-containing protein 10, mitochondrial","=""CHCHD10""",NA,20.3561954809985,20.7172921354294,20.2800644536664,19.8827509830948,19.9363083797202,19.7816243053935,20.3268951563324,21.1014699090688,19.7176453279997,20.0716904933634,19.9225439133005,19.1046031766158,17.8471804499329,21.2235745293862,18.9637613950775,20.1908233705413,21.3457260336628,20.5794272688562,NA,21.4267726547109,21.0392555520921,19.7630771673084,20.369375695308,20.1348111402474,20.796262844035,NA,20.6109237308353,20.8153242138638,20.2779355749299,18.000058820816,NA,20.8197204494696,19.3445526988856,18.2759741353984,20.5796559010331,19.7436048468699,19.5634575279612,20.8529976186017,20.1370851776213,20.6691467141869,20.3113231561804,19.7084848534713,19.4249486665299,NA,0.480531978261435,-0.0583372627685292,1.0194012192914,20.1003581475699,1.80085351126022,-4.19290761837643,0.07907744849591,0.632228637420987,1,0,0.295446642522679,0,-0.654666412988515,-1.19966597651216,-0.109666849464874,20.1003581475699,-2.42584692816156,-3.30484648821351,0.0197547551516683,0.342026657891323,-1,0,0.0766008296380856,0
"Q8WZ42","TITIN_HUMAN","TTN","Titin","=""TTN""",27.1123363258603,25.9889327252654,23.4974905162207,23.6267040219653,23.3264627018054,22.9880751563102,26.7875821999728,24.235839083567,24.9606393004528,24.5300606473434,26.0372745993817,23.2197103163479,23.155309513935,24.9493124727745,22.441970708996,23.7635237567877,23.8276810854303,23.3475677195666,23.3117927626332,24.2013227408503,25.9676878907161,22.7679572715451,27.4508451127466,24.0567107810606,23.5453852632419,25.0817279703089,22.8261956058033,23.8954650229848,23.4541798972965,23.8963264811466,24.793905601228,25.0433687589721,24.7241665773691,24.5753897211936,23.5332073866009,24.3544753286662,24.1014357564252,24.945764180275,24.1709461659369,25.4076794192638,25.8133081625127,24.9945602096265,23.5171916520835,24.272147645791,22.9197888256343,-0.316144101486213,-1.07882127795868,0.446533074986253,24.3426534454199,-0.834363204008169,-5.28333233850627,0.40838473489857,0.869020715339718,0,0,0.753428278476172,0,0.384864401964023,-0.373367702064024,1.14309650599207,24.3426534454199,1.02168351029526,-5.47195976433549,0.312269300360631,0.760119753912049,0,0,0.638943295749483,0
"Q8WZA0","LZIC_HUMAN","LZIC","Protein LZIC","=""LZIC""",NA,NA,19.7296963293254,17.5224824790401,19.2298276097644,18.1123768187337,18.9279976665907,19.173783721922,19.0138202602541,19.320803030901,18.5152643200971,18.3091096130619,NA,19.5218420522301,17.7251763208755,18.7574611700432,NA,19.1612413288926,18.9571109873951,18.7278518710409,18.7990811083218,19.1523458978325,18.6524285944208,18.7348202510284,19.1469868842508,18.2866752986241,18.97810028009,17.2573693514156,19.2556189573129,18.8586097773335,18.2037944208184,NA,18.9128940280703,18.445309507919,17.5552695136303,18.258767608999,18.996878812203,19.0735251461317,18.5382746895894,18.7484899663071,18.4036673357337,19.0256414985349,17.8950553597103,19.0612339887769,18.8550614268127,0.0334324722508015,-0.358938009910954,0.425802954412557,18.6950436321009,0.17207257266177,-5.51273866996994,0.864226190773513,0.95848719206779,0,0,0.99513338910111,0,-0.196559889626133,-0.572048524054243,0.178928744801976,18.6950436321009,-1.05715237759894,-5.40734606755954,0.296625149560383,0.754001885643784,0,0,0.787512138981404,0
"Q8WZA9","IRGQ_HUMAN","IRGQ","Immunity-related GTPase family Q protein","=""IRGQ""",NA,15.7470482307623,16.3223202028592,NA,16.4241546230501,16.2878447324847,16.0895214751514,NA,16.8729561502302,NA,16.0620440159064,16.7190621230365,15.752316528232,NA,15.4594511030442,NA,15.7410922639032,16.2234061979559,15.5326115677306,15.3942150293422,16.1799061109218,16.4897607205454,15.9489226233726,16.4983306825831,15.0590906380235,14.8490560248761,16.8385960313947,NA,15.6631924406923,15.9470565319874,15.4435063558386,16.0476280075119,15.7272003443962,15.2151606376352,NA,NA,NA,14.9530619879994,16.2255688611086,NA,15.0005673624947,15.8351775790109,15.3622668580126,15.1856771851628,15.1714566826956,-0.278810770246762,-0.640658172695519,0.0830366322019943,15.8314478797045,-1.56417392789582,-4.47212214483303,0.126764064244292,0.692635924516365,0,0,0.562219192462639,0,-0.397582623712873,-0.74803887257892,-0.0471263748468264,15.8314478797045,-2.30300320856865,-3.53727087628378,0.0273323448441428,0.344080314270748,-1,0,0.239028615953339,0
"Q92499","DDX1_HUMAN","DDX1","ATP-dependent RNA helicase DDX1","=""DDX1""",20.2867351112134,19.5434400861247,19.0386660792779,19.9963749994164,18.8832293733037,19.0013756472686,19.6265378007742,19.4659345741054,19.5317231903832,18.9409922722388,18.8644552470121,18.8158691321084,19.7945980351305,18.9688344268817,19.8444120713248,19.39789028297,19.0934782676193,19.5666525644878,19.206324154874,19.1941395489469,18.9984192641649,19.3591366495472,19.7794125267002,19.5300090897187,19.1561740615335,19.0897120226092,19.0478073255073,19.986472985497,19.0139922546149,19.0928336653783,19.5360411620708,19.677583237523,19.3288822240437,18.8381875106602,20.5257446691474,19.5034135421586,18.7549159526422,18.7244821732963,19.0193099799627,19.2027239807777,18.9842526982291,18.8236733912208,18.9461891564719,19.1715124567068,18.2938122671467,-0.0658109801122286,-0.3721036171574,0.240481656932943,19.2765857136176,-0.432486555909362,-5.50525847304396,0.667406891981843,0.942492860389654,0,0,0.973739929066046,0,-0.145448684140735,-0.449956171449088,0.159058803167617,19.2765857136176,-0.961440983393092,-5.52777654139369,0.341352890139836,0.778269017459071,0,0,0.85527361740274,0
"Q92506","DHB8_HUMAN","HSD17B8","Estradiol 17-beta-dehydrogenase 8","=""HSD17B8""",20.7237475258685,20.1923136724176,19.6388002736023,19.6875764051704,20.1021681914235,19.5878144443931,19.8359957854743,18.6805726757948,20.3227228254572,19.5292164394359,20.4558121694708,20.3049324779393,21.1876164881848,19.1431762959937,20.7897782494862,20.264888108274,20.7699165116121,19.732338153337,20.3656047747828,20.1537196374259,18.707183999235,20.1505831664645,20.0204402020064,20.339071149305,20.4570927452224,20.0090744938865,19.6468118569909,21.8005111800866,19.5095369126153,20.7818762750228,19.9069202276726,19.7014581114205,19.6686766553636,20.0756074849555,19.6453285719695,19.0164636877522,20.5519423920874,18.8874127871229,20.0348907970703,20.1180048437915,20.6020199958989,20.0352746491803,21.0938499370423,19.0955465894042,20.8634627940116,0.160083255589242,-0.236512710411276,0.55667922158976,20.0486167246916,0.812472042025979,-5.29895640512333,0.420702105238044,0.872297158372813,0,0,0.870571896763647,0,-0.227452642768256,-0.621737148750802,0.16683186321429,20.0486167246916,-1.16116005174248,-5.33039518215189,0.251561750393718,0.729789526030434,0,0,0.730592201450265,0
"Q92523","CPT1B_HUMAN","CPT1B","Carnitine O-palmitoyltransferase 1, muscle isoform","=""CPT1B""",23.3970535806984,21.7903648274567,21.9681230229245,21.2640013396342,21.6583385053209,21.6117632593058,21.7229983479736,21.6451128457166,21.6338726029877,21.5174628230878,22.4087645429186,21.8687353255739,22.0224417894412,21.6219933091256,21.771979069386,22.2378443771568,22.2447722393203,21.3832267154006,21.659196761689,22.2064857142834,21.8511472463365,22.1140369779288,21.573078197071,21.5798811154646,21.8660049430273,22.5503211498364,21.2147986263938,21.203142904619,22.1786678055031,22.2825866948744,21.2580889611586,21.225382748294,21.3125718537653,21.642173106711,21.304474217264,21.903940926576,22.2831576032848,21.9978767183288,22.0539634148978,22.0164775463681,22.2359093196807,21.1668108739611,21.6779106784398,21.9939190057949,21.7345287765618,0.00582423155259448,-0.290484902880843,0.302133365986032,21.8190084980343,0.0395643835028797,-5.58680180918042,0.968611489614463,0.987358808768291,0,0,0.999814272679767,0,-0.155867047854549,-0.45044921888967,0.138715123180571,21.8190084980343,-1.06502220171158,-5.42980793449054,0.292419512703329,0.754001885643784,0,0,0.825596771648496,0
"Q92530","PSMF1_HUMAN","PSMF1","Proteasome inhibitor PI31 subunit","=""PSMF1""",20.0257248142111,20.4104039246908,21.6585916262546,20.2738586301686,21.7742022031903,21.6482433128491,20.9519206635509,20.8049016243387,21.0274300238905,21.3319603802741,21.0039451553163,22.0184959751614,19.3461461834363,21.6731294860008,20.5724757246923,20.9755400900344,20.3767363367973,21.2857202153757,21.1073128397065,21.7572313987813,21.3939164290682,21.1736497358789,21.4719963483155,21.3478739169801,21.3827208653104,20.570233244068,21.2851047557218,NA,20.5219560295031,21.1005208340577,20.9069981292032,21.2068991326597,21.3219521408444,21.5046856866428,20.4492734966315,20.7986939087494,20.8098362400108,21.4265447475721,21.5843640844464,21.0665358087276,21.5363913785865,21.8005614924174,21.0418815522279,20.8331262588011,22.6105560802457,0.140019161511248,-0.25393302609625,0.533971349118745,21.1175055205771,0.715838085568092,-5.34976105651712,0.477786260848608,0.896077533266722,0,0,0.901750860927506,0,0.155637139504229,-0.236014017461248,0.547288296469707,21.1175055205771,0.800358701898717,-5.64602117336327,0.427704483026997,0.818304171032817,0,0,0.876177863333104,0
"Q92552","RT27_HUMAN","MRPS27","28S ribosomal protein S27, mitochondrial","=""MRPS27""",NA,18.6112781976716,17.7988352526133,NA,NA,16.8631288279808,16.1519174598768,NA,17.5770561497549,NA,NA,17.6989846746554,NA,NA,NA,NA,18.2820429252987,18.3493613477897,16.5812092399864,17.7621809818961,17.8429220966748,NA,16.5891276700512,17.9033726412478,16.4146485972309,16.9759987703633,17.5926725070197,NA,16.9491059229902,NA,NA,NA,17.0455129801344,15.3981158867729,NA,NA,18.2160878302831,NA,18.4963720801496,NA,16.7349764224889,16.3999327616312,17.6438716873647,NA,NA,0.0364727717204332,-0.708306867668316,0.781252411109183,17.3282797046636,0.100849751150417,-5.31685472395536,0.920472877772068,0.974436949333244,0,0,0.996982146613495,0,-0.294895904990085,-0.999950543670308,0.410158733690138,17.3282797046636,-0.861350332269303,-5.3722402516392,0.397218335853381,0.802565618275863,0,0,0.761649881570141,0
"Q92598","HS105_HUMAN","HSPH1","Heat shock protein 105 kDa","=""HSPH1""",NA,NA,NA,16.3293186784441,17.7581073400283,NA,17.5561057141623,17.9685081734573,17.943910292733,NA,NA,16.7512132431845,NA,NA,NA,17.516091039848,NA,16.996851601524,17.8326651593132,NA,17.2507938630669,17.8710251512329,17.5896072987494,17.3091553736568,16.750383422497,16.8145559236806,17.8606538604102,17.7859842204591,17.3821904357784,17.0462289381779,17.6842842519172,15.755364620327,17.8899976261391,18.2575364648102,18.8516275286805,NA,NA,NA,18.0590064084939,NA,18.1673140941685,17.6375044844348,16.6154129506329,NA,18.3781495511161,0.0843226207158487,-0.520989183830652,0.68963442526235,17.5037775072801,0.284481329231822,-5.30918801708009,0.777993391724073,0.948679518362231,0,0,0.979054353374505,0,0.36437158360842,-0.147583796992537,0.876326964209378,17.5037775072801,1.45345370914773,-4.8732982734614,0.156465474702502,0.65091009980405,0,0,0.508708508026127,0
"Q92614","MY18A_HUMAN","MYO18A","Unconventional myosin-XVIIIa","=""MYO18A""",22.3766800426182,22.9661675828598,21.7821112875079,23.6695530023781,21.4422727800117,NA,23.6167012372559,22.9760471975834,22.3060964369779,22.1785196483209,22.8556861845213,20.8823297005015,21.9964992846034,22.0754806840932,22.8456442235635,22.056984760983,21.4561125795658,22.3576195979462,22.5570192684074,21.7444884211529,22.0727969524722,22.1154557077092,23.2438350683361,22.7094797922025,22.2189472110546,23.277780887504,21.7654242740813,21.9286303345404,22.4069199523065,22.1455209403397,22.7699452169991,23.7917377287837,22.7106660797772,22.7692292448128,24.3037370119214,22.9005503866262,21.9363590770146,22.544371438691,21.9319139631856,21.9590182740508,23.1666745714162,22.786201767834,22.539229219368,21.7983499330943,NA,-0.129543470688926,-0.588623572058474,0.329536630680622,22.4635997431389,-0.568682550766476,-5.43177424122324,0.572460273506059,0.908333320164605,0,0,0.930288157234318,0,0.441610650669979,-0.0147885683526494,0.898009869692608,22.4635997431389,1.95001292396189,-4.21347010539502,0.0575581239732868,0.451189095774071,1,0,0.283432653213737,0
"Q92616","GCN1_HUMAN","GCN1","eIF-2-alpha kinase activator GCN1","=""GCN1""",NA,NA,16.6496037767855,18.8992502457992,NA,NA,NA,NA,NA,NA,NA,NA,NA,NA,18.3028750067479,NA,NA,15.948774898083,16.2821317963308,19.0650522743284,NA,NA,15.227522929462,18.0171750453304,18.2714846825793,18.4169700128444,17.1957763855242,18.7430866433252,NA,NA,16.3833830044023,16.736231768274,16.3415357988079,NA,NA,NA,16.3681104689082,NA,NA,NA,16.4935914760279,NA,NA,NA,18.1937964562141,-0.559512136354947,-1.87913305211191,0.760108779402016,17.3075751483208,-0.887301523400916,-4.86034164640504,0.385987311570912,0.860654333525107,0,0,0.587060137483113,0,-0.676701541636202,-1.70982462606619,0.356421542793784,17.3075751483208,-1.37074290472522,-4.81357144389173,0.186398156579697,0.67048191514958,0,0,0.320853451011177,0
"Q92629","SGCD_HUMAN","SGCD","Delta-sarcoglycan","=""SGCD""",20.4658863486633,20.8169963818755,20.7377622397306,20.8496145783336,21.1606704172967,21.207921833016,21.0550700605791,21.5426849631031,21.3248707696292,20.6895309622516,20.8775156373245,21.2103326314763,21.5485369557439,21.5032130161935,20.8577015424375,20.8513016283855,21.5973128446235,21.0719896147026,21.0473415960655,20.7561811428824,21.0572511337086,21.0331926440607,21.5954762727214,21.2868396513007,20.5119429669238,20.8857280024372,20.9272501413427,21.6317727278329,21.4096511324453,21.1801046657687,21.2509305992495,21.6517445647872,20.9516069465986,21.087846612375,20.8427073633688,21.5427084017517,20.6601333031965,21.1200011516803,21.1205274026608,20.8469182511812,21.0496549745148,21.0904408020982,21.519677525893,21.2744105477003,21.131329390235,0.0724384930758077,-0.136453201540156,0.281330187691772,21.1073840520033,0.698005820389716,-5.37407973302141,0.488684002758535,0.896077533266722,0,0,0.949453425707167,0,0.019820111472626,-0.18785411034587,0.227494333291122,21.1073840520033,0.192103072433126,-5.94720513844396,0.848506262751181,0.959935715069946,0,0,0.996749290461028,0
"Q92696","PGTA_HUMAN","RABGGTA","Geranylgeranyl transferase type-2 subunit alpha","=""RABGGTA""",NA,17.5047634608439,19.1072653579961,19.129190224009,18.6280546761838,19.4021124509332,17.6432333818467,18.721232550704,19.4013348148312,18.3516280434182,18.9397425116868,19.195861518967,19.5657726109217,18.6730204192792,18.5522879325784,18.5040418514812,19.2829180311841,19.3308080163356,18.8118209906003,18.773744322587,19.0576571059174,19.1925336152555,18.6450369396305,19.0633383533041,19.6117888288414,19.0088300196954,19.2142654568831,19.4249444430509,18.5976952252129,19.2306743342737,18.1175001831576,NA,19.1335303389776,18.9448451229956,18.3689414316068,18.9532572957911,19.3794740560921,18.318856342325,19.5456222455597,19.2796991286875,18.9827163992739,18.5779286401078,19.2841800877391,19.4663415541501,19.024662521696,0.271734251219574,-0.0488517099821065,0.592320212421253,18.928910531084,1.7082157676622,-4.33840940726894,0.0946366742501267,0.657193415298184,1,0,0.526938931817992,0,-0.106930162741719,-0.425644003497551,0.211783678014113,18.928910531084,-0.6761485905749,-5.7322935084473,0.502481832650821,0.834663611429138,0,0,0.929053560212102,0
"Q92734","TFG_HUMAN","TFG","Protein TFG","=""TFG""",18.7211094312609,NA,18.8749619336241,19.3041943053734,19.1070348580178,19.6432615619591,NA,19.0782874728491,18.9781519452306,18.5207138283295,18.5467946294082,19.9215532189429,19.7114089883859,19.1247570452933,19.0218734076296,18.9863326439534,NA,19.4740674673309,19.5532903303384,19.1544914083296,19.1520146156274,18.9898533708928,20.0158787031757,19.013196832205,19.191478135974,NA,19.7951463958302,20.0000343179728,19.782082112992,19.3333488920093,18.8608155340833,19.2694454281973,19.3753830007032,19.0803505289408,19.6169542552091,18.5465416620433,NA,NA,NA,NA,NA,NA,19.4082748371035,NA,19.359648774027,0.296891787609631,0.012615934687105,0.581167640532158,19.2503744668601,2.12011378200656,-3.7071472569913,0.0411508502231614,0.536100958796132,1,0,0.387811290526807,0,-0.22956905372936,-0.55220943970993,0.0930713322512099,19.2503744668601,-1.444426911691,-4.83599157158447,0.157501910047716,0.651333371176197,0,0,0.654216760811613,0
"Q92736","RYR2_HUMAN","RYR2","Ryanodine receptor 2","=""RYR2""",24.1243189171271,24.2241600738925,23.6332648334619,23.7770761399243,24.078654083512,24.4724907260384,24.1131817547741,24.3027586031586,23.8744449414971,24.6013910960741,24.3489072220885,23.8265374883724,23.7130610023356,24.5524081821718,23.5726366990967,24.0126236277796,23.8990107032922,24.1652097833747,23.9218425530935,23.7985412719412,24.1032603048999,23.8366829183762,23.7305937770518,23.7893715926782,23.98418654522,23.8206236802264,23.9381310642832,22.9600253773236,24.094075102546,23.368654851154,24.068356094563,24.464377616195,23.9463603987752,24.4889322182759,24.176096820427,24.4437091041998,24.0241153284395,24.5068732337352,24.1996857849686,24.1225825643038,23.9438119030184,23.7017475453812,23.728937016932,24.4502147478426,23.3801360964421,-0.251593201071913,-0.465900378063964,-0.0372860240798617,24.0063124753392,-2.36305045823243,-3.28377636861621,0.0224042406927948,0.488872265797768,-1,0,0.384551315877806,0,0.2815402213506,0.0684820799354286,0.494598362765771,24.0063124753392,2.65982536616805,-2.83516962322694,0.0107217626660314,0.282187558578439,1,0,0.278894986296092,0
"Q92841","DDX17_HUMAN","DDX17","Probable ATP-dependent RNA helicase DDX17","=""DDX17""",NA,20.6825055658364,20.3707562667671,19.7733597894488,20.3679718571041,19.1579971565529,20.6654951197948,20.3824897953037,20.3252553116101,20.290779676746,20.5931933786673,19.6471467441983,18.9121640494389,20.6401869515952,18.5467786343174,20.4015983436525,18.8748605547916,19.8405055650327,19.9339606118015,20.2383716903015,20.5099182785999,20.1613613919769,20.5780766537967,20.3320772077548,20.1233679278197,20.5206058309761,20.2337175670894,19.0718703280709,20.4942536300054,20.3098533547551,20.9467587697537,21.0462280248443,20.4468484161859,20.984914601709,18.9179591983143,20.5508253300047,19.9349981949115,20.0893159252499,20.1843939519997,20.4296244369065,21.101215246237,21.2788522732595,20.8983948126057,20.6745383176683,19.559660404169,0.0879491368932435,-0.338567917537468,0.514466191323955,20.2051137985824,0.415303915148459,-5.49765298201104,0.679891261893303,0.942492860389654,0,0,0.966636511365961,0,0.361341931159629,-0.0556962077561697,0.778380070075428,20.2051137985824,1.74507232948711,-4.55908187276355,0.0877922216057107,0.52497025745656,1,0,0.41517038311875,0
"Q92882","OSTF1_HUMAN","OSTF1","Osteoclast-stimulating factor 1","=""OSTF1""",NA,NA,17.4948863532684,NA,NA,NA,NA,NA,NA,NA,NA,NA,NA,NA,NA,NA,NA,NA,NA,NA,16.6842603760576,NA,NA,NA,NA,NA,18.604154728857,NA,16.4962044465315,17.3551757845984,17.4593850979434,NA,NA,19.540117734752,19.9225888793797,NA,NA,NA,NA,NA,17.7064165081234,19.4940344359442,18.1806135159849,17.9141212094214,18.5686080842205,-0.215208865960847,-2.008261093361,1.57784336143931,18.1092743965448,-0.257354828058426,-4.82919998272392,0.800638065482893,0.948679518362231,0,0,0.953275917209524,0,1.30454553929483,0.347475681937473,2.26161539665219,18.1092743965448,2.92267622375418,-2.63929813858111,0.0111036982157449,0.282187558578439,1,0,0.0028198339889673,1
"Q92890","UFD1_HUMAN","UFD1","Ubiquitin recognition factor in ER-associated degradation protein 1","=""UFD1""",NA,18.2332736436019,19.4409029538955,19.0933782477496,19.1953738339265,19.3142150946051,18.1786249324094,19.6252266375167,18.8605825578679,19.1788073297369,18.9655591058872,20.1923776408572,18.6685457540205,18.9556348721773,18.83068022162,18.7113871551685,18.8060608867279,19.2377188568848,19.8092686997735,18.905129291884,19.1869564084165,19.0189349302881,19.1791070415107,19.3079059429845,19.2270529980941,19.3001138109654,18.6774088882647,18.0053143440903,18.4287446710618,18.2717992614608,19.4980010230448,19.5064345097817,19.2839369686726,19.1188376938296,18.832582465982,19.1264403127937,18.8317700617174,18.977769717343,19.4587460332368,19.1418630545691,19.2426337363828,19.243476620173,19.0397550480829,18.3041191137699,18.6664040602448,-0.125807069080889,-0.427228617952105,0.175614479790328,19.024519464388,-0.840623627063337,-5.26582643336248,0.404999387969209,0.869020715339718,0,0,0.892513891548168,0,0.14665781546989,-0.148064940547807,0.441380571487587,19.024519464388,1.00221843454883,-5.49024063623074,0.321592204056746,0.770278296837939,0,0,0.846725233932795,0
"Q92905","CSN5_HUMAN","COPS5","COP9 signalosome complex subunit 5","=""COPS5""",21.030899218509,20.8051857530457,20.8866416447835,21.7072796016159,20.9456658383646,21.3138144562009,20.8449482126333,20.9543086221357,21.0014404717444,21.0504944773007,21.0329697685794,21.6270637751546,21.1084669194289,21.3517155012067,20.9053357891129,20.8996711270361,20.900022155065,20.9643693978973,20.6470954753973,21.1110010755302,20.8303431289954,20.6613707295359,20.207167315161,20.7435733080918,21.0497764242346,20.8496679504341,21.4374588990823,21.4019460754637,21.0708136790866,20.7267568439745,20.3791622626071,20.7360998228492,20.6782386943154,21.06482187325,21.1709942157254,21.1914899127825,21.4893063867474,20.3851001040896,21.1049700298954,20.9383493247705,20.9504830317723,20.6112890144789,20.7844560707377,21.3192074213959,21.1527307321361,-0.211098009609742,-0.425353703739161,0.0031576845196768,20.9783102784968,-1.98318201704425,-3.93398814370747,0.0533303707924434,0.573502080861745,-1,0,0.538600649210915,0,0.0303776875045152,-0.182629271102963,0.243384646111994,20.9783102784968,0.287059370899159,-5.92549295108107,0.775354858437606,0.94164415266078,0,0,0.992300662026901,0
"Q92947","GCDH_HUMAN","GCDH","Glutaryl-CoA dehydrogenase, mitochondrial","=""GCDH""",NA,NA,19.0864738066627,18.884625835659,18.5458325175711,18.4631298917927,19.278863294098,19.0768010121634,19.2658691698273,NA,18.9366319552922,19.5859200431451,NA,NA,18.921130811112,19.5856220476983,NA,19.2559213102872,19.9084578715571,19.1460501118074,19.244875797293,18.3243406646068,19.7426766891789,18.8432181698447,19.7009221516697,19.1963293423023,18.6790533333963,19.2275661229312,19.5008338849967,19.3145124351893,19.0494642168171,19.0116530366971,19.4793342437614,18.7533945173367,18.3961145281392,18.6456847327151,18.7255124511552,18.5541726554802,18.5328348203051,19.2929526341263,19.330037795409,19.1471631670586,19.0610244370275,18.7343189123106,18.5057634068022,0.253514592737016,-0.0401224141058539,0.547151599579886,19.0496175339801,1.74486098124156,-4.24248616111473,0.0886808067098981,0.645025861397455,1,0,0.541077479720822,0,-0.382820832851557,-0.64578659768711,-0.119855068016005,19.0496175339801,-2.94215133828426,-2.22645034994917,0.00539770871994344,0.233615286754175,-1,0,0.135469812871671,0
"Q92973","TNPO1_HUMAN","TNPO1","Transportin-1","=""TNPO1""",NA,NA,NA,16.107046057925,15.1737874400414,15.9396016719705,NA,14.9007435674693,15.9462984789859,NA,NA,15.9288880288291,NA,NA,14.9664394282851,NA,NA,15.724077831504,15.2713148816388,NA,15.2029756752619,14.9968233443484,15.4643619586375,15.3923723864129,NA,15.046852521546,14.8891284429453,NA,16.2866189357756,15.834969006833,15.6827442220574,NA,15.4682135353095,15.2507583846188,16.6263484969657,NA,NA,NA,NA,NA,NA,NA,NA,NA,15.3727871100727,-0.150563099741097,-0.619199368678108,0.318073169195914,15.5215068821561,-0.664551265609409,-5.16700539733801,0.512934206114197,0.896077533266722,0,0,0.904369662025764,0,0.253461785516688,-0.265088996853598,0.772012567886973,15.5215068821561,1.01103696645482,-5.14940337947334,0.322498919859929,0.770746018696202,0,0,0.750638259569849,0
"Q93008","USP9X_HUMAN","USP9X","Probable ubiquitin carboxyl-terminal hydrolase FAF-X","=""USP9X""",18.6388358370281,17.1446689049068,16.9310212797458,19.2038671328594,17.4344644382248,17.5936223142342,16.9580115167311,17.5888788260095,17.3345949724204,17.7958076799386,18.7552164026222,17.2400338946088,17.9755764085649,18.5390686302839,18.7476791837278,17.1352431680076,NA,17.4043053576097,17.2163053153731,19.052721628288,17.3539645257795,17.3756253126467,16.9374180464466,18.7569165693561,18.4913259825205,19.3383459440759,17.8893120493847,19.139526914682,17.1451915353324,17.273077275716,17.4242264473654,17.5514520532651,17.5286783438853,19.0267727186408,19.6065482417307,17.4644771335263,17.9303843893662,18.7401908356617,17.4792964236322,18.7291800910617,17.5099173716197,17.1016151518553,16.931034271012,17.5520607391665,18.0750163967069,0.0156417221677643,-0.521115669519458,0.552399113854986,17.887306310355,0.0586917931872741,-5.57166672139192,0.953457224279551,0.983781746134092,0,0,0.999254782123279,0,0.0292974181411267,-0.50432483368787,0.562919669970124,17.887306310355,0.110577371714454,-5.94347156943203,0.912442751712536,0.979656818909501,0,0,0.997319079631454,0
"Q93034","CUL5_HUMAN","CUL5","Cullin-5","=""CUL5""",20.4709418032792,20.7837267354872,20.807099185054,21.6657701952948,20.9056019573988,21.0353956919815,20.917036634617,20.5609449245785,20.8790220581876,20.0807498756336,21.0025087465288,21.2110285561957,21.0283979611916,20.9100811063507,20.6415068237091,20.6444386204203,20.4201377667611,20.4955441638251,20.6519586804522,20.8190185351188,20.8500952383032,20.6152865377577,20.6222778146933,21.1081768426583,20.5160697851188,21.0576215053857,20.3878141511335,21.2371430464503,20.7874001891107,20.3181828127859,20.4301314425325,20.440731693712,20.5768860752425,20.3221454732826,21.5099283260521,20.7986281347451,20.4379853516673,20.9006493656519,20.7188374928052,21.098841465427,20.558973127338,20.417580182974,20.7048965429575,20.671704267384,20.4565306658518,-0.153771679579478,-0.377929769110577,0.0703864099516208,20.7438983900686,-1.38080627311818,-4.76656681947459,0.174004950966146,0.727577717533431,0,0,0.76422261020833,0,-0.0324477388234214,-0.255299379207089,0.190403901560246,20.7438983900686,-0.293075431008984,-5.92382841789162,0.770781415727962,0.941514710647742,0,0,0.991587798750728,0
"Q93052","LPP_HUMAN","LPP","Lipoma-preferred partner","=""LPP""",NA,NA,NA,18.7294007732282,17.7715992673585,19.7096850277519,18.8145423171606,19.3418744918082,NA,NA,NA,18.2983180950419,19.1681777343976,18.3577827267699,18.8156295234441,17.5842560701114,NA,17.4649797718128,19.0602390547899,17.6740033635488,19.594860274855,19.4261782079357,18.2125497244458,16.9170012392399,18.3437978249993,18.4569008740999,20.4545343680883,NA,18.5551288658539,18.3844517694495,18.2237200617208,17.8471760294272,17.9977336473122,17.7072768559268,19.6913616329339,NA,NA,17.2360296466161,17.3956310971451,18.1205295402825,18.5990731551036,NA,NA,NA,18.0805526046244,-0.244350002652993,-0.870089413074465,0.381389407768478,18.4385929886651,-0.794436737162914,-5.18344323529221,0.432610609862696,0.873144117382484,0,0,0.814855012934221,0,-0.302858265145431,-0.906338869727082,0.300622339436219,18.4385929886651,-1.02097849155456,-5.35352087574319,0.314682363676665,0.763366296540453,0,0,0.704573828613799,0
"Q93084","AT2A3_HUMAN","ATP2A3","Sarcoplasmic/endoplasmic reticulum calcium ATPase 3","=""ATP2A3""",26.2638075829394,27.4144429526197,27.8491737046341,26.5705923463713,26.6851476210976,26.4369289324602,26.7807840629919,27.0155263305618,27.1220865780262,27.5757145864916,26.980861090238,26.7678212556661,26.7408803380417,27.4219548029947,26.1793046809995,27.3186199951829,27.5009628098365,27.8414573946986,26.8045759206319,26.9854138829157,27.1197973039565,26.4559247972408,25.8236111318077,27.0910129650865,26.7709169053858,26.9297090069858,26.8324099545557,25.948495446839,27.025969800263,26.2320253708448,27.168368953775,27.2316285221857,27.2939268909918,26.9629544912655,27.0878951265914,27.1550480151223,27.0730491009806,26.7900814723441,27.6527473401153,27.4542721997099,26.7158076039116,26.941670585177,26.5360325512721,27.5691766486831,25.5368842015222,-0.0732246079657486,-0.395061990146377,0.24861277421488,26.925677183467,-0.457964040215588,-5.49531025618663,0.649132433408928,0.937693137615552,0,0,0.968853650841431,0,0.165909401161127,-0.154052232638344,0.485871034960597,26.925677183467,1.04371974617282,-5.45073502893439,0.302064424537255,0.754001885643784,0,0,0.819867427302871,0
"Q93100","KPBB_HUMAN","PHKB","Phosphorylase b kinase regulatory subunit beta","=""PHKB""",23.0109314312039,23.0006706834293,23.0561939440409,23.1750742415507,22.3905433692948,22.1383207334058,22.0252908813959,22.1960692925978,22.3689152068919,23.0711348427778,23.049712706296,22.7565660460875,22.6582214759326,22.030897106958,22.9212355611501,22.3489127950369,23.6586606877888,23.2105059123003,22.9381932492636,23.1241275627183,22.2496761901716,22.2179128072258,22.7788083754966,23.0217849975214,23.2176137125683,22.9722813477574,22.22541987078,22.7774359721207,22.0794709150431,22.5798592244716,21.9732734283416,21.209326478843,22.9293731038883,22.723370050331,21.1362442544943,22.1276456863312,22.7489562577556,22.8041044296502,22.6489926713385,23.2958341257258,22.4206245737599,21.7395772511012,22.3235985893876,22.1516535090432,22.6125250830157,0.0965412247916682,-0.239115737456767,0.432198187040103,22.5799009030285,0.578932531758714,-5.4404072765591,0.565456434421197,0.906259847559247,0,0,0.946447025609086,0,-0.43703760848382,-0.770738278398232,-0.103336938569408,22.5799009030285,-2.6361647133031,-2.88662751925159,0.0113910880004145,0.282187558578439,-1,0,0.141463990842124,0
"Q969Q5","RAB24_HUMAN","RAB24","Ras-related protein Rab-24","=""RAB24""",NA,NA,NA,NA,14.0840374654581,NA,13.837869944281,14.5753270773306,15.2717897617516,NA,14.626990497954,14.3837120421667,NA,14.4416686005378,NA,14.1542090645807,NA,15.3280611151594,14.2034742162877,15.2468984385958,14.6262595520258,NA,13.5795922286781,15.127404142617,15.220617440034,15.2717779337334,NA,NA,14.8475212317944,15.142175404776,14.1777064516897,NA,15.2281902098372,NA,NA,NA,NA,15.2078866005096,NA,14.7079440070432,NA,NA,15.0769869948116,NA,14.2457693744855,0.342580065918769,-0.124891563598376,0.810051695435914,14.6922445748391,1.50917877104386,-4.47955263097766,0.143768557539466,0.711710666043936,0,0,0.514555765331238,0,-0.00705852090545278,-0.495261888163889,0.481144846352984,14.6922445748391,-0.0297746587539974,-5.66607501438053,0.97648280901152,0.994837749030534,0,0,0.99983203448483,0
"Q969X5","ERGI1_HUMAN","ERGIC1","Endoplasmic reticulum-Golgi intermediate compartment protein 1","=""ERGIC1""",NA,18.2497876786936,NA,18.1498040423544,18.4832024637536,17.8831854211039,18.1055380194429,18.4193572307096,18.3681219720386,17.4474975960254,17.8439704980281,18.3662166648751,16.8417966518024,18.5443291738086,17.0502154615659,17.9997205761925,NA,18.0053561960878,18.5255397896057,18.2654759645544,17.7337568997758,17.5148790112837,17.7487141794303,17.7122112877698,18.2414387411069,17.9516079988655,19.0994617218042,18.5564103946369,18.7997512629959,17.3798451552308,17.5216273749636,NA,17.2301208657356,18.3823471193247,NA,17.7973490499369,17.7119798726438,17.9573908046626,17.2313477135937,18.2547698298488,17.7105227789478,17.6848406822988,17.8509015557411,18.2246547462408,17.9565416586844,0.156810382604036,-0.177808336212369,0.49142910142044,17.9700396526541,0.946376766123617,-5.15864659380883,0.349495450115569,0.831991492349562,0,0,0.848021554545612,0,-0.292109622348256,-0.624887353020382,0.0406681083238689,17.9700396526541,-1.77268306068531,-4.4802033987543,0.083703838088627,0.523449990728398,-1,0,0.484533219458145,0
"Q969Z3","MARC2_HUMAN","MTARC2","Mitochondrial amidoxime reducing component 2","=""MTARC2""",NA,NA,NA,NA,16.12033767052,16.1791461612572,NA,16.1326332657443,NA,NA,NA,NA,NA,17.1964178637273,NA,15.8262791231458,16.4818826675188,16.4281422580224,16.4842912210354,NA,17.1648199589223,NA,15.9502898323727,NA,NA,15.7738056566185,NA,NA,NA,16.1610487743841,16.5693206902994,15.2889983420512,NA,NA,15.7978361753373,16.2338750113133,16.5543010530013,NA,NA,NA,15.6984303278737,NA,16.9322506804659,NA,16.4368821669175,-0.0844262942429985,-0.664942919148468,0.496090330662471,16.2705494450264,-0.302408657438002,-5.15064925957531,0.765309726035314,0.948679518362231,0,0,0.977671168464454,0,-0.112612431040063,-0.582883097156373,0.357658235076248,16.2705494450264,-0.497931497193043,-5.56808741327071,0.623696666771487,0.885234347493014,0,0,0.948225125352307,0
"Q96A26","F162A_HUMAN","FAM162A","Protein FAM162A","=""FAM162A""",22.336145298731,22.3411518535026,22.6696583993525,22.1844062056355,22.6015826450471,22.150105594983,22.377459446741,22.1197553976775,22.3728330649152,22.7726567249533,22.8076606813552,22.3801758608157,22.6625886862858,21.6454731479449,22.8584644266668,22.7032145886663,22.5112860466502,22.7429192684296,22.8403096574985,22.244698394819,22.3565497750522,22.8300809962788,22.3441836365958,22.3575945711705,22.6420001527128,22.8276969874863,22.1023867517511,21.2939235677602,22.3991894845516,22.8752521612749,22.5073815860511,22.2964698674453,22.5510170477032,22.5113077576073,22.1280603779906,22.5781844599035,22.4714175327154,22.2015929456153,22.776431152723,22.4094318365498,23.0931663459336,22.5307123633757,22.9938047932606,22.4272906209688,22.1682570293951,0.0487879887477511,-0.19143389204724,0.289009869542742,22.4665762042787,0.408800258743569,-5.51400121969148,0.684581598737706,0.943975789968502,0,0,0.981681773171487,0,0.0382159784360709,-0.200605829437101,0.277037786309243,22.4665762042787,0.322093389425272,-5.9153169279906,0.748839913490757,0.932548715587236,0,0,0.989007652842787,0
"Q96A32","MLRS_HUMAN","MYLPF","Myosin regulatory light chain 2, skeletal muscle isoform","=""MYLPF""",28.4866762980655,29.1215246082605,27.8485203175761,27.1228882694043,25.1947397897485,25.5930861367776,30.3334502524782,28.0279402610422,28.438122065281,27.9988445097361,28.5447016810569,26.8362387331736,27.6954397292798,28.1587702818082,25.8441213465226,26.7436693676576,27.8232977066999,27.6266872018466,26.3007754083538,27.6589940309969,27.9863136947764,26.3706347249296,28.0010351429022,28.4376650667923,26.7138346162207,28.9869172557376,26.0530597190391,27.7472679156902,27.1800412730843,26.8802053114833,27.3424512612066,28.6701992334933,28.3377103749149,26.7892344292146,26.3248872346886,28.3283286265821,27.7179100457352,28.7808143599554,28.6348151273345,27.7933927600117,29.7200831675338,28.3973959867002,26.4964243441439,27.489942664314,25.683406837002,-0.270475495927418,-0.967591625343317,0.426640633488481,27.6058324259834,-0.780968656922488,-5.32073476267345,0.438818189604611,0.873144117382484,0,0,0.800288830507185,0,0.399773201108044,-0.293279961966371,1.09282636418246,27.6058324259834,1.1610687538767,-5.33049342613497,0.251598497640434,0.729789526030434,0,0,0.575995560565828,0
"Q96AB3","ISOC2_HUMAN","ISOC2","Isochorismatase domain-containing protein 2","=""ISOC2""",23.2253254431745,21.8840147808645,22.0503819409636,22.0671907125042,22.0098053128314,21.5562345050606,21.6630167592882,21.7815459232539,21.9289603172528,21.9731453986841,21.8367343395906,21.1942111361624,22.5509850745523,21.6500739684622,23.0031410525113,22.3801799059197,21.6509573139082,21.9254454816748,21.8518339264418,22.9468478030192,21.8011947011291,22.1059760554092,21.3948404895927,22.1455249290132,22.1915972774672,22.0404526232006,21.9687746804387,22.7542332785781,21.828593366174,22.3928632825496,21.7036401046973,21.4035477307355,21.8344123306454,21.6838835298968,22.0926514462123,21.7865808075201,22.5561642598144,22.2186818202222,22.0047383516581,21.8311564092711,21.6195441329437,21.001676758163,21.7347206648052,22.3411354359906,22.152061538172,0.0547777301314412,-0.237952491962757,0.34750795222564,21.9937483800093,0.376658072637378,-5.52508394979825,0.708158098663397,0.947417763940137,0,0,0.981274411490994,0,-0.22764798625122,-0.518672103739146,0.0633761312367048,21.9937483800093,-1.57451079280949,-4.81296853117013,0.122216805301526,0.598693123409454,0,0,0.619708130208665,0
"Q96AC1","FERM2_HUMAN","FERMT2","Fermitin family homolog 2","=""FERMT2""",21.5337749457302,20.1602209906838,20.334127427079,20.7162990765075,19.9875353346129,20.3845493136998,19.5030022595227,20.8711897978205,19.8116176874122,19.9263849347999,20.4593449232758,19.4609129788857,20.8029997766929,20.834175064872,21.0832734492441,19.5122807785786,19.8042347884145,19.8909747299851,19.902746888011,21.3906803915514,20.7155158862197,20.563435202508,19.7557843735039,20.2813772654104,20.3800788090836,20.0685699049976,21.3308765560582,21.0823916802784,20.1567946606336,20.3185851778959,19.9983052409835,20.3306063339956,19.9564081010124,19.724464372179,21.4138421395059,19.8625156843319,20.0650906718852,20.0466039083081,20.1241126246179,20.5640472639968,19.7266451339254,19.6965862483797,20.4678350814903,20.5768876758847,20.4602242990245,-0.0599582853664558,-0.431944522064827,0.312027951331916,20.3119535518553,-0.324439066558313,-5.54116764897121,0.747075129780195,0.948679518362231,0,0,0.982668736633812,0,-0.142676820907255,-0.512495029216343,0.227141387401833,20.3119535518553,-0.776561657647459,-5.67865467873261,0.441388873208038,0.822236277634361,0,0,0.889865242333151,0
"Q96AE4","FUBP1_HUMAN","FUBP1","Far upstream element-binding protein 1","=""FUBP1""",NA,NA,NA,17.0948351879318,NA,NA,16.3937247935212,16.3275870885488,16.1807605402927,NA,NA,NA,16.6816384988059,NA,16.7610872304659,16.6425320850445,NA,16.7709428783557,16.6607762503291,NA,16.6702529656838,16.4624551708078,17.1024188341214,16.6001856148857,16.3610819665346,NA,16.4843349549094,16.3941744732467,17.0855243703598,16.3261885629333,17.319720153322,17.4845175474872,16.1380197352175,17.2338747586555,17.3674272184261,NA,NA,16.3732817794253,NA,16.3305461118734,NA,17.2984304792017,17.6726298558197,NA,17.211386020265,0.0685274533656859,-0.315836146240299,0.45289105297167,16.7653691116597,0.36461772516529,-5.27962632845067,0.71803852071752,0.947417763940137,0,0,0.977557182964422,0,0.399038136984878,0.0719350304169265,0.726141243552829,16.7653691116597,2.49485420820328,-3.17892336628448,0.01853547718669,0.334874287839532,1,0,0.203642045922876,0
"Q96AG3","S2546_HUMAN","SLC25A46","Solute carrier family 25 member 46","=""SLC25A46""",NA,17.2603853019447,NA,NA,16.8587806909871,16.9302868513667,17.0041503000581,17.6303278273553,16.7143434403235,17.3844707394232,17.6107230930321,16.8006676081035,16.540356401688,16.6091841983124,16.8778160398533,17.4926943365875,17.5314431275747,16.9752127918663,17.4564911728555,17.4894623423704,16.748073712275,17.4648830996697,17.7017902842667,17.1664783304489,17.2748439016604,16.9743131055756,16.8672574822073,NA,16.876808643756,17.2619725474165,17.6273770691404,NA,16.8005490399009,NA,NA,16.7831051092207,17.2460568761504,17.3618286524982,NA,17.5767933701898,17.1631744408155,15.7955538376207,17.4045471652853,16.8037181589694,16.5477222440235,0.199525844774261,-0.084279895130785,0.483331584679306,17.0976660360755,1.42317295824392,-4.67457827521172,0.162836022972454,0.720861261794311,0,0,0.696183698749544,0,-0.216256125812652,-0.505012467079609,0.0725002154543047,17.0976660360755,-1.51606069198622,-4.82240178539754,0.137770481222716,0.626842806368387,0,0,0.651384244190111,0
"Q96AN5","TM143_HUMAN","TMEM143","Transmembrane protein 143","=""TMEM143""",17.5871337767344,19.1214676425576,18.0428659997729,15.8020317446837,18.522966340286,17.6303824611999,18.7606097406529,18.9188282864045,19.2181476859607,19.1491745943571,19.0019483179236,17.7310390456236,17.7209957833583,18.2920199948719,18.6302464587754,18.9689634296577,17.9454043414696,18.5775968614508,17.8897313434682,18.5624436584091,18.6122993038114,19.2783648528522,19.4376575057957,19.1127964021103,18.4680796590045,19.2658578233559,17.1661026194216,18.5423880278188,19.2536276838685,18.9582325323921,18.9327547889448,18.561785442812,19.0641223374878,17.5674925682006,NA,19.3204772884579,19.0698534396243,18.9945513079887,19.4532250240026,18.7896583655441,19.4940485760199,17.9097953203638,18.5658860766973,18.3439534012769,17.6143197518829,0.389657336788893,-0.0650399243147196,0.844354597892506,18.5420756274398,1.72596253545946,-4.3214584432423,0.0912091095206286,0.655047241102696,1,0,0.393342850536922,0,0.0240981971278806,-0.43552349890905,0.483719893164812,18.5420756274398,0.105597801500937,-5.94398493982166,0.916370360413734,0.979656818909501,0,0,0.997897604982579,0
"Q96AQ6","PBIP1_HUMAN","PBXIP1","Pre-B-cell leukemia transcription factor-interacting protein 1","=""PBXIP1""",22.7390400497997,21.7511758879153,22.5731058616141,22.6375140888585,22.2685809210978,22.1191251070699,22.3127830156168,22.5568793873541,22.1175289409527,21.8890173440287,22.4901212132372,22.0834813964858,22.8783345190136,22.8853005213683,22.3463989966722,21.9195959314866,21.9205363744654,22.2000098447758,22.1257016305974,22.4109659883864,22.2810791670777,22.1866492230932,22.6108447048386,22.6897329103748,22.3145679408689,22.4192146329144,22.1726905599902,22.6372545805796,22.5639239435895,21.6943304801681,22.0820300222329,23.2194339897544,22.3764388899115,22.736622839774,23.8118740657676,22.3659056313376,22.0904870091474,22.513747073714,21.9028648887841,22.3225617028028,22.0197262920175,22.3268788525913,22.0905321379138,22.516407884688,21.4392153901775,-0.0967634970828506,-0.383091882559604,0.189564888393902,22.3468935963312,-0.680233413790794,-5.38474819032642,0.499763120193457,0.896077533266722,0,0,0.935085604112663,0,0.111175250493872,-0.173484341874079,0.395834842861824,22.3468935963312,0.786127707479991,-5.67161086283933,0.435820137476822,0.82110113969254,0,0,0.911800651099701,0
"Q96BM9","ARL8A_HUMAN","ARL8A","ADP-ribosylation factor-like protein 8A","=""ARL8A""",NA,18.6814855850727,19.0476275554131,19.1657948556432,18.7512616775315,18.7674604591137,18.0839596892451,17.7700611608471,18.7487832940763,NA,17.2765616227959,18.5905480628129,NA,19.2260706157703,19.3787164320737,18.468369711915,NA,18.6541313848513,19.0550797357995,18.6512043985365,18.819627768557,18.0746155333839,17.1553409891944,17.8323122477676,17.9000118302248,18.094037197036,18.6276051660933,18.4667529102826,18.7251830248332,18.6376859591841,18.7070732287831,18.0536308424708,17.9445129720497,17.4622093795158,19.0194851709272,18.462593064365,18.2323287806868,18.0713800153617,18.5247191964623,18.4354771190919,17.9255980505785,18.3902574072582,18.7240544035682,18.4475699630302,17.6569511610573,-0.271285454031599,-0.634005517495378,0.0914346094321801,18.4075153566649,-1.50931928638994,-4.57138732074001,0.138696820890195,0.708378884160682,0,0,0.58513371518088,0,-0.0958944938864512,-0.437426771845646,0.245637784072744,18.4075153566649,-0.566615054035234,-5.79649340491092,0.573988500486854,0.864857970948025,0,0,0.948156755275625,0
"Q96C00","ZBTB9_HUMAN","ZBTB9","Zinc finger and BTB domain-containing protein 9","=""ZBTB9""",20.2901451477461,19.7125665483537,20.1331729439569,17.9305156868003,19.4942625925525,19.7163775999149,19.3424829815529,19.6642503636824,18.6358606337388,20.7098542545695,19.7653621833799,20.486505640641,20.7112373960136,19.98915048315,19.3209558951446,18.854298835627,19.5955717740661,20.1808760871077,19.1755260581544,20.176133447312,20.1007626276558,19.8597419275015,19.1476600449269,18.9658995948642,18.3298654403727,19.1129015404522,18.7740608617129,20.9093977697144,20.5603286247126,19.5929371447645,18.7514866509915,18.9762161756336,19.6879755160968,18.9785310786682,19.3934692608115,19.6294068827515,20.441703584967,NA,20.2334772647804,20.0241992990877,19.005311970125,19.1598333663242,19.8199097718636,20.0093376592517,19.8277431512536,-0.188714970471899,-0.633067090044316,0.255637149100517,19.617665085517,-0.855361979512924,-5.26787933426741,0.396878139138369,0.867495161100663,0,0,0.83996386094845,0,0.00554318393620434,-0.44362133123984,0.454707699112248,19.617665085517,0.0248556254373411,-5.9490089299084,0.980279918914134,0.996031604809915,0,0,0.999889601853767,0
"Q96C01","F136A_HUMAN","FAM136A","Protein FAM136A","=""FAM136A""",NA,16.5080163979691,NA,16.6639279391424,NA,NA,17.3127238187044,NA,NA,NA,17.388500688853,NA,NA,NA,17.4046922977973,16.9756481265433,NA,16.9182721221606,16.7699247146842,17.2618614490494,NA,NA,17.492207675513,15.9727625474711,17.1802606062371,17.1928222766734,NA,NA,NA,17.1396056210469,NA,16.368928120333,16.5537926625489,16.5603968328285,NA,NA,16.659033534239,NA,NA,16.3532149966547,17.1277121977975,15.7717898970479,16.7562860314099,NA,16.7940204248263,-0.0564451353766167,-0.480761269702218,0.367870998948984,16.831582651284,-0.274527663324967,-5.22320049653172,0.786024441594875,0.948679518362231,0,0,0.986501781174824,0,-0.421600038778013,-0.778244034146687,-0.0649560434093396,16.831582651284,-2.43957888671424,-3.27876145634486,0.0224547656119409,0.344080314270748,-1,0,0.201795561969166,0
"Q96C11","FGGY_HUMAN","FGGY","FGGY carbohydrate kinase domain-containing protein","=""FGGY""",NA,NA,18.6575386027992,NA,18.1391414342712,18.3583282028667,16.9844450548544,18.0699434855772,17.7224432480222,18.6341173113948,NA,17.5964925500603,NA,17.961056197434,15.9870544514125,18.1380988214633,NA,16.9509080041865,17.3072212188853,NA,18.0675322753447,18.2794059048394,17.263176447068,17.7468460464176,18.2661994781878,NA,NA,16.8827670579074,NA,17.7818700724933,17.8159202734429,NA,18.3638063708262,NA,19.2594995956041,NA,NA,NA,NA,18.3540945297789,NA,NA,NA,NA,17.710314034106,-0.127628561612074,-0.665427640279534,0.410170517055386,17.8519288267697,-0.48777353282744,-5.32177965277475,0.629791849543688,0.934833173270874,0,0,0.94269630870159,0,0.599967655869914,-0.0542086862941549,1.25414399803398,17.8519288267697,1.88505234594577,-4.11680272184634,0.0706286187952204,0.498076170462949,1,0,0.20390395833726,0
"Q96C23","GALM_HUMAN","GALM","Aldose 1-epimerase","=""GALM""",21.0577626853336,20.0301508628999,19.5798884504436,20.7337956289909,20.0515927141321,20.6481496867403,19.4923154951955,19.9669186582851,19.5559629597241,19.592821574076,20.2215165468534,18.5937141738822,21.3397986065373,20.9759287159674,21.0064720424057,19.309524950876,NA,19.3965265653513,19.8088982886861,21.1691401507307,19.4806805128924,19.6484736527517,18.9626266306145,19.7239630351276,20.0083560350975,20.7914656447012,20.0682087106557,21.1619496915036,19.1404687995716,19.0085123752581,19.7663395976434,19.499261770775,18.8677316064348,19.952361272605,21.7301640704885,19.6278631724228,19.554389495372,20.9463405571781,17.9961285541375,20.6286768412574,NA,NA,19.40446924369,19.9284144470328,20.375249736619,-0.365696615674036,-0.90774620145204,0.176352970103968,19.9714993859748,-1.36053454890189,-4.77945202795732,0.180743546345049,0.731429183389005,0,0,0.534946536497675,0,0.0342753977641692,-0.523202515828378,0.591753311356717,19.9714993859748,0.12398880882887,-5.91040109622242,0.901901373917619,0.977865538778253,0,0,0.996467316194424,0
"Q96C90","PP14B_HUMAN","PPP1R14B","Protein phosphatase 1 regulatory subunit 14B","=""PPP1R14B""",19.2886278997254,NA,NA,16.913224084842,NA,17.3782289127538,17.8254223697697,17.2627660391772,17.0735423368906,NA,17.3833815745955,17.899722525674,17.884586873294,18.1994173740497,18.0620817502258,NA,NA,17.6784353699829,17.2025094270686,18.7924835981871,16.9167823894333,NA,NA,17.8711651643861,17.8075079671754,17.6332177227962,NA,17.9503607721086,18.5129525283045,16.8425103941728,16.3076233828103,16.6070974039238,17.8790619637718,18.5068792387031,19.2069939247418,NA,18.2822820283252,18.4628180878275,NA,16.9991510817305,16.9038817266816,17.1189982667647,17.0915972687405,NA,NA,-0.0524154539162502,-0.6504655321412,0.5456346243087,17.6795409827698,-0.178304489856639,-5.42857765771245,0.859572616712044,0.95848719206779,0,0,0.99209986644573,0,-0.15912869295121,-0.753378340796206,0.435120954893786,17.6795409827698,-0.544778603622833,-5.66667518658998,0.589564223596255,0.870161621650437,0,0,0.919358545626821,0
"Q96CM8","ACSF2_HUMAN","ACSF2","Medium-chain acyl-CoA ligase ACSF2, mitochondrial","=""ACSF2""",20.0890384332226,20.1468185530036,19.7063699864734,19.4627718156823,21.4229193032123,20.5583369373886,20.8247421218299,20.4394384068185,21.1858696559637,20.492697778246,20.9496445245673,20.9414325277535,21.0101261023551,20.8524255725283,20.7359144784731,21.0738540747174,20.8240954864137,20.589948970602,20.516081272252,20.8917188220097,20.699233721482,21.149191865554,21.4076125687511,20.8766306623968,21.202102284885,21.4474973340796,20.6683633714878,20.2798927472731,21.2007643793325,21.1342756151673,20.3574075574057,19.1225058614695,20.7390345620941,20.3971374374213,18.9254816481074,20.2296781261161,21.2693646672738,20.6225220197534,20.5902255604729,21.1600762611614,20.696356723589,20.2726267417719,21.5808550293921,21.0112294073081,20.7242935756153,0.335458071365906,-0.0355879505958314,0.706504093327644,20.6773023233972,1.81979000717725,-4.18512052174168,0.075296142209325,0.615621409386435,1,0,0.419956536069295,0,-0.417497866496785,-0.78638133987478,-0.0486143931187891,20.6773023233972,-2.27811619750491,-3.62330514566507,0.0274075747025283,0.344080314270748,-1,0,0.222748255279194,0
"Q96CN7","ISOC1_HUMAN","ISOC1","Isochorismatase domain-containing protein 1","=""ISOC1""",19.4279062882034,20.2573431509382,19.6407019504188,19.0892420541754,21.0902978348847,20.7798123075438,20.335061651758,20.0588382381108,20.0896345729513,20.0142961506316,19.4317030353918,19.6204467283857,18.8216651038102,20.0150132768774,20.1040310338425,20.4735412018631,19.5105759785863,19.5883348979661,20.1200481643955,19.1562397035175,20.6369632335591,20.7936571156853,19.8729843008134,19.9070088720505,19.6236157334461,19.8605369129082,19.2347495056225,18.4586003325804,20.0115609836477,20.4385446447605,19.6651780642261,19.4765850030648,19.8053615375396,19.226450972182,19.593057344843,20.9616771208283,20.1804351626069,19.8687929592763,19.787907733457,19.5713246089572,20.2895242119228,18.445222557726,19.6861655009568,20.1046124235988,19.5609162230426,-0.0820249445884755,-0.458584694608247,0.294534805431296,19.837470364079,-0.438452810859187,-5.50297937995235,0.663108590313983,0.942492860389654,0,0,0.966864224916021,0,-0.0975833438115963,-0.471948409867923,0.27678172224473,19.837470364079,-0.524675989102469,-5.83370304589512,0.602325754320138,0.877101544038078,0,0,0.951733190495035,0
"Q96CT7","CC124_HUMAN","CCDC124","Coiled-coil domain-containing protein 124","=""CCDC124""",NA,NA,17.0104742652432,15.5552369740339,NA,NA,12.8073474824532,NA,NA,NA,NA,16.4605104532835,NA,NA,NA,NA,NA,NA,NA,NA,NA,16.951374926741,NA,NA,NA,NA,NA,NA,NA,NA,17.7143737909334,18.1562331647363,NA,17.7083950472836,14.8044550603593,16.9098213571099,NA,NA,NA,NA,NA,17.9919634229873,17.0308468897517,17.7096838560131,NA,1.54253290250638,-1.04946779944549,4.13453360445826,16.6777474377638,1.27604039385912,-4.5311411366419,0.222646056315764,0.752472233109963,0,0,0.0985540970142739,0,0.278315702258574,-2.21673581590832,2.77336722042546,16.6777474377638,0.239179136095908,-5.04996440917456,0.814422627409434,0.947828051653802,0,0,0.944469870790034,0
"Q96CV9","OPTN_HUMAN","OPTN","Optineurin","=""OPTN""",21.1542174881239,18.5050742554746,NA,20.0664772213434,19.2898165989406,18.9860840224853,18.6267718908624,18.4214246109356,NA,18.9810921159807,20.0439095551966,19.0171172598184,20.7369707729769,20.1931678929978,19.9066723410213,18.4152850330826,NA,18.3181749325646,18.3749375260301,20.2976247490607,19.0562054336075,19.0984671698626,18.3922897752342,19.1262577439644,19.517650627418,19.6935831085557,19.1965296259877,20.9772850999014,18.0218633598354,18.3878409734743,18.8425708244579,17.584242957688,18.8563067734607,19.6116022569482,20.2266704009922,18.7477457472668,NA,20.5731819049413,NA,19.7417110916746,NA,NA,19.2571088005735,NA,18.0304556044753,-0.502362320952344,-1.1076893390009,0.10296469709621,19.2506591228977,-1.67999001017402,-4.36254112498784,0.101154870884754,0.665936233324628,0,0,0.316331805043274,0,0.120923878856193,-0.524592912197546,0.766440669909932,19.2506591228977,0.379213880482927,-5.78444731246354,0.70663762138584,0.919404367468408,0,0,0.95888005825513,0
"Q96CW1","AP2M1_HUMAN","AP2M1","AP-2 complex subunit mu","=""AP2M1""",18.6085792649101,18.9106520785807,18.2179930694058,18.8309340174643,18.6480074676851,18.2207351061822,18.6338973441534,18.3458682884497,18.2667447385145,NA,17.5709024067136,17.4244521215647,17.7097057187064,NA,18.3985244777568,18.4928409316398,NA,18.1796058879338,18.5854696274316,18.3766735289432,19.2282334188583,19.0430287116297,18.0869759819327,NA,17.6918037712711,18.7836144816683,18.3167148099795,18.7037023410939,18.7187733454518,18.1918875080341,18.3919929533166,19.1927613849753,18.8673250006042,18.2119456131105,18.4211295575187,18.8928170878687,18.5239442075457,NA,19.3167081776529,18.1232604600786,18.9926726963047,18.4914449490295,18.31532729727,18.559219083904,17.4415285414609,0.237417812629243,-0.0934358333225684,0.568271458581054,18.4482099364149,1.44916174783421,-4.64581024192107,0.154890923419066,0.720861261794311,0,0,0.642240571484516,0,0.0316514652488813,-0.291633363187045,0.354936293684808,18.4482099364149,0.197718807790235,-5.89905205467909,0.84424112800376,0.959935715069946,0,0,0.99465519933789,0
"Q96CX2","KCD12_HUMAN","KCTD12","BTB/POZ domain-containing protein KCTD12","=""KCTD12""",NA,17.7148640357238,17.2458281529959,17.1376877159341,17.3307961315324,17.1736898027415,18.8545738036824,17.8909227576901,16.8877369356418,NA,NA,17.0704013755133,16.7835739346239,NA,17.8951522309487,NA,NA,17.556047203555,17.3991507702053,17.7036039979452,18.9668544110127,18.9776970073596,16.4530780141952,16.5325933614874,17.3222693905087,17.5959996581711,19.0280245030746,NA,18.0537680088907,17.6321221354084,18.8968696885215,NA,17.2536661689379,18.2032947096086,19.334292477112,18.149266209266,17.2853712899997,17.0515593268397,17.0437933162297,17.4928302381285,18.0576174003521,18.5165623943053,18.1195179556097,17.2535764869203,17.4916885342663,0.344410117247989,-0.20508904553745,0.893909280033428,17.7123335549983,1.26878654692837,-4.81023887292477,0.212226217133623,0.752472233109963,0,0,0.586330891413414,0,0.0858206441229257,-0.430500748817603,0.602142037063454,17.7123335549983,0.336473874936852,-5.84400764137239,0.738362682610476,0.930062422916384,0,0,0.974304759631279,0
"Q96DA6","TIM14_HUMAN","DNAJC19","Mitochondrial import inner membrane translocase subunit TIM14","=""DNAJC19""",18.1046433112849,18.0706239350475,NA,17.427372573618,NA,NA,19.0543810350244,18.0213228767634,18.9517042539607,NA,NA,17.5929230520117,18.1337847162764,NA,18.9174443368991,NA,NA,19.0899484668875,18.9685337440816,17.5653278131881,18.9358545403724,18.2554258449001,19.2190258501854,19.0794558985447,18.8598109082026,18.520492146355,NA,17.3818959032679,17.9486164200869,18.8714673699647,17.9593852078048,NA,18.2787475537378,18.4830891821884,NA,18.3790059966921,17.4622786798962,NA,17.6722317078147,18.5660448994716,18.6046312003186,18.3285975389849,18.1849530485799,NA,NA,0.31623902266314,-0.126979244454901,0.759457289781181,18.3512587100778,1.4532917971639,-4.58133743756659,0.155867633574819,0.720861261794311,0,0,0.555543317593976,0,-0.359687452170938,-0.787546114098125,0.0681712097562487,18.3512587100778,-1.71230046042265,-4.50517637908148,0.0965050726605545,0.54181532730108,-1,0,0.431276135993034,0
"Q96DB5","RMD1_HUMAN","RMDN1","Regulator of microtubule dynamics protein 1","=""RMDN1""",16.41496899387,17.6750630217476,16.9115904768248,18.2252100058384,18.0710745340245,17.8260528730787,18.4921013517889,17.5530140568344,17.4471596471673,18.494777885255,17.7851014196552,18.1922734860503,18.631400107334,17.1117789879681,16.9110480389182,17.6020387142791,16.9776121446761,17.7191506281133,18.6723243450389,17.7976765348356,17.3997287016249,18.29485439809,18.5201438074838,17.694414107754,18.4797353721657,17.6139285223298,17.4255767883348,19.3656368187697,17.7562007474343,17.7510446733087,18.1121755950812,18.3623533285681,17.3539290957411,17.927666373361,18.2171423331239,17.8187165303623,17.2440431958193,17.7834509408489,17.2385732767063,18.3453738422347,17.0428498828368,18.2882231200152,18.955489402585,17.3945666842048,17.5968818889054,0.234393688754405,-0.145194094219459,0.613981471728269,17.8332025929109,1.24292378094545,-4.9194366872695,0.220188660003256,0.752472233109963,0,0,0.701383078150565,0,-0.0925753875896405,-0.469950838470208,0.284800063290927,17.8332025929109,-0.49377910029738,-5.84865000221296,0.623809669498911,0.885234347493014,0,0,0.957253292828099,0
"Q96DC8","ECHD3_HUMAN","ECHDC3","Enoyl-CoA hydratase domain-containing protein 3, mitochondrial","=""ECHDC3""",NA,NA,17.2724881731302,17.7216367699252,NA,17.5742208921532,16.8422850382908,NA,17.693936672291,NA,18.1971841290338,18.9612998710466,17.9129689786536,17.7405316588351,18.5341560938146,17.9042411607762,17.4392537799773,NA,18.2952793377268,NA,17.8440962773042,16.7830034111099,16.7795950214543,17.576014670907,17.8388079660352,18.6354523487078,16.1641521889511,18.5624400088796,17.8460416583679,18.4312575985924,16.4548604839339,17.7940874251348,NA,18.1748050279066,17.3429651574125,NA,18.0113404074772,NA,17.4732694047551,17.2605449594289,18.7461017341259,18.2938018969773,17.9318379968369,NA,18.0153856076683,-0.11378882822483,-0.620701550185742,0.393123893736081,17.7661571708124,-0.45568778809336,-5.38358614035856,0.651425931651996,0.937815919827019,0,0,0.952401172349498,0,0.0604032308741829,-0.430660936347592,0.551467398095957,17.7661571708124,0.249702493856796,-5.83209086272895,0.804275494625593,0.947058108817349,0,0,0.986929536288169,0
"Q96DE0","NUD16_HUMAN","NUDT16","U8 snoRNA-decapping enzyme","=""NUDT16""",NA,15.9640246142435,17.0547014302336,NA,17.18698222151,16.5431739123978,16.0535397783012,16.3904430143859,16.7175495601034,16.1830780597005,16.6972339329468,NA,NA,16.9009829989016,17.0932851058648,16.5915103841581,NA,16.4022170371581,16.9449421536714,16.9836433448384,17.1455194134164,16.6444230311194,16.2852707217942,16.5615328567422,16.5630989195122,16.3544718589731,16.2495064203631,NA,15.8080048619099,16.4601391130211,15.621210514063,16.143917063479,15.7404150630459,16.8876044332549,NA,16.8964585855337,NA,16.4164448372588,16.5237681566616,16.0314019819515,16.5894370568829,15.3940260839469,15.8677809954917,16.1788067487557,16.1467933417143,-0.0901885836831156,-0.404927896564027,0.224550729197796,16.4383064758732,-0.58006982477145,-5.35023832156692,0.5652877842001,0.906259847559247,0,0,0.949855509507125,0,-0.322696991643433,-0.622668084394445,-0.0227258988924203,16.4383064758732,-2.17768575919454,-3.78551767449413,0.0356991045113142,0.37833073328471,-1,0,0.341151175463603,0
"Q96DG6","CMBL_HUMAN","CMBL","Carboxymethylenebutenolidase homolog","=""CMBL""",25.7168190155683,25.1350535354555,25.0833125431588,26.2199115447409,25.3704986247156,26.0283189029911,25.2989453271747,25.3687574784646,25.1368283502552,24.8533593775347,25.2913305402917,25.7906918103037,25.6596992994939,25.7777591215573,25.1763572498433,24.7583053161062,25.2809868944062,25.4265384981264,25.1225584920994,25.6210900701864,25.1112610557445,24.9293024832091,25.2323407755731,25.3699519087382,25.212387334776,24.7395744273583,25.1279796349645,25.6459234019028,25.3027918072184,25.00136131926,24.7527730403959,24.4868581001701,24.9573751399016,25.0622681050177,25.4188526259285,25.2943982452354,25.7302271886905,25.3769986249979,24.7612822136051,24.9119089115719,24.2397860876796,24.4359267097393,24.5811951703746,25.0601905296932,25.0402429788784,-0.276058538546355,-0.526579757168155,-0.0255373199245547,25.1977839958466,-2.21803032143864,-3.5425023462055,0.0315257146241672,0.492623799681105,-1,0,0.385073504512885,0,-0.251471316519297,-0.500532435114519,-0.00241019792407407,25.1977839958466,-2.03232580286668,-4.08007369829167,0.047912489204139,0.413136327364781,-1,0,0.465769135162471,0
"Q96DH6","MSI2H_HUMAN","MSI2","RNA-binding protein Musashi homolog 2","=""MSI2""",20.5189388483662,21.250155049083,20.5709925203094,20.9332290387611,20.3175252516887,19.4597624642913,20.9073331779498,20.9674971376723,20.9858125147915,21.041651710743,21.0512031206705,20.0377921277021,20.6077244454856,20.211161973245,20.3765170520881,20.9278689298789,NA,21.2190509911094,20.8626862067034,20.2400165816844,20.3442861113481,20.5537812556329,20.6332244427139,20.9870117271678,20.6361616346214,20.919841793171,20.1026261122733,21.0608340244576,20.7829039226638,20.3241517644085,21.1069869741677,20.2753084781218,21.1936183328403,20.5456554195777,21.4809999348408,20.9548705096624,20.4423434407378,20.7360550328428,20.876679535185,20.6827796590123,21.0467863112833,20.9621076546029,20.4925478502716,20.6391567256714,20.285436613273,0.080020565895623,-0.195551132585152,0.355592264376398,20.6943880546085,0.5848410526515,-5.42372914658757,0.56157306669558,0.905137078267613,0,0,0.954876813764685,0,0.0943723768576241,-0.179589738170579,0.368334491885827,20.6943880546085,0.693785514071521,-5.72098616893396,0.491379514394786,0.834663611429138,0,0,0.935143572645553,0
"Q96DV4","RM38_HUMAN","MRPL38","39S ribosomal protein L38, mitochondrial","=""MRPL38""",NA,NA,NA,15.93802284305,NA,NA,NA,15.3884489123417,16.2673490539544,NA,16.8501817337167,NA,NA,NA,15.9839699088271,16.787969838432,NA,16.3706282463056,15.7525113108924,NA,NA,NA,15.881392791237,16.1591993977552,16.1533212055961,16.0466975842012,NA,NA,16.1969866303554,16.4482953161918,16.3316166690605,NA,NA,15.6714076842776,NA,NA,NA,16.3006747964915,NA,15.6430401186474,NA,14.5248242150146,15.9761567298567,NA,NA,0.091470067020456,-0.420743441455015,0.603683575495927,16.0336347493103,0.371329219023365,-5.19749179876722,0.714105133780876,0.947417763940137,0,0,0.969669229888796,0,-0.404410189811912,-0.88535077969587,0.0765304000720457,16.0336347493103,-1.74848460518018,-4.33793376551595,0.0949568096918713,0.539320562830778,-1,0,0.38592342647786,0
"Q96EY1","DNJA3_HUMAN","DNAJA3","DnaJ homolog subfamily A member 3, mitochondrial","=""DNAJA3""",15.4714619557711,16.0298754852525,NA,14.2672132793734,NA,NA,17.7796866822023,16.1752421872181,16.2721697687998,NA,16.788699654313,15.4964761214968,15.3604172385216,15.4782632454252,16.3813167893532,16.0859517905528,NA,15.8500183259364,15.1559487020898,16.5039685802746,14.0903478911099,15.6877258430265,17.2467691431063,16.3270946003753,14.3759369758468,17.1317799388564,NA,15.5262318203633,15.7606456084467,16.0839777802261,15.7621666401923,NA,16.0748300682015,15.4849896854743,14.1407328697153,15.7830810680002,16.1752471459985,16.462807408335,16.8726733844426,16.3556153261165,17.3633564014409,15.15603357106,16.713198244518,15.8854398499364,16.0097080954471,-0.0444676368645176,-0.656342615684904,0.567407341955868,15.9359762938636,-0.146992878149663,-5.48456022419232,0.88389410825458,0.962924583781994,0,0,0.994526924872611,0,0.197872764765123,-0.375658185696168,0.771403715226413,15.9359762938636,0.697821104301056,-5.68639716749121,0.489424535556593,0.834663611429138,0,0,0.868154976148224,0
"Q96EY7","PTCD3_HUMAN","PTCD3","Pentatricopeptide repeat domain-containing protein 3, mitochondrial","=""PTCD3""",18.3152795708628,17.2049630903537,17.0508208123195,18.6818402322343,16.488276020072,NA,15.8984976659351,16.1107136951768,15.9729463132132,NA,18.6007522503518,NA,17.9348343252263,17.7729434276458,17.7557803136993,16.3493233591457,NA,16.2230584893462,15.8339470210686,19.0547860810202,NA,16.0592154071715,NA,17.1691948334569,17.0804278320252,17.6247098482683,17.1906811750998,19.1133856487542,NA,16.3751470151132,16.342805054199,NA,16.6681218469604,17.1914539014982,18.0893622889693,NA,16.9115755250493,17.1778504573407,NA,17.1768960309997,NA,NA,NA,NA,17.8352781960609,-0.237647312032664,-0.961963846864373,0.486669222799045,17.2017699267303,-0.66828162739223,-5.28797134532656,0.508739805164647,0.896077533266722,0,0,0.851627146603072,0,0.156639687970085,-0.642754999143836,0.956034375084006,17.2017699267303,0.39911271728035,-5.67530470844143,0.692457921087473,0.915228679438145,0,0,0.94405928949269,0
"Q96EY8","MMAB_HUMAN","MMAB","Corrinoid adenosyltransferase","=""MMAB""",NA,17.465920857049,16.589899254927,NA,17.2205095351522,18.1446495909101,16.3973128435234,16.4475562993062,17.8549877693427,17.2313093582218,17.4514272418753,17.2330510539119,NA,NA,17.6429242927806,18.1344603565077,17.5115907162257,18.0675031354412,17.8828526885231,NA,17.8305991354331,17.6658084929949,16.2497126841713,17.8431565228176,18.6142822028211,17.5284846600662,17.5172469291589,NA,NA,17.7824057356641,16.874886017354,NA,18.3702329998531,NA,NA,18.1959780465982,16.9712707415806,NA,18.4118083182275,18.0468601902845,17.8061746683092,17.7187719765037,17.1684954789499,NA,17.2129745456164,0.474485597453306,0.0529820101175126,0.895989184789099,17.5480334648516,2.28759134129658,-3.42727791000627,0.028497570233593,0.488872265797768,1,0,0.18485388027815,0,-0.0675436171341133,-0.497011068249059,0.361923833980832,17.5480334648516,-0.319602924509099,-5.77355929136364,0.751222628809786,0.932548715587236,0,0,0.980864385835397,0
"Q96FJ2","DYL2_HUMAN","DYNLL2","Dynein light chain 2, cytoplasmic","=""DYNLL2""",21.5537205268086,21.7793184030271,22.8017729620502,22.1621228591205,22.0892195122531,22.2105909934648,21.9653346914826,22.1952559029764,21.7500047314828,21.9749020093034,21.7080465449346,22.3444618955944,21.799680790342,21.7890703499402,22.3009664326693,21.8049738862331,22.5860451902524,22.0343649359464,21.5434429389437,22.1253862579527,22.4526894507881,21.8184539610162,21.9159033665465,21.5243623169705,21.9931149534759,21.6105018945989,21.7813847372423,22.6981276923552,22.1239877255003,22.1401261185296,21.7282597845817,22.140161621017,22.1896001462173,21.7008541874267,22.1864634700258,22.1167808648441,21.7170958414073,21.9066620691345,22.269080169291,21.9880678801829,21.7866998245632,21.5324115560556,21.5505960845947,22.1249682961886,22.1632851609594,-0.0144774245939914,-0.234773277730604,0.205818428542622,21.9928515775176,-0.132280491370327,-5.57978252555761,0.895338856534385,0.96356358514214,0,0,0.998400757118497,0,-0.0701252313241412,-0.28913714538849,0.148886682740208,21.9928515775176,-0.644491770292728,-5.76729338763864,0.522454865418443,0.837978453874493,0,0,0.955494310375439,0
"Q96FQ6","S10AG_HUMAN","S100A16","Protein S100-A16","=""S100A16""",NA,NA,NA,19.2647945371341,NA,18.0387228875135,18.8629940673724,18.2477979655052,17.3665033991247,NA,18.7219264112967,17.9504403287839,NA,NA,NA,19.7904297463189,NA,17.9083353400156,19.7251314333975,NA,NA,18.2588241707002,16.9237081703051,NA,17.6267348717693,18.0501452653424,20.5800915268837,NA,NA,18.8697887860019,19.9370618844622,19.3738324695046,NA,18.4980716206557,19.965804088122,NA,19.238846177735,18.6256265296387,NA,NA,NA,19.5865616688265,18.717724342529,NA,18.689936812044,0.278252835683798,-0.486167404857719,1.04267307622531,18.7527933800393,0.748165764734895,-5.10802571506982,0.461064136189767,0.893916151041062,0,0,0.8061960016806,0,0.490049077550367,-0.221095637138001,1.20119379223874,18.7527933800393,1.41635460792551,-4.83839731586782,0.168523261361043,0.655071957582339,0,0,0.417854780812815,0
"Q96FV2","SCRN2_HUMAN","SCRN2","Secernin-2","=""SCRN2""",21.0504247826559,19.4821840660912,20.4239131983968,20.7384523842671,20.6757968255169,21.4851017537396,20.4661216757014,19.0246426511111,20.8786579262923,20.974940648142,21.1862322131015,21.0904980341494,21.9178165916701,19.6959542207296,21.3579003685105,20.3686666375024,19.7551109427323,20.4940531011435,20.0496181389448,20.2951668677811,20.8290211042803,20.6630528603937,18.4027906388112,21.5151999088314,21.431893831687,21.1600384119379,20.6676527337334,20.8773534217042,19.4005286121881,20.3791956566517,20.3461142191212,19.8984358394796,20.4107150229496,19.9770532294627,21.4931972796148,20.6343454050588,19.7240905396099,19.7127868216258,21.1039733044048,20.8214859143113,20.9352851058734,20.6560915542918,20.6488524795919,19.4940160546608,20.5067678730945,-0.275358482051644,-0.705470138667411,0.154753174564123,20.5133597967011,-1.28862946116323,-4.87039929033217,0.203964813776883,0.740464466813426,0,0,0.645476124188981,0,0.00492451832186447,-0.422680340487669,0.432529377131398,20.5133597967011,0.0231809876800548,-5.9645753877284,0.981606081789856,0.996607897534473,0,0,0.999908579561724,0
"Q96FW1","OTUB1_HUMAN","OTUB1","Ubiquitin thioesterase OTUB1","=""OTUB1""",21.2045446731068,20.285593186263,20.6155656621527,21.6536141246215,20.4452408552144,21.2496437359878,20.8125123723853,20.3101928900342,20.9074514660544,20.212729625905,20.1018634642003,20.87165263581,19.9944082466951,20.6958989157588,20.7083479597933,20.3708486063417,19.9677834160115,20.7119218396604,20.8431597501359,20.2113140967615,20.7505451283183,20.3405442706117,20.7070431671002,20.7778709661047,20.6507228657516,20.2923145307424,20.7803620490168,20.7682354191841,20.5176086053117,20.6895681504483,20.743539392013,20.8250218561557,20.6156214096642,20.6781222848041,21.2718856522861,20.7642309373733,19.8839886742087,20.3595233162252,20.6096715192789,20.3445087464248,20.1131610607591,20.576717619056,20.4655439170476,20.255906988789,20.7085981485772,-0.101382856152963,-0.347575228217093,0.144809515911168,20.5925587599588,-0.828897327007548,-5.28727103485101,0.411439233733061,0.872180373413889,0,0,0.91389691334705,0,-0.0109200892558441,-0.255677590888753,0.233837412377065,20.5925587599588,-0.0898050970582733,-5.96097864922903,0.92883163989857,0.98270698320557,0,0,0.999194118907779,0
"Q96FZ7","CHMP6_HUMAN","CHMP6","Charged multivesicular body protein 6","=""CHMP6""",NA,NA,NA,15.4587387687611,NA,NA,NA,15.0939655052975,14.5872327496516,NA,14.2455373864501,15.4017806644933,14.9463296923124,15.4155535489444,14.6241300627629,NA,NA,14.8412143765408,14.8869502012897,NA,15.6026795788013,NA,14.9492361203097,14.3375175940138,14.2363138038911,14.6776274539131,14.5328213622729,14.5232712254258,14.8336247733632,14.9582285469817,14.1642160876305,NA,14.5249453557036,14.8451647075175,14.3731734362366,15.407226122459,NA,14.3958904905436,NA,14.2902944390115,NA,NA,14.9943227262114,NA,NA,-0.222172645164273,-0.571663023409707,0.127317733081161,14.7832587696589,-1.30209606183787,-4.71537492090706,0.203478288707492,0.740464466813426,0,0,0.7020558005905,0,-0.145664507927394,-0.492842094811069,0.20151307895628,14.7832587696589,-0.859388878923975,-5.40754933365829,0.397413612453522,0.802565618275863,0,0,0.874226346675668,0
"Q96GG9","DCNL1_HUMAN","DCUN1D1","DCN1-like protein 1","=""DCUN1D1""",NA,NA,20.3400573128619,20.0368773861277,NA,NA,NA,19.6406037889459,18.9026581992206,20.1708635235463,19.7770743219089,18.7311016737367,19.5997463977829,19.8295705309614,19.8130759742784,NA,NA,17.4390208082915,18.2930868601414,20.2193958353558,NA,19.0271450925905,17.1612150379263,19.0574767438117,19.4729126276828,19.8372184758261,19.7617164039098,19.4116211896522,19.0773068845512,18.4774734020699,18.055874454607,NA,19.0199798023884,19.6099437479498,19.9709664869686,19.4983960758411,19.8317984551215,19.7470805891674,19.7545614827702,19.6660815747924,20.2136447366555,19.060972992173,18.4552120812393,20.6314935909279,20.1634732014788,-0.776740111809293,-1.35766853909658,-0.195811684522006,19.3821304928683,-2.70905341157677,-2.6797849889322,0.0101565319329085,0.416167334657996,-1,0,0.0282982271852275,-1,0.636440781908348,0.104098224191867,1.16878333962483,19.3821304928683,2.42231867276915,-3.32085522662978,0.0204312477057615,0.342026657891323,1,0,0.0840625883370927,0
"Q96GK7","FAH2A_HUMAN","FAHD2A","Fumarylacetoacetate hydrolase domain-containing protein 2A","=""FAHD2A""",NA,NA,NA,17.0061950516572,17.2817642166302,17.5281573094935,16.8373832302684,17.1141752603455,16.6021355128665,NA,16.7090055581204,17.1968574312436,17.1870595109657,NA,17.6783913861809,16.7767173641592,18.0240931626877,16.9280216411174,16.6385926347189,17.2843063855552,17.6463160639505,17.2416473603802,17.1776930144744,16.028177291515,16.9437940563204,17.607326993601,16.8134937895077,17.8013343220337,17.145108326727,18.0967515368105,16.7471587964535,16.8758346866432,17.1529977808717,16.1539118318249,17.1468479287928,17.67504938034,18.003463425139,NA,NA,17.2910769087346,17.5373337549848,16.6120791247742,NA,16.7890858261454,17.2943624210443,0.0902448582593465,-0.262582200493395,0.443071917012088,17.1506405480292,0.517774052272117,-5.38097895212634,0.607614169742726,0.926074329447113,0,0,0.95603442324943,0,-0.118483411531383,-0.451537890456211,0.214571067393446,17.1506405480292,-0.72014835272858,-5.6667709357735,0.475835530130652,0.834663611429138,0,0,0.915764890842294,0
"Q96GX9","MTNB_HUMAN","APIP","Methylthioribulose-1-phosphate dehydratase","=""APIP""",NA,NA,16.6119707300936,NA,16.0215599126104,16.4648523043909,17.5523930867007,17.3838146282042,17.7746406464548,NA,NA,15.7402426273163,NA,NA,16.2110668145577,17.6747015312454,NA,17.1655796773049,NA,17.4659765327057,15.6925782063865,16.814295622895,17.1384134405748,17.8780471492557,17.343170483567,NA,15.7090848178459,14.8467288683419,16.6418921488894,15.6341485754708,16.7642724523501,15.366063418342,NA,NA,NA,NA,17.3448551518075,15.7854866203439,17.0215537379032,17.2577182215127,NA,15.662008456529,17.2826501719729,NA,15.4075977285043,-0.0898244615346044,-0.776930574236591,0.597281651167383,16.6088746125544,-0.266968257239592,-5.3750046996382,0.791317778149178,0.948679518362231,0,0,0.979195539293206,0,-0.228586742196601,-0.888528228701814,0.431354744308612,16.6088746125544,-0.707350107123202,-5.56118768437865,0.48480055855014,0.834663611429138,0,0,0.847469146643621,0
"Q96HC4","PDLI5_HUMAN","PDLIM5","PDZ and LIM domain protein 5","=""PDLIM5""",26.684112096912,26.7636103669375,26.2809861720043,26.0661517663511,25.2002407979215,25.2290801804734,26.8680109559194,25.9544743626784,26.2411714594104,25.6414587315789,26.0800652888171,24.9858120603864,25.9082116353638,25.9297080195684,24.1932163313159,25.5468734741254,25.1112488319356,26.0788101424091,25.5326791369366,25.3512410441645,26.2381648676118,25.1827373553226,25.832789862541,25.8572929582018,25.2340484701,25.8235128945603,24.5836668321847,26.0459113509612,25.5404427214556,24.5946060710474,25.9649914354015,25.7481701376752,26.082393340909,25.4763149981961,24.9992836232092,26.2885323444432,25.2561658301483,26.0897122007694,25.8787913270793,25.8204289658553,26.358817842408,25.8828176403049,25.5754189149853,25.6161543669162,24.187496686763,-0.344018903899652,-0.714924053508517,0.0268862457092122,25.6845739087613,-1.86693954391997,-4.11450345060475,0.0682851143212374,0.612150491830663,-1,0,0.397178857546383,0,0.178097576100434,-0.190645845963829,0.546840998164698,25.6845739087613,0.972175197396299,-5.51806835787096,0.336043441978767,0.777407816382587,0,0,0.823478326104282,0
"Q96HE7","ERO1A_HUMAN","ERO1A","ERO1-like protein alpha","=""ERO1A""",17.6976204392358,16.8512933738055,NA,17.284792007844,17.1210266611281,17.7610979517152,16.5175166109578,16.7646795423797,15.0459338115469,16.616234812565,16.8519784014118,17.0455907647697,17.2943184875362,15.8662063553763,17.2401384740491,17.7058426299241,17.5439433641209,15.3774280439559,17.042258265469,16.4136430140285,16.5908202115601,17.3607025849883,17.3406661650314,15.8232424509704,17.6360768156283,16.7396213005728,14.8173110524805,14.9282519172678,17.1431022152259,17.9060875997834,16.7912370325225,15.7453209070126,17.2660482886909,16.8909837774385,15.8608235110404,17.8159671102936,16.312836269255,17.3174703389012,NA,16.522057522873,16.6484079804657,15.2742252756435,16.2130162051661,NA,16.9754104212132,-0.165484440854637,-0.711017796046724,0.380048914337449,16.7133626182344,-0.61173525148652,-5.40958816125136,0.543930925708777,0.899122088181203,0,0,0.904141920233345,0,-0.143707929519138,-0.696270008969586,0.40885414993131,16.7133626182344,-0.524478035491069,-5.80131298010388,0.602637011354982,0.877101544038078,0,0,0.929805850475497,0
"Q96HN2","SAHH3_HUMAN","AHCYL2","Adenosylhomocysteinase 3","=""AHCYL2""",NA,17.3946419294662,NA,17.1292115794906,17.9648162548298,17.9209204358829,17.816867077652,16.9404309678731,17.9096611995888,NA,16.9388067841463,17.3288156888301,16.2927373633905,16.8041560708352,16.4599714324985,16.9078961992532,NA,17.7715011484624,17.7500445621209,17.4702124133327,17.9163149610632,17.6697989358652,16.9302040758456,16.8996303249689,16.9105778836863,17.3185106483195,17.0847868938361,17.1906861143208,16.7349653581771,16.4346420611226,16.5169309662311,17.5503822503743,17.2293933309711,16.5475435013361,16.5844813258758,17.7723944277144,16.8395880494708,17.2958787473477,NA,16.5774052463341,NA,16.6725291935527,17.0852760640494,17.8265447391374,NA,-0.00446730564744868,-0.363507090972572,0.354572479677674,17.1681356896646,-0.0251662223300664,-5.52646168023425,0.980050575779792,0.99364049692513,0,0,0.999909982925773,0,-0.197248134862665,-0.554167649311464,0.159671379586133,17.1681356896646,-1.11778312548397,-5.31518024344338,0.270491024368831,0.747796548567826,0,0,0.772668505515565,0
"Q96HY7","DHTK1_HUMAN","DHTKD1","Probable 2-oxoglutarate dehydrogenase E1 component DHKTD1, mitochondrial","=""DHTKD1""",NA,NA,NA,NA,NA,NA,NA,NA,17.2317237436521,NA,18.1399778076667,NA,17.7356963162764,17.1603336474686,NA,NA,NA,17.2126161504051,NA,18.1209743658359,16.6473439283249,NA,16.05807694629,17.4180697875224,18.4379527452806,18.0812036775241,17.1545355418786,NA,NA,17.5867044355161,16.8344608339249,NA,NA,NA,NA,NA,NA,NA,NA,17.7621636647287,16.5347668944447,17.3593923222568,NA,NA,NA,-0.160784837453573,-0.868025948798737,0.546456273891591,17.3809407534704,-0.477547704861238,-5.11021792659889,0.638706666914007,0.936572189071119,0,0,0.930455109670926,0,-0.370565453220113,-1.07274154849903,0.3316106420588,17.3809407534704,-1.1085570738448,-4.99299228227717,0.282181420164907,0.747796548567826,0,0,0.625726881731515,0
"Q96I23","PREY_HUMAN","PYURF","Protein preY, mitochondrial","=""PYURF""",22.1047909613641,19.9478344004615,20.6739267713317,22.3237974701265,20.0508627398066,19.3595624107552,20.586130416162,19.6195676317637,20.3517160542936,19.7003785263586,21.821279691908,19.3088872291114,22.4137633665524,21.3881928164487,21.2528757492388,19.8502081147372,NA,19.6580117161576,19.3137393011104,22.3562372967046,20.0937647753078,19.9239910304153,17.0646857709209,21.0391661818275,22.0809355187276,22.0740771365795,22.6644076878509,23.8358231225244,18.9374837980166,19.1485133196634,19.043775735618,NA,20.0514689629799,21.1104036868499,22.0454558679157,19.3965899737792,19.9195096153862,21.5089965638385,19.6712667622629,21.9192808423665,19.9045480644563,18.8831540369154,19.5290244928729,20.5037300016561,20.5599032796675,-0.154113218972828,-1.07640093063385,0.76817449268819,20.5346911370417,-0.33675675242975,-5.52310132860114,0.737899779310732,0.947417763940137,0,0,0.954237877384715,0,-0.285281205998466,-1.21730093759409,0.64673852559716,20.5346911370417,-0.616866091541986,-5.75328853498317,0.540499109555657,0.84847613718659,0,0,0.839018294262067,0
"Q96I99","SUCB2_HUMAN","SUCLG2","Succinate--CoA ligase [GDP-forming] subunit beta, mitochondrial","=""SUCLG2""",20.2126427475327,19.9687227190628,20.8505867800903,19.2540433666704,20.5174441379635,20.3784694057436,20.5727468383965,20.2454988271262,19.9763746861707,21.1362013796083,20.4915118099942,20.4084331255305,20.2941012560255,19.8053935602375,21.1642422201839,21.1791188753061,20.1623268983611,20.6985429782921,20.4909441283528,19.7003540673821,21.0626132419777,20.2818708158476,20.2356353964189,19.5847803630277,20.9150259224479,20.8035437589379,20.241037853299,20.5750407266103,20.4911849802195,21.4446438836953,20.3358765728776,19.7888064688187,20.4734272639965,19.7378106491,18.6298832241355,20.4281774068046,20.2468770746961,19.6147639587997,20.0147537619379,20.9085023408764,20.9788265843765,20.2835771023102,21.1177049050441,20.5968784358809,20.9192694546154,0.178376890126938,-0.169977857305067,0.526731637558942,20.3826269323285,1.03068905545176,-5.1254183356091,0.308070853207345,0.816672111158051,0,0,0.81056358006056,0,-0.252768579060369,-0.59909302830533,0.0935558701845914,20.3826269323285,-1.46909792308158,-4.95845765652755,0.148606399571304,0.639243401330531,0,0,0.617613952330443,0
"Q96IU4","ABHEB_HUMAN","ABHD14B","Protein ABHD14B","=""ABHD14B""",20.5572331339467,21.5576335935236,21.5492394501549,20.636624634463,22.0312601041637,22.1176121533038,22.0344343372254,21.2800294561812,21.4225577616522,21.3285802092265,21.4127271075605,21.3948914778498,21.1372877616891,21.6921498984774,21.4975968644768,21.2775704309388,20.624723823111,21.5089579460218,21.2301008936354,21.3981431762866,21.875381541227,21.9387687063497,21.3874184337441,21.415908594329,21.8211586649032,21.4857516143724,21.3032697023947,21.3047385087304,21.6236848196876,21.7155025309609,20.8630874230042,21.4776623571758,21.4903919094476,21.0800937283141,20.9882192509064,21.7825843845418,21.1852487091959,21.4623452373962,21.6368308098251,21.6105709242507,21.5183315831034,21.150339470826,21.3284305558485,21.5295889457774,22.0052576002912,0.0222539727938056,-0.220403716979574,0.264911662567185,21.4371093382331,0.184596857770347,-5.57248197789272,0.85435597216834,0.95848719206779,0,0,0.996503189407929,0,-0.0534730997858617,-0.294716520136329,0.187770320564606,21.4371093382331,-0.446160063347506,-5.86992930367623,0.657572942636744,0.905507449629859,0,0,0.97783346849069,0
"Q96IV0","NGLY1_HUMAN","NGLY1","Peptide-N(4)-(N-acetyl-beta-glucosaminyl)asparagine amidase","=""NGLY1""",NA,NA,NA,16.8141480614712,18.3171110076433,18.5196039700357,NA,NA,17.6903069246136,NA,NA,17.8713392233733,NA,NA,NA,NA,17.0430308809952,16.3886867997719,17.9425177751285,NA,16.8721891673564,18.4086031533247,NA,NA,17.3178257262264,NA,18.18809320009,NA,17.9140509833809,17.2646152222511,18.4721401219898,NA,NA,17.7797195206867,NA,16.7544446990883,NA,NA,NA,NA,NA,NA,NA,NA,NA,-0.340776310347948,-1.05483096096269,0.373278340266794,17.6210839080839,-1.00248322361977,-4.87521871689319,0.329367494303863,0.826372714395847,0,0,0.684915541203915,0,0.177038504029603,-0.675810568545865,1.02988757660507,17.6210839080839,0.436048421599542,-5.34904795029061,0.66797465454744,0.909001377099351,0,0,0.931055928299768,0
"Q96IX5","ATPMD_HUMAN","ATP5MD","ATP synthase membrane subunit DAPIT, mitochondrial","=""ATP5MD""",24.1510704201595,24.5233695320738,24.9391594795385,24.0125144083954,24.7500900293121,24.5792287121721,24.5763926570208,24.1516447603162,24.4036451854498,24.8659229878455,24.9215044202381,25.1936534695575,24.7145503414561,24.2844959280498,25.1089674586836,24.5059484882787,25.2623633918209,24.6808336845951,24.4275528937722,24.7027481910539,24.3804490423804,24.8187640354555,24.4459565525345,24.7097436404821,24.9393800984891,25.21712205126,24.6987407524805,23.2674617069243,24.6791582703661,25.0200646450226,24.3284979428076,24.6027761172336,24.5815809512804,24.5324799237563,23.4697175230303,24.5418046032699,24.8918399925185,24.2048537114959,24.8837262020511,24.8533135550549,24.8872855066019,24.6859777344734,24.839255894055,24.6949095427319,24.8640975689032,0.0331970666931767,-0.238783675654509,0.305177809040862,24.6176580889877,0.245681449692414,-5.56091345147141,0.807020747450284,0.948679518362231,0,0,0.992907623440885,0,-0.0596113783767898,-0.330006949251515,0.210784192497936,24.6176580889877,-0.443752078677077,-5.87094862784072,0.659300386690779,0.905642891783062,0,0,0.975473123189178,0
"Q96JJ7","TMX3_HUMAN","TMX3","Protein disulfide-isomerase TMX3","=""TMX3""",NA,18.9790474616065,19.5677005404647,18.8005235587945,NA,19.2692913057628,NA,18.3393003956664,19.4883269111417,NA,18.6796451441408,19.2240005847602,18.0524611909946,NA,18.5902593794806,19.3196409573407,NA,19.5767073116105,19.8296805046658,NA,19.5943115419243,18.6591842782801,19.5261833701792,18.9721826526055,18.6600611262387,18.5954143698821,19.1113715694094,NA,19.0111821960266,19.1557151470563,19.7188152905345,20.586316176525,NA,19.2485526910949,19.4872192028414,18.7979385498525,19.3768020892481,18.720345754069,NA,18.8942269663702,NA,19.3754865470159,19.1731522444738,NA,19.1596514015618,0.289950202337021,-0.0825634292699625,0.662463833944005,19.1375969215642,1.58175032083089,-4.44284188088438,0.122954673741701,0.687402872621279,0,0,0.544592167238538,0,0.154054230571813,-0.207048831125813,0.515157292269438,19.1375969215642,0.8669601656726,-5.49423788720955,0.392034072184912,0.802565618275863,0,0,0.865664908854592,0
"Q96K17","BT3L4_HUMAN","BTF3L4","Transcription factor BTF3 homolog 4","=""BTF3L4""",18.327667558305,19.4748476679381,19.8772085053741,19.930266176535,19.5479770751554,18.656937772023,19.6050564101091,19.3050751947208,19.4957262636199,19.82572148241,19.5538051046632,18.5463699786961,19.1558044872782,20.0658618902583,19.4257199344835,19.1089924988889,19.0728422395916,19.918036706359,19.6642592047328,19.7281883223433,19.1166636522204,19.1642847424348,19.3960230796099,19.3720604275714,19.2025301727863,19.6035856695997,19.7709342922171,19.4900411055167,19.8414930107585,19.5911663470111,19.9742037764158,19.8716165123031,19.6533322671518,19.2090061522065,19.9771553538789,19.3085275442178,19.3598349338975,19.7788639334396,19.6317734934326,19.4772258051752,19.7131148470251,19.8321320934931,19.3908757080072,19.3089564671326,17.9199373435453,0.0906390963243027,-0.216876433006262,0.398154625654867,19.4498156267674,0.593279476117531,-5.43305884022849,0.555897547311419,0.905137078267613,0,0,0.948170753498929,0,0.0243636506453839,-0.281359601627697,0.330086902918465,19.4498156267674,0.160407511887236,-5.95254035296868,0.873261806374571,0.972169980453381,0,0,0.996703685913318,0
"Q96K76","UBP47_HUMAN","USP47","Ubiquitin carboxyl-terminal hydrolase 47","=""USP47""",NA,15.1751018902073,NA,15.9248803243508,16.4415635125704,15.3026552203419,16.238038549358,16.4892277236476,16.4659229437383,NA,16.6608147542441,15.8501672509089,15.6753088512131,16.7241760623196,15.4575922552518,15.986627365641,NA,16.4200338250988,16.129233438853,16.4918543151458,15.6464872083539,16.4289039247777,16.2455314077895,16.3670653632806,16.4379490346414,16.4413269627339,15.8201781108097,16.1768433321777,16.5139827583979,15.8812765001454,16.2518004398691,NA,16.1090065553768,16.0695067664313,15.9921137978591,15.4577297256929,16.1038571011238,15.6256252305658,NA,16.397925852421,16.6231032288013,15.7509807503737,16.1946712602132,16.4545430356113,15.9511824795586,0.15684833331726,-0.113814446165618,0.427511112800138,16.1121740797409,1.17117023734784,-4.94412624163209,0.248452911005347,0.778622676472954,0,0,0.8037945244178,0,-0.131454968277012,-0.395202245464006,0.132292308909982,16.1121740797409,-1.00729731476958,-5.44029849210033,0.319840587015425,0.76802227033957,0,0,0.860837264293954,0
"Q96KP4","CNDP2_HUMAN","CNDP2","Cytosolic non-specific dipeptidase","=""CNDP2""",22.4517678564623,21.3039958148547,21.5647197895233,22.0161196166159,21.9451868833513,21.9528226618919,21.5957864425993,21.0152118006322,21.2399135548452,21.424051633604,20.8903146988872,21.3726322548994,21.9556237362075,20.8186423003096,21.894557558795,21.7320424980967,21.5435981790504,20.9061227111371,21.4778146876379,20.2082412168938,21.8632335939763,21.8514533151075,20.9266624037731,21.3666882013283,21.5630442812611,21.3569865509546,22.7394228969551,20.3757464594071,20.7792277660777,21.7386593495434,21.9667064097445,21.9586293171989,21.34891217635,20.4792005243154,22.05336388177,21.4746822461351,21.2206683207521,20.3753194623087,21.1896173998608,21.2804506389917,21.1949626124517,21.5073564432998,21.4224402199744,20.8272655956977,21.3978689620473,-0.204650910877401,-0.56038028964418,0.151078467889378,21.4126163316795,-1.15798986403616,-5.0061915475181,0.252840010783899,0.782013090941701,0,0,0.75473040983251,0,-0.048766660020128,-0.402422759412611,0.304889439372355,21.4126163316795,-0.27755730983742,-5.92805193338587,0.782594741378368,0.942584418301806,0,0,0.988116500090871,0
"Q96L96","ALPK3_HUMAN","ALPK3","Alpha-protein kinase 3","=""ALPK3""",NA,20.0925388357147,NA,21.5225855154221,NA,NA,20.4253063241613,18.9251994116253,20.6289341767663,NA,18.9639539083586,19.7365400400378,21.3041657049604,NA,19.8459597149216,18.7776779428595,20.8528288497935,19.7421846829769,20.9873856681846,NA,19.9229378814254,19.1704570619359,21.5227264156846,20.7516807787995,NA,20.9436415421523,19.8365155543522,21.2893978062581,NA,19.7625977148282,21.1865698892354,21.6081922902645,NA,20.3145058190137,21.4496016435887,NA,20.1986280651626,NA,NA,NA,NA,NA,NA,NA,NA,0.215218922277952,-0.457847858531636,0.88828570308754,20.3754889707109,0.656043985987203,-5.2519439660233,0.517339656157524,0.896077533266722,0,0,0.867759006073552,0,0.65303641661486,-0.157135691864964,1.46320852509468,20.3754889707109,1.65375349654308,-4.45233035511322,0.10974177424362,0.582172853494171,0,0,0.236226140697364,0
"Q96MF2","STAC3_HUMAN","STAC3","SH3 and cysteine-rich domain-containing protein 3","=""STAC3""",NA,21.5793228359995,22.2579265550218,22.2090220845752,22.0727032251483,20.7852246149003,21.2447286009975,21.784829027717,22.0241062532434,20.8159975532966,21.8707530694025,21.5881793435376,NA,22.4644483169535,21.5103446408244,20.7963779087419,NA,22.2064742527868,21.9225318061884,21.4856464203675,22.1882129908407,21.3112775744939,21.4520493137012,21.724722263299,21.4351923520175,21.2246889395332,NA,22.8045231799264,21.8891051654374,21.3917247398171,21.2217247172905,NA,22.010862437274,20.7955761317043,21.9948930558281,21.0753804728913,21.273016826199,21.526113133469,21.2516046129186,21.8399550210495,21.6505695007727,21.2872176975041,21.5702805147725,21.3244423387532,20.6212927604997,-0.0378747586561516,-0.387178946910599,0.311429429598296,21.5870760562424,-0.218970479010391,-5.50839441676509,0.827758382057871,0.951343256582596,0,0,0.992865952764685,0,-0.287456035640798,-0.628905017360788,0.0539929460791923,21.5870760562424,-1.70014161244572,-4.59127338055015,0.0966719474227612,0.54181532730108,-1,0,0.510879522162729,0
"Q96MF6","CQ10A_HUMAN","COQ10A","Coenzyme Q-binding protein COQ10 homolog A, mitochondrial","=""COQ10A""",23.3712367537705,22.0599830935463,21.9503427382231,22.5361913790169,22.1658230420453,21.351445711039,21.5539793838038,21.4125066127073,21.439462994383,22.044034382774,22.5705704649121,21.2957973874488,23.0564034633385,21.623858634183,22.4515862883433,22.6013379291626,21.1983639746588,21.2481137203805,21.6810023354636,22.7414028358222,21.4660198548752,22.2274244238662,20.6292951514892,22.1170824892317,22.7808479095097,22.7494851881089,20.39514322857,23.2000638119507,21.541264785979,22.4064177260282,21.5357847623279,NA,21.642797580008,21.9594825819144,21.658306092677,21.0735908097446,22.1627832992745,22.2001193299592,21.1407687968926,22.6493808080482,21.8165899774499,21.0850311000823,21.9193929606878,22.0327479869364,22.3402577986382,-0.140256768319301,-0.559947817591754,0.279434280953153,21.9337163995289,-0.673077333723003,-5.38889719274505,0.504337124424411,0.896077533266722,0,0,0.908457468130301,0,-0.139761243395405,-0.563997605430953,0.284475118640142,21.9337163995289,-0.663513419115301,-5.74037514416173,0.510383812678024,0.834663611429138,0,0,0.910280640469766,0
"Q96MG2","JSPR1_HUMAN","JSRP1","Junctional sarcoplasmic reticulum protein 1","=""JSRP1""",21.494389384029,20.9823801218089,21.0117473527401,21.9572727832381,21.4637878770782,21.9735589152196,20.7441152936968,20.6395039265112,21.7206320961664,22.071645545756,21.1980224419173,21.1909331718834,21.628825291199,20.9275795173225,20.5688037739461,20.2797511702828,21.5055540112294,20.9853554833852,21.9969231147549,20.4062837202298,21.596235123063,21.3918580782091,22.063170871618,22.0070199999813,21.6969662284455,21.2746025843502,20.3517686096077,21.0017385951781,21.281212407121,20.780466176252,20.8307568398011,21.0270568776152,20.6739270761049,21.5137604704153,21.991215553712,21.5374040836409,21.0069929935047,20.6394051023181,21.9875130115445,21.3588255518086,21.1047407371949,20.7897560581432,20.6487565397313,20.3304066451791,20.2637746448513,-0.0719921274182163,-0.419493770728955,0.275509515892523,21.1976976855952,-0.417002784286063,-5.51102886232178,0.678614359124323,0.942492860389654,0,0,0.972474416281331,0,-0.19430759920953,-0.539783916436414,0.151168718017354,21.1976976855952,-1.13209354568789,-5.36130597174884,0.263456949732307,0.741757591163142,0,0,0.771683980313948,0
"Q96MW1","CCD43_HUMAN","CCDC43","Coiled-coil domain-containing protein 43","=""CCDC43""",NA,NA,16.091625023955,NA,NA,NA,16.647048778294,16.3978204753295,17.108596984754,NA,15.5311741448435,15.5454850822901,NA,NA,15.3604806978064,16.055563298167,NA,16.366981517778,15.7365115383654,NA,15.905904680859,15.998990783093,14.1699771330019,15.4031610273144,NA,16.2111583864518,NA,NA,15.2513375122111,15.4994457975117,NA,NA,16.3469381131534,15.2775792879621,15.9307657195887,NA,NA,NA,NA,NA,NA,NA,15.1668011568644,15.3261983876434,NA,-0.442285403222471,-0.999010284135119,0.114439477690177,15.7877066148744,-1.64326579111408,-4.32280424772958,0.113906207506913,0.679806474125127,0,0,0.382582131985542,0,-0.0538778959764219,-0.670786162088338,0.563030370135494,15.7877066148744,-0.18064913101196,-5.58407417064913,0.85822253737021,0.96254478959715,0,0,0.991796344208522,0
"Q96NY7","CLIC6_HUMAN","CLIC6","Chloride intracellular channel protein 6","=""CLIC6""",NA,17.5396033436571,18.9070525354632,17.9645472246573,17.9901459320551,18.4127061329138,17.3847489457911,17.992238862393,19.0842835465922,18.1861978623734,NA,17.7494882255802,17.896397380358,17.344682832266,17.781228691908,18.2306251009632,18.6171247842291,18.2377167652678,17.4343269621147,17.2159580038207,18.7822764846163,18.6081009125107,18.1165293972559,18.7310695244285,18.154069114518,16.6164833315362,15.3443752928703,19.1225311489227,18.1371919033303,17.9127530650621,17.5021650287822,18.6526576914485,18.1149673304888,16.5100737382617,16.5421721055034,18.5934839489971,17.7577807435686,NA,18.4666376871409,17.4698922374766,17.9684371507958,17.1627682492017,17.9046203124458,18.1047876430752,NA,-0.0706646872947871,-0.571506889492802,0.430177514903228,17.9084121262108,-0.284726387020618,-5.5217492250361,0.777251661794743,0.948679518362231,0,0,0.98235073374952,0,-0.203262554048482,-0.701175596321846,0.294650488224882,17.9084121262108,-0.823815707496335,-5.6111899548485,0.414693515155973,0.813290868361498,0,0,0.836177087930951,0
"Q96PE7","MCEE_HUMAN","MCEE","Methylmalonyl-CoA epimerase, mitochondrial","=""MCEE""",NA,NA,NA,18.9885211773462,18.7783006452463,19.214535140108,18.9253950170987,NA,19.1240644438581,NA,19.2737030397572,19.7210741921134,19.8930609095349,NA,19.8912466114244,NA,18.6787061303463,18.9619778104985,19.3103774575284,19.4437475859842,18.8829689807375,18.6906721441045,17.9748515091477,19.1987862811723,19.3779043956591,NA,19.0929068750074,19.8420451013633,18.2091617878384,20.548646537243,18.5965614392418,18.737800038408,19.5893180327658,18.8056181065384,19.4043979828188,NA,19.6084866568895,18.5444919361322,18.4471168345619,19.1085352806218,18.8501204460655,18.3960951204028,19.276796412979,18.5176637002676,19.404401698124,-0.184941753394195,-0.587759840619006,0.217876333830615,19.091946040526,-0.930230277857261,-5.08881777785661,0.358275115862206,0.838764416179628,0,0,0.827096236568738,0,-0.1406526047322,-0.497455112513868,0.216149903049469,19.091946040526,-0.79870121366863,-5.61571848239302,0.42955530535832,0.818961220366565,0,0,0.887939096665295,0
"Q96PU8","QKI_HUMAN","QKI","Protein quaking","=""QKI""",NA,17.378474266832,17.4373735430705,17.4840021902957,17.5865473208788,17.4835565965256,NA,17.6086824656402,17.2108965261095,17.5813097897107,16.8398329718682,17.8648396188843,17.0920708115968,17.3141128469458,16.9957889343505,17.2806017772586,17.9750724765026,16.9750788874041,17.598177739402,16.6194774135453,17.4709370474692,17.3152988172831,17.4905258190471,NA,16.8085267441446,17.4251496800384,NA,16.9822647859946,17.829705631321,17.2652412558623,18.1460445852599,18.1714814602761,16.2367100850873,17.9996010965755,17.393041057754,17.5370445147082,17.1217737804058,17.2945333118986,17.4873653649203,17.279142573939,17.2318619199443,17.9949121203288,17.8354726259772,NA,17.972522844894,-0.0576690978148946,-0.358127937786828,0.242789742157039,17.4153763324988,-0.387612396784711,-5.46356200646442,0.700305943343279,0.947110987403691,0,0,0.979665665899764,0,0.236251172598962,-0.0572614872903674,0.529763832488291,17.4153763324988,1.62549868272063,-4.70128027845224,0.111712101840064,0.586851679534715,0,0,0.595816548699127,0
"Q96Q06","PLIN4_HUMAN","PLIN4","Perilipin-4","=""PLIN4""",21.4027477882906,21.2440608111712,21.3422214262224,20.6373299805339,21.5048841113571,21.8964185484251,21.1919838597492,21.4135297237499,21.7455625402468,21.0411206522045,21.070429217765,21.6354589797376,21.7669158355969,21.74860487538,21.4078871378204,21.4649120665152,21.5748535435218,21.3186802524179,21.0132005770453,21.0219639938866,21.4905064754972,21.5417672850765,21.6740700995675,21.592308165736,21.1454688880635,21.1227990787505,20.3186671026473,21.9000195204897,21.8596276126093,21.3484506679845,21.0333850428306,19.873082392148,21.2127869071041,20.5092370039724,20.0556901593503,21.3655935612437,20.894709152909,21.0824969499397,21.0846467375738,21.1886067120761,20.6579538882901,20.0380904139686,21.5712090372605,21.4425545228102,20.8440326477411,-0.049190556034862,-0.324598180939398,0.226217068869674,21.2064561321617,-0.359514641251546,-5.53062673719628,0.720853883352299,0.947417763940137,0,0,0.984027933348303,0,-0.502214680039351,-0.776017160746302,-0.228412199332401,21.2064561321617,-3.69200971024925,-0.310917688449223,0.000587984686903157,0.0796719250753777,-1,-1,0.0238521859967802,-1
"Q96QK1","VPS35_HUMAN","VPS35","Vacuolar protein sorting-associated protein 35","=""VPS35""",16.9573300723651,17.5936639595033,17.5570873642267,18.1146242454711,17.4960309636919,17.4131694102897,17.4075083309231,17.5324276580951,17.9108492767898,17.0349608564166,17.238688868242,17.8276497523109,17.5573497479174,17.0880442712706,17.6114839197905,17.0262725272756,17.2940315743205,17.6384295412367,17.6046327680238,17.6686688097787,17.8918412763357,17.5978062130181,18.113695373195,18.141279429167,17.5992889163614,17.5643669796712,18.2242799996218,17.286794244053,17.4310713409148,17.945495597777,17.5112621193981,17.7906847055103,17.7617335620452,17.9883827770286,18.3300564789195,17.3275112441714,17.8142881693396,17.1377499408546,17.3689495156998,17.4678661744236,17.3596650196353,17.6664238165334,17.8624359665618,17.37818072489,17.643773871557,0.176845102846066,-0.0468070226936893,0.400497228385821,17.5950619416583,1.59158859313044,-4.50490972538611,0.11832074707874,0.679806474125127,0,0,0.68560718475021,0,-0.0412660336121284,-0.263614658888548,0.181082591664291,17.5950619416583,-0.373567502449275,-5.89825366581325,0.710440803605308,0.919870186920418,0,0,0.985991441411175,0
"Q96RP9","EFGM_HUMAN","GFM1","Elongation factor G, mitochondrial","=""GFM1""",17.1020050074155,16.4545830929949,18.2225342332025,18.2330840105611,NA,17.4785475886956,17.9318377565677,17.295657853254,18.0833574042013,18.4149906011358,18.3810498019248,18.5886846564216,18.4259173138467,17.7820073226996,18.2952165586195,17.7439041753255,NA,18.3232002993566,18.3319190044356,18.1408269767808,18.5165313233515,16.3227120690787,18.7286971141571,18.1875782178826,18.4618106458871,18.3943082516722,16.9715195886671,17.2160587925891,18.4469090356747,18.9784351170887,18.1434991123466,NA,18.2916287845357,17.6057497484368,NA,18.9205782860618,18.0572687957862,17.8826830933852,18.3595982904782,17.5082767007657,18.2108070730534,17.6150283963648,18.3812482333991,18.15645099575,18.2293988218152,0.147825432078104,-0.272150468812173,0.567801332968382,18.0199048816016,0.710314988595602,-5.33963205075088,0.481430714416091,0.896077533266722,0,0,0.89757432454844,0,0.050266908719653,-0.37495216447874,0.475485981918046,18.0199048816016,0.23855890561925,-5.8896430313503,0.812606671108985,0.947477443017977,0,0,0.989623422023585,0
"Q96RQ3","MCCA_HUMAN","MCCC1","Methylcrotonoyl-CoA carboxylase subunit alpha, mitochondrial","=""MCCC1""",20.5433798992333,NA,18.7981525782512,19.7088709194609,18.6319745489637,19.3669124800895,19.4322965427543,18.3594282724719,19.2302852952968,NA,19.197994275315,19.8207550692769,20.3925710956521,19.1969178196796,19.8915406014041,19.4619360366791,NA,18.8768878319543,18.4516230915999,18.6091083920401,18.3705046998139,18.7526895285956,18.0554428791736,19.5379256853584,18.7951816012129,18.818038525695,19.2205885172888,19.353408373197,18.4518398721424,18.4399297045345,18.7767803247973,18.0800494871436,18.8371607907229,19.4718465987005,19.5012602245298,NA,NA,19.5145007874426,18.512395802405,19.3066961158544,NA,18.1604512466938,18.4354382481278,18.3253310903785,19.3253212142475,-0.633140933028749,-1.02917537008051,-0.237106495976991,19.0259850273892,-3.23099359251845,-1.5769188018856,0.00246848029523671,0.407818511469657,-1,0,0.0223378044663799,-1,0.0551550073602805,-0.346503272263379,0.45681328698394,19.0259850273892,0.277521656748443,-5.86169450670848,0.782807457813416,0.942584418301806,0,0,0.986585068275013,0
"Q96S19","MTL26_HUMAN","METTL26","Methyltransferase-like 26","=""METTL26""",NA,16.0398293463488,16.7960644840995,16.6960678676991,15.7195817448712,17.2974463135063,16.1154690339298,17.292122039869,17.663801203015,16.9960341230864,17.2185062956982,16.4651009600969,NA,17.5349411762385,16.9863087622193,NA,NA,17.1279574731417,17.2485639813448,14.5799036677342,17.6475868707051,NA,16.8685923043056,17.2532029881335,16.9748870962243,16.9122537994741,16.287720536373,16.9464393787111,17.3392248366602,17.1702395061389,NA,NA,16.6007397818153,16.7354337060158,NA,17.3152705442989,16.5104574323235,17.0873461679535,17.426548881397,17.168451401992,17.1386424807984,16.5516216366169,17.2839308407957,17.4366891961241,16.6397914702438,0.000685412990449663,-0.409249478759878,0.410620304740778,16.8938586305405,0.00338467634192654,-5.510823217352,0.997317111865136,0.998977310989304,0,0,0.999998158644132,0,0.0902322803457949,-0.324944844415748,0.505409405107338,16.8938586305405,0.439954957328924,-5.7727920252462,0.662459328719293,0.90800964348302,0,0,0.963524558731675,0
"Q96S66","CLCC1_HUMAN","CLCC1","Chloride channel CLIC-like protein 1","=""CLCC1""",NA,16.5256772036974,NA,NA,15.198355935865,16.0544497267346,15.8974250602494,15.8841255322968,16.82658174634,NA,NA,15.8996869163578,NA,NA,NA,16.6239259960824,NA,15.2900411453496,16.4483072162653,NA,15.8260718186847,15.1534397733023,15.3430614499299,NA,NA,15.783592717091,NA,15.1877007770237,15.9175271909028,16.1689865799366,15.1716227756504,NA,15.7086604692115,NA,NA,NA,NA,NA,NA,NA,15.6129134858503,16.2535663488481,16.0065828910964,15.5381006921887,NA,-0.249720126722409,-0.708592337493471,0.209152084048654,15.8400175412589,-1.12308061034694,-4.84895775936356,0.272494005503885,0.794236235660287,0,0,0.722765254765889,0,-0.0626869459540753,-0.540260140190978,0.414886248282828,15.8400175412589,-0.270885843946871,-5.6187343130949,0.788791055596307,0.942584418301806,0,0,0.985237335508391,0
"Q99426","TBCB_HUMAN","TBCB","Tubulin-folding cofactor B","=""TBCB""",16.5769283632243,NA,NA,17.7380417555539,17.5402182222405,17.9832379909299,17.428994851507,17.0166700734348,16.5255677268829,NA,16.6250574695409,18.1894294351655,16.7919743113501,NA,17.2136600517165,NA,NA,17.3332718877527,17.53457074145,17.4970254067891,16.9002538000258,17.2570685766157,17.8977890151857,17.1753679042703,17.0375311358869,NA,17.540354919587,17.1344622578234,17.2072781261023,17.4107503841508,17.0829931500183,16.8418721470375,16.911451798672,16.4843377109441,17.6627564396279,NA,17.3405906665045,17.0486704270486,16.1736386023558,16.9951713082396,17.1281882602521,17.3578699514564,17.186974455139,16.9830921590756,17.4502551653523,0.0819455298508416,-0.242895922791899,0.406786982493582,17.1946855851057,0.510661978276095,-5.36846733221712,0.612538625506061,0.931559875931908,0,0,0.960630873465169,0,-0.258923008098375,-0.564031094656032,0.0461850784592826,17.1946855851057,-1.71789503764231,-4.55132786646291,0.0939468796744294,0.537339073041768,-1,0,0.54207029757019,0
"Q99436","PSB7_HUMAN","PSMB7","Proteasome subunit beta type-7","=""PSMB7""",21.876436720613,21.0731059402103,21.8343877484316,21.6290417592935,21.0435747751816,21.4787549829089,20.3138551828761,21.0978745177254,21.0879287233954,21.6940072307567,20.7469505062226,22.0408477270617,21.4653188840741,21.0432167359697,20.9716608276655,21.0571540381281,21.6775484545127,21.0523625055646,20.9567568008222,21.3048344308317,20.7253967297258,20.8970624375439,20.7315768720785,20.9010257816442,21.3258283300526,20.1038123134829,21.2016044420658,21.7527887068044,21.5485831159158,20.8809324965524,20.7729028308136,20.0666851874971,20.9262100264342,20.9522623546837,21.0664186527687,21.1638923473408,21.5552203363157,20.7807099007774,21.0839472931422,20.7516897904819,21.2821678513438,21.1470023511889,21.1078522417306,21.2389186376329,21.0676642706837,-0.235268548615434,-0.521213800524961,0.0506767032940942,21.1217283064655,-1.65611996870885,-4.41824353951831,0.104498436903518,0.679806474125127,0,0,0.587797026745287,0,-0.0769148921926934,-0.361193583991226,0.20736379960584,21.1217283064655,-0.544599122664138,-5.82359005225572,0.58865747785767,0.870161621650437,0,0,0.960061406216961,0
"Q99447","PCY2_HUMAN","PCYT2","Ethanolamine-phosphate cytidylyltransferase","=""PCYT2""",NA,NA,NA,14.8152307296405,14.7180355044095,14.5476217601698,14.2744014789567,14.2771785864752,13.9153985139361,NA,NA,14.4130062499919,NA,14.7235348861945,15.4970797851448,NA,NA,13.4986244936162,14.8111981127389,NA,14.1620310977263,14.3027750675572,15.6886230058342,13.7564798243903,14.5894138764514,15.2983820881369,NA,NA,NA,15.0174141759478,NA,NA,NA,14.3174333076906,NA,NA,15.5970115719132,NA,NA,14.5313114209551,NA,NA,NA,NA,NA,-0.00784204644302378,-0.522957504200616,0.507273411314568,14.6072469303751,-0.0315689505144183,-5.37819307356952,0.975099933437105,0.989868661746425,0,0,0.999802279859049,0,0.233831532919206,-0.494752883753434,0.962415949591846,14.6072469303751,0.665516022234029,-5.2451810637761,0.512625488771612,0.834663611429138,0,0,0.85534660328075,0
"Q99460","PSMD1_HUMAN","PSMD1","26S proteasome non-ATPase regulatory subunit 1","=""PSMD1""",21.5103566003344,21.1428802571592,21.5876792824147,21.5688209864876,20.584997060034,20.9686356466178,20.7727660676112,20.8600490791042,20.8835174971896,21.1955616784442,20.8848900438855,20.9789139765643,20.8846153750567,20.854009315434,20.8556099731684,20.7446690497583,20.4675622713269,21.210917071611,20.942421347902,21.5199389853511,21.0137023280212,20.5866184876185,20.2854768972114,21.1021116016234,21.2309795061175,21.1561118114906,21.5365388836543,20.4793299395917,20.7570201929542,20.6135957646256,20.9515220311647,20.9745000487344,21.0900947391915,20.6616055965328,21.5615905297144,20.8149971849174,21.0369279036506,20.7660258464698,20.7442799328169,21.3466231740012,20.7575990336026,20.78547223398,20.4146471371823,20.8442426909092,21.1069421562988,-0.126875624110099,-0.355078379040842,0.101327130820645,20.9563859381673,-1.11909799715107,-5.04400117947709,0.268903005182985,0.794236235660287,0,0,0.846505127008806,0,0.0140050733539354,-0.212867659112553,0.240877805820424,20.9563859381673,0.124255006397946,-5.95745573970214,0.901654281575643,0.977865538778253,0,0,0.998551187757456,0
"Q99471","PFD5_HUMAN","PFDN5","Prefoldin subunit 5","=""PFDN5""",NA,18.6100002990562,18.6472413831429,18.1984773985631,18.5118200482849,18.7617899661347,17.8160092530037,17.6955785314816,18.7466173430924,18.440151595551,18.7258417667012,18.2675398450579,18.3236704557329,18.5516879351049,19.3813613877352,17.3236350959146,18.5934928921651,18.2479944779474,18.7923433147513,18.8398929283729,18.7495087828516,17.7035950092045,17.7560745462462,18.4787995422194,18.8450801928305,18.4035216174931,17.7808753590513,19.2255211760799,18.6205711579261,17.9913070430918,18.4437757346061,17.5344552110016,18.3017822767615,18.284284399271,17.5528868146657,18.6726146107734,18.2199628057823,NA,19.0520922776182,18.709293279302,18.6755961289729,18.0235326876995,18.6529296781734,17.8538592135431,18.2724725423429,-0.110526182736336,-0.433005433490764,0.211953068018091,18.3785939071,-0.690726690686443,-5.36498530685166,0.493361923904116,0.896077533266722,0,0,0.924882939003714,0,-0.0692028398392956,-0.389798913936717,0.251393234258126,18.3785939071,-0.435019334964811,-5.85917837497742,0.665672776569876,0.908886199875209,0,0,0.972230284916724,0
"Q99497","PARK7_HUMAN","PARK7","Protein/nucleic acid deglycase DJ-1","=""PARK7""",26.4384042352273,26.0820407298496,27.2413725054798,27.1387438196604,26.5561307675614,26.5560904445409,26.1021618020906,26.368638365432,26.7638365187294,26.4890912560503,26.4515720067672,26.6204938477326,26.6750593774721,26.5660509698263,26.4300604870762,26.3306895259216,26.2568808277807,26.5778646384554,26.3017977781136,26.7829546655493,26.3484017159761,26.4807862534801,25.7320798122282,26.4392587302462,26.4594867534655,26.2599091363288,26.6243193492538,27.2310263025364,26.2213712337631,26.1143169915412,26.3535703625583,26.003659252624,26.4747026307954,26.4114043639596,27.6185650226616,26.2992044765187,26.4698698544572,26.3956137741857,26.6348798761168,26.3542197649516,26.2992560299847,26.4396101027579,26.3586238128422,26.1626571574516,26.3402219181684,-0.161568708211608,-0.388288035810139,0.065150619386924,26.4723766499593,-1.43443052238524,-4.7031634031846,0.15820726903696,0.720861261794311,0,0,0.742369377968511,0,0.0303276456929389,-0.195070305225112,0.25572559661099,26.4723766499593,0.270831730126922,-5.9298113133301,0.787730969703476,0.942584418301806,0,0,0.99278998227851,0
"Q99504","EYA3_HUMAN","EYA3","Eyes absent homolog 3","=""EYA3""",NA,18.2197857420594,NA,19.6010731952739,18.7006599052946,19.7933843684803,18.3664303172189,NA,18.5799645503479,18.2518781330478,18.2381157573357,19.9680944437953,19.5050026617939,NA,17.6851636511114,18.0031616667287,19.1270430603083,18.4335113697059,NA,18.8678702565007,18.1678972804571,18.7211456266112,NA,18.7621855459281,18.554688646822,16.9205501481087,18.541687979849,NA,18.6839401865991,18.6043211070205,NA,NA,18.5005300358741,19.2341214315669,18.4474157279629,NA,NA,NA,18.4826515197773,18.3940507569286,18.4417565570758,18.8443951371916,18.4823925859804,18.0021855328084,19.0871560341686,-0.32991047684266,-0.781569803145436,0.121748849460117,18.6125518460525,-1.48436877472979,-4.57186019944485,0.146912755879875,0.712175410110782,0,0,0.531134123615573,0,0.122555887890044,-0.337601055866354,0.582712831646443,18.6125518460525,0.541233769076202,-5.68492498314424,0.591871205743705,0.870596265113766,0,0,0.93774574831621,0
"Q99536","VAT1_HUMAN","VAT1","Synaptic vesicle membrane protein VAT-1 homolog","=""VAT1""",NA,19.4986592371696,18.1870039252872,18.6915485318934,17.8343475029412,18.0469818247257,19.3069962502164,18.5912616265594,17.7785631257093,NA,18.543077035479,17.1346226096591,18.3206454404572,17.9410361685177,18.967671306149,18.4112035256979,NA,18.876955971969,18.6334512393677,18.1812358117361,19.5631921237199,19.3055207219363,17.9954389679671,17.8753326176931,18.2872335711861,18.3960263252942,20.8363644061841,17.4363564445788,18.9884851847253,18.9248686684339,19.3632091577986,19.8227106780697,18.4334492691631,19.7877811319454,19.1010215797566,17.8626795815926,17.743286006951,17.6034692908861,18.6719776125576,18.5440361774192,18.6000919089213,19.4365557332241,19.7231350119061,18.2302222851703,19.4805373919086,0.370800827280224,-0.16557674935886,0.907178403919308,18.6418629281553,1.39411220994601,-4.72009206982616,0.170439487339464,0.726731884094588,0,0,0.518878411267735,0,0.108379082830353,-0.407055590087765,0.623813755748472,18.6418629281553,0.42403283919834,-5.86360965395481,0.673653724100248,0.912800796155836,0,0,0.958089605671253,0
"Q99541","PLIN2_HUMAN","PLIN2","Perilipin-2","=""PLIN2""",17.2477688077357,19.1750747407279,19.3249288368094,NA,18.9520362359079,18.6257427812594,18.2571069164725,19.4664534569245,16.8648851227933,NA,18.8755805407453,18.2560082489383,17.2551384847096,17.2082292266239,19.7789766939088,18.9246503791866,19.8910752009876,17.8263326503303,18.609291270386,19.1358074116528,18.2103193346785,18.3355252411067,18.979271939644,17.695348822914,18.0814011096346,17.7660234003574,NA,NA,18.2383649034899,19.0421638138688,17.3581743747707,17.3352649669853,19.0523511550118,17.5754775314479,NA,18.4666770730928,18.7448006116424,18.8246064808487,18.2049297960743,18.2914487854641,18.0257545233623,17.6821424950456,19.2711774387965,19.4125652499279,19.0448706266694,0.108592192581369,-0.448062823065097,0.665247208227836,18.4328436670233,0.393959849393224,-5.46239460549962,0.695650218172208,0.946164141789459,0,0,0.961357425313581,0,-0.113185254185574,-0.657105877195655,0.430735368824507,18.4328436670233,-0.420236540091971,-5.83380794636225,0.676504802788735,0.914300764132198,0,0,0.956729503494545,0
"Q99584","S10AD_HUMAN","S100A13","Protein S100-A13","=""S100A13""",20.5119852752325,22.3489340276729,20.7381715873881,24.5113823571812,20.193345835601,21.4806178926461,21.4813379972288,21.1271772389305,20.0626023179328,20.3643992164351,20.6866962381743,21.3670415360443,20.8692656288193,20.203938222475,21.7669130526087,20.7701721120878,22.6248002229015,22.0171673353376,24.0588025708178,21.2303938083216,20.8251812968702,20.8721733881034,22.0456983056906,20.7801321915165,21.9148823238332,21.2166042896427,23.5185466037953,21.3388126842159,21.2364067776596,22.088315386828,22.8813799705435,24.0115543329789,21.6875582289266,23.9372443554222,24.4988724185863,21.1046919097657,21.7461193774312,21.4458306224807,20.8405769753064,20.9792532352827,21.800395222791,22.9831977977181,21.3869050755313,20.542577848518,21.4458254374712,0.605371034163163,-0.0764156874446094,1.28715775577094,21.6787529006832,1.78724424870406,-4.23297286855518,0.0804819716395504,0.632228637420987,1,0,0.217541257236155,0,0.316926234075471,-0.360886864795608,0.994739332946549,21.6787529006832,0.941150424870767,-5.54584535157925,0.351539856857286,0.786466622673627,0,0,0.717971872952924,0
"Q99613","EIF3C_HUMAN","EIF3C","Eukaryotic translation initiation factor 3 subunit C","=""EIF3C""",19.0129422746772,19.4155781889624,18.8503112745431,18.541996676367,18.8092008546224,18.6149407353428,19.5193933257762,19.5230730194023,19.6655195642078,19.1162212780407,19.567182983201,19.1273561928298,18.6925462643731,18.8703965520852,19.1702463187668,19.6107785588254,NA,19.6321398584586,19.2494055202237,18.9537216464226,19.038255897646,19.4211819539734,19.5280985905218,19.8223464079764,18.9198601833333,19.6894548060905,18.8126177994009,18.7259230241564,19.4029838809293,19.1924344531948,19.7347182812737,19.7522747437711,19.3807306733658,19.128830502626,19.4460360439,19.3142125764965,19.4948026797046,18.9370938181766,19.2980955860495,19.0052919964994,18.9633079861759,19.3534873205162,19.3838454032705,19.5607238987097,19.0995951712017,0.1967598836885,-0.0359523599421161,0.429472127319117,19.2352080628656,1.70289616973312,-4.34544974892154,0.0954798892042792,0.657193415298184,1,0,0.629923173435768,0,0.0291731865391434,-0.20217981091843,0.260526183996717,19.2352080628656,0.25396834162287,-5.91855818147523,0.800675843513819,0.945754716778154,0,0,0.993535810135212,0
"Q99623","PHB2_HUMAN","PHB2","Prohibitin-2","=""PHB2""",24.7368526177082,24.6485013001709,24.1219792786541,24.0608414067319,24.4643344474346,24.1093915538069,24.4344315380088,24.6041254963356,24.6107233593808,24.6568168701605,24.8184003318848,24.2559744589489,24.9055939248023,24.3562121093261,24.6412386646187,24.5772858892198,24.6810646736314,24.3676728632068,24.4435746477596,24.555494189659,24.2489648694915,24.4999203504096,24.6032838601785,24.7813450834201,24.6896243859376,24.9427630708857,24.6730118484726,24.036946123999,24.7437047849951,24.7073232315694,24.5647087635082,24.6669772860233,24.4828122399314,24.6134347941867,23.9404818449752,24.6837247293199,24.6836800543129,24.6900227103968,24.4619430770679,24.8338762081058,24.7658669787347,24.4737997946603,24.7591574843724,24.9589199920445,24.4113438175323,0.0741766294170318,-0.105070580424556,0.25342383925862,24.554847711244,0.832962597798474,-5.28434399510878,0.409166104378109,0.869707325001004,0,0,0.935862454006526,0,0.0292513268224397,-0.148951185658607,0.207453839303487,24.554847711244,0.330401916106953,-5.91273270960398,0.74259512720338,0.93045109399261,0,0,0.991332460974663,0
"Q99627","CSN8_HUMAN","COPS8","COP9 signalosome complex subunit 8","=""COPS8""",20.6385252297084,20.7329789214437,20.8173064863603,21.8855746251332,21.2785735016149,21.3525408464783,21.2092460352702,21.1806688035178,20.1154076778691,21.2281748878176,21.0456000789161,21.9272462704696,19.6165596060571,21.3657179148724,20.8672545541674,21.210363038998,20.2738980680295,21.2729049233596,21.2923812124108,21.2867802396329,21.2347047238667,21.120873938866,21.583315607981,21.1586029136159,21.4145423995606,20.8841560157924,21.1721808971699,20.0963292232605,21.3896593676296,21.3890324238635,21.2699104859962,21.1419749944131,20.8852251557772,21.2635799160464,21.4121486653573,20.8239747393094,21.2168697805446,21.0018725745338,20.9146151089366,21.1578218478889,20.8718369693881,21.1354771555534,21.1686562292118,21.0414832214128,21.2697770909388,0.102462008770793,-0.182426584255698,0.387350601797285,21.0803627637565,0.723933402451898,-5.35803443560631,0.472769160331094,0.896077533266722,0,0,0.926112822387496,0,-0.0136334039152395,-0.29686159530175,0.269594787471271,21.0803627637565,-0.096889927860431,-5.96034671732446,0.923234353437064,0.979656818909501,0,0,0.99891166307724,0
"Q99643","C560_HUMAN","SDHC","Succinate dehydrogenase cytochrome b560 subunit, mitochondrial","=""SDHC""",22.5961387062144,21.6678488568577,21.39272820672,22.77268342925,22.6562519210099,22.8701529767881,23.1839414584383,22.041388381187,21.3633005810794,22.9559511901186,23.1799967711312,23.450218506151,23.082271923984,21.8487729528074,22.8607972592534,23.0851074397393,21.3358815392872,22.6561312675332,22.891638156937,23.0132747110738,22.2174762990627,22.8475388092189,23.1647524413688,22.2798049131551,23.7145467370357,22.8391298203358,22.8370187788147,20.9791899695178,22.1703706365514,23.8366245591864,22.3677157685905,22.4992113476377,22.9368646061332,22.8941793504213,22.2730087866657,22.4540644620514,23.3655476227591,22.931920958317,22.6188351489917,22.9270301660175,22.6379895179485,22.310949738327,22.7536418872822,22.916213815674,21.9578807979654,0.128527210764474,-0.292514227495131,0.54956864902408,22.6141329594353,0.614442223658082,-5.42189682757354,0.54194782261529,0.899122088181203,0,0,0.924285832957691,0,-0.00156214026903001,-0.420149644212911,0.417025363674851,22.6141329594353,-0.00751180972264544,-5.96480520114638,0.994038954196684,0.999903966701438,0,0,0.99999066018853,0
"Q99653","CHP1_HUMAN","CHP1","Calcineurin B homologous protein 1","=""CHP1""",NA,16.2464340104291,NA,15.6994945566354,16.7316616484249,16.641106018202,17.1771414126093,16.2181450536929,16.3467522286847,NA,16.5572924237675,16.1729851412268,NA,NA,15.9072442674328,16.0509157811394,NA,16.5295419051206,16.079842701887,16.5614412508397,15.0327178310876,16.2355744256602,16.343130840243,16.3545976631876,15.5394580449011,16.5727448137293,16.2985419262321,NA,15.9078084821384,16.5852854290665,16.184813134947,17.3547025101598,16.1549682982364,16.4487195246137,16.2412155414699,15.5293580752811,16.7328968951176,16.1375902998863,16.1900552620304,16.3067716331933,NA,16.4034833369328,16.1589963727493,NA,16.0852686734732,-0.175787162748083,-0.515737899750427,0.164163574254261,16.2699638170675,-1.04769683705563,-5.01392603516904,0.301566831749627,0.807585752821034,0,0,0.809994957917611,0,0.135561974521931,-0.180184728335155,0.451308677379017,16.2699638170675,0.869888370864103,-5.54487397605173,0.389963818699203,0.802344212659857,0,0,0.880153557207852,0
"Q99685","MGLL_HUMAN","MGLL","Monoglyceride lipase","=""MGLL""",NA,NA,NA,NA,15.1348237767872,15.0471502196399,15.3773544564028,14.9432013490634,14.6454415970115,NA,15.3050612270719,14.4072188081098,NA,15.2319282793778,15.2341341396876,NA,NA,15.3279143093595,15.1189842794809,NA,16.4378174845299,15.2485239851051,14.0997176768235,15.1985578498764,15.7522983391834,15.6311252140369,15.0585519586086,NA,14.7075189458782,15.4229519256717,15.0508523458528,15.1797283000847,14.9131616760624,15.2853201822616,NA,NA,NA,15.1330858640688,NA,15.7089270407188,NA,NA,15.6465283465979,NA,15.7497133300159,0.241373341602875,-0.128844596541722,0.611591279747473,15.2141997466917,1.33335956742862,-4.70158101837901,0.192778991363601,0.735164347255353,0,0,0.672097796621408,0,0.0671023763773206,-0.313283786167531,0.447488538922173,15.2141997466917,0.360768513504303,-5.68738850051808,0.72088358396151,0.923201669288604,0,0,0.978278283468611,0
"Q99714","HCD2_HUMAN","HSD17B10","3-hydroxyacyl-CoA dehydrogenase type-2","=""HSD17B10""",21.0192495927077,21.5491061825317,21.4941308773488,21.7050959350527,21.8759991528514,21.87166859803,21.4775204842767,21.4845931911356,21.7190362877528,21.7493172325473,21.4376936530865,21.96469288366,21.7135846321188,21.1534717628171,22.0984743061476,21.9702664311429,22.032457949199,21.9669594703511,22.1522441628253,21.3067397573447,21.6866184468611,21.9547531385084,21.2645839226847,21.3747061854818,21.8517729579562,21.7118753796409,21.9355952213317,21.9648248586979,21.7942067476359,22.2365444611784,21.7554627414558,21.7450383536809,21.6135058376523,21.2284597984382,21.6787969508813,21.7379850915414,21.8723345017417,21.0974311361138,21.4629001365161,21.5247053106881,21.8248729678234,21.8005172888411,22.0480773934709,21.8920087624365,21.9197912356373,0.187296405574486,-0.0135100368029557,0.388102847951928,21.7048815859961,1.87742506122377,-4.0985928390244,0.0668035887402153,0.612150491830663,1,0,0.60240591222909,0,-0.133484105594768,-0.33312019803752,0.0661519868479846,21.7048815859961,-1.3458643986539,-5.11693288738973,0.184936456821263,0.67048191514958,0,0,0.798287186507175,0
"Q99733","NP1L4_HUMAN","NAP1L4","Nucleosome assembly protein 1-like 4","=""NAP1L4""",20.3267173940553,20.6362185140934,20.9396414472139,20.911503724829,20.9199387483818,20.6319043824368,19.6996162671484,20.41042941511,20.7982144483641,20.9754380003822,20.6542709833013,21.1428625010359,19.1925271100505,21.0075291914858,21.0463197483238,19.951688011522,19.9053786061395,20.514834838233,20.3293695882469,21.4850145629236,20.7212621511433,20.7888703844821,18.5454800256244,20.6380334616918,20.9602739151128,20.8299365429933,20.9451661893696,19.7046702362336,19.8037061064769,19.5736531594942,20.3062777620299,20.2473201066797,20.3675672519994,19.8303744264151,21.9325025967117,20.5451870472998,20.1471580351589,20.789347942018,20.5713850662005,20.2140487475545,20.4062465356653,20.4840569883393,19.5255936779469,20.7880037341994,20.874541759218,-0.319829852560542,-0.710892822431072,0.0712331173099887,20.4671129185186,-1.64620195710361,-4.43175938452875,0.10653251453055,0.679806474125127,0,0,0.488607094270607,0,0.155484926516621,-0.23329883101476,0.544268684048002,20.4671129185186,0.804990935061556,-5.65747577999471,0.424962594502055,0.817635290588431,0,0,0.875415307984951,0
"Q99735","MGST2_HUMAN","MGST2","Microsomal glutathione S-transferase 2","=""MGST2""",19.8477434134064,19.2335763853823,18.6106618522226,18.7711663828528,18.5804019548462,18.3614540140857,18.4047075595739,19.2107671259664,18.2563365230786,19.9740594361881,18.8371234031759,18.5182088460298,19.7926944589111,19.1626726746704,18.2547020029922,19.0602976865451,19.3801821475102,18.598195858052,18.5813681766505,17.3464759156612,18.3681804046403,18.1888191880225,NA,17.9903658447696,18.5469515195667,19.7712683635287,17.721935115069,18.5734254475913,18.4173048794123,17.718116578821,18.5769398749252,18.9134214675811,17.9219194678409,17.8495552711023,18.5729617465447,19.9484647353852,18.641813837571,17.6554709186336,19.1708663749155,18.9061129773268,19.2103124192711,18.3077072684623,18.1799890532328,19.3133952194205,17.2883676687298,-0.485874282665872,-0.914750621375437,-0.0569979439563066,18.6485559422765,-2.28172168866907,-3.42836308286653,0.0272828725870742,0.488872265797768,-1,0,0.173795777936066,0,0.123841644055805,-0.302529675953391,0.550212964065001,18.6485559422765,0.584991518590369,-5.7867120683701,0.561472763792831,0.861916238080618,0,0,0.931014518114285,0
"Q99757","THIOM_HUMAN","TXN2","Thioredoxin, mitochondrial","=""TXN2""",22.275941797114,20.8640481631213,22.5115948336821,21.5143821115397,21.341409079299,21.569693784755,21.1423267634738,21.3134474760757,21.5927927821862,21.1127670969736,21.9589186590075,21.2505072767915,21.7060071113437,21.9009051205094,22.5065139119874,21.2833849462753,20.7594920438881,21.2196740499152,21.0737585331431,22.2199664699292,21.267749649533,21.3172989933901,20.3079858397122,21.6137343056729,22.0023539431815,22.7460186003708,22.2098686529671,22.8603244661245,21.6369212010874,21.5560814038114,20.6767417331901,21.0278205512887,21.5490213436379,21.3304129199324,19.4834695150112,21.1214404032912,21.5921463220712,21.181033185031,21.0575635987858,21.7896891315452,21.3875039258336,21.4783351794753,21.6345621742222,21.5773901453319,21.9586219307965,-0.0393044326702174,-0.439495704777091,0.360886839436657,21.4995915805846,-0.197690012623911,-5.57027831762741,0.844157841778219,0.958290008794964,0,0,0.993363329288632,0,-0.3485907359705,-0.746449593720403,0.0492681217794023,21.4995915805846,-1.76358996817182,-4.5297294862474,0.0844363190104849,0.523449990728398,-1,0,0.422472121776243,0
"Q99766","ATP5S_HUMAN","DMAC2L","ATP synthase subunit s, mitochondrial","=""DMAC2L""",17.281424347647,17.852829836642,17.6218661566575,18.7002526793136,18.8039594579598,18.6203938385977,17.794125306415,16.7639511614753,17.93248667206,18.5484322442636,17.9611690473219,18.7322092766962,18.9509060120389,17.4663007302141,19.290374140082,18.169696357285,NA,18.2174664284762,18.5155168200239,17.7172666195191,18.6844056837748,18.5921945058052,18.5567477043685,17.429125470853,18.7414230965105,18.4356403079119,17.9284065706819,18.9056087620425,18.3148197221479,18.5639814985906,17.8457089737281,NA,18.4258017154637,18.1395926334503,17.6278780263843,18.5687800093091,17.8917169535133,17.498906299889,18.1931381270478,18.2854708433958,18.0199455324466,17.5348077085952,18.7385740462441,18.6130781661902,17.0673193954401,0.175861198722938,-0.202594774340915,0.554317171786791,18.1754348578249,0.936477847151411,-5.19213808156277,0.354134330683163,0.835884436312426,0,0,0.833136476838363,0,-0.308684365492383,-0.691133822398274,0.0737650914135091,18.1754348578249,-1.62660996372278,-4.71261709681999,0.110954951589678,0.584670953237828,0,0,0.507284638546761,0
"Q99798","ACON_HUMAN","ACO2","Aconitate hydratase, mitochondrial","=""ACO2""",26.5541732488157,25.9669917999009,26.7562128822507,26.6897621831006,26.953991142562,26.6391725958391,26.2377240798738,26.2030980420261,26.364102941532,26.3107085633834,26.563893538828,26.680661551683,26.845430771924,26.2062942470544,27.1755435039044,26.3796619749393,26.7313085002685,26.6261049989756,26.5578821001263,26.3936472959612,26.5041477345411,27.0102355175836,26.5500189758927,26.6407132407296,26.8868763830989,26.7294230753319,26.5098632239923,26.7736803877748,26.673187268325,27.1735026910535,26.2138064046553,26.4862604183386,26.7730754964583,26.6259561682692,27.0180096879088,26.4487213921742,26.3672568591604,26.3005881089022,26.4892062344623,26.605860572144,26.6414590481125,26.3597337097751,26.8124209179509,26.421570184839,27.2112127310338,0.127670794323603,-0.0630950737302689,0.318436662377474,26.6014033865657,1.34710577292781,-4.80528894446627,0.184539302714646,0.733010065782738,0,0,0.805936794683899,0,-0.091007695627308,-0.280661732713137,0.0986463414585205,26.6014033865657,-0.965888145765897,-5.52376698470582,0.339146502407256,0.778269017459071,0,0,0.906278410338388,0
"Q99807","COQ7_HUMAN","COQ7","5-demethoxyubiquinone hydroxylase, mitochondrial","=""COQ7""",21.4593790715128,21.2061892335417,20.9834455627972,21.5079838291267,21.2137202785484,21.4060168704518,21.295900749235,21.0319660934107,21.1616858707441,20.5051689799351,21.2453465470652,21.5819774454442,21.9602755205589,21.4432262876949,21.474383037632,21.2783649783512,21.5856601675028,20.8661421367759,21.8043625018151,21.2994125897834,20.9028066355631,21.147697497501,21.7559198750349,21.2195656763031,21.7519749146648,21.117526203019,20.8533932692592,21.5937990074786,21.4826839882515,21.5120914680708,20.8809645696412,21.0350269820746,21.0401475818314,21.2315467737266,20.8137042644952,20.924852243968,21.2102099741324,21.0886837573664,20.6262649809241,21.1587603052332,20.8957190381724,20.7240227857583,21.2675277118938,21.3430688540858,21.6503981682563,0.0467778429471863,-0.16783964445876,0.261395330353133,21.2341992061918,0.438718446464309,-5.50287718863524,0.662917481753002,0.942492860389654,0,0,0.980953134424272,0,-0.285366861187637,-0.498733504450363,-0.07200021792491,21.2341992061918,-2.69207914386351,-2.76449562196392,0.00986744971680608,0.282187558578439,-1,0,0.267677923367815,0
"Q99816","TS101_HUMAN","TSG101","Tumor susceptibility gene 101 protein","=""TSG101""",16.7003796544699,NA,16.4271798336898,16.4220902911405,16.5819208703661,17.322729299496,NA,16.890038792129,16.2528914416581,NA,16.5151103585452,17.3925952153315,16.9111967729438,17.3058241757425,15.7050833044163,16.0524566667595,16.4263258961414,16.3340704713481,16.6013528213453,16.9555900128476,17.0986064615054,16.7608984206624,16.9525765413405,16.1546402197592,16.4869900475126,15.0610036600706,16.7023972354877,15.5985586198302,17.0946254381243,16.3593842661597,16.7121544175645,16.6699500608878,16.8400166062435,16.7533791244666,17.0074065499417,16.844153731824,17.4209094899314,16.5775404583963,16.0906153363427,NA,17.1599065975306,16.2982256612958,NA,16.7562105039904,17.0077155105135,-0.271508675731869,-0.614952992280838,0.0719356408170988,16.6301175209438,-1.5964924346458,-4.46851078557001,0.11805128277501,0.679806474125127,0,0,0.559833841227925,0,0.32998516201495,-0.0042451560636857,0.664215480093585,16.6301175209438,1.99382968195099,-4.12755442033331,0.0528444105125769,0.430239685589521,1,0,0.378973320653817,0
"Q99829","CPNE1_HUMAN","CPNE1","Copine-1","=""CPNE1""",19.2061175432514,18.0214318324828,18.7980410296322,19.123980403285,17.9690239762782,18.125495841139,17.4453372605381,17.986832973166,17.7625260433338,18.0896966814819,17.5155810823184,17.6430538785917,17.5607738256164,17.0728553545794,18.7186248405264,17.2116773313684,NA,17.6584456083279,18.2916979025379,NA,18.3612012113761,17.7125299956522,17.5479113730394,16.9670524445712,18.5193703514216,18.3278853706572,19.2412697615786,17.98499369936,16.4730706203324,18.0832441662283,18.0109116099687,17.8054635659157,18.4799297590228,18.7749742656732,18.3444533259302,17.2419176260441,NA,18.0812308934218,NA,18.5070588512722,18.0533574618415,18.5945140043271,17.2456656975591,17.2082305762919,18.2442488519737,-0.201372135122092,-0.621677604508946,0.218933334264761,18.0002848510223,-0.966853170395834,-5.15339746678579,0.339146768949842,0.826506778828922,0,0,0.804327958784184,0,0.15363927080822,-0.277983403301615,0.585261944918055,18.0002848510223,0.71833028777413,-5.65827658510589,0.476527019892392,0.834663611429138,0,0,0.89236309889216,0
"Q99832","TCPH_HUMAN","CCT7","T-complex protein 1 subunit eta","=""CCT7""",21.366511907232,21.0130365163657,20.8618912591602,22.0415621330605,21.0100273680512,20.0624211761284,20.6450553437755,20.9737260214894,20.8587824116323,20.9340978755097,20.8312611784901,21.2530761844287,20.9399989527264,21.2618204558813,21.1374761557556,20.8722360148954,21.2739335958769,20.9183488076074,21.1067229052906,21.2555986084116,19.9286103263463,20.8434369933494,20.8025037588322,20.9516296754325,20.9718504297854,20.5816882094795,21.058487544879,21.1474227359903,20.9782461907267,20.8297898783385,20.9798755525434,20.8712704745485,20.9774550008018,21.3810037113833,21.8432995389988,20.2982377608256,21.2920488661798,20.8777176602801,20.7831223481708,20.8604197284139,20.5476943492301,21.142352361434,21.0104168235916,21.0275792229399,21.1817713823502,-0.118514445126742,-0.351954272821445,0.114925382567961,20.9730114532582,-1.02189704539908,-5.13316841429578,0.312169300184698,0.82090567704603,0,0,0.871119898129358,0,0.103583940430006,-0.128495341836663,0.335663222696676,20.9730114532582,0.898394046391921,-5.58270742007404,0.373649935047633,0.795820049946075,0,0,0.903055060855829,0
"Q99873","ANM1_HUMAN","PRMT1","Protein arginine N-methyltransferase 1","=""PRMT1""",18.4929016158554,20.1274580819986,20.3039672764274,20.3601418381507,20.4172873958663,20.5047700200215,19.8945257854023,20.3589526079039,20.4477449045517,19.5571338770946,20.3850386910905,20.4064546660336,19.6111051862365,20.6263264823679,20.3843093570637,20.2259148772568,19.6239780660544,20.2595808678002,20.211799196109,20.490686099282,20.1144586813324,20.3135100817198,19.1666882133186,19.939626022818,19.797316321786,20.0308446983549,20.4295343859472,20.4573017180585,20.3828521573599,20.1044574894608,20.338279703902,20.488339118265,20.2195521683425,19.2113242317286,20.5146485016439,19.8987313343445,20.6384168866145,20.0833342180752,19.8801032729863,20.3285750030535,19.4379800162017,20.5171222412202,20.2371039286775,20.286370888841,20.3014019069749,-0.0323097827278644,-0.33940745838855,0.274787892932822,20.1290655574132,-0.211771892687122,-5.56774010874479,0.833219687014263,0.953209349951549,0,0,0.994122166004468,0,0.0555156362808518,-0.249792197677559,0.360823470239262,20.1290655574132,0.366005982034194,-5.90091754621697,0.716037053722069,0.920896468414077,0,0,0.981627353736822,0
"Q9BPX5","ARP5L_HUMAN","ARPC5L","Actin-related protein 2/3 complex subunit 5-like protein","=""ARPC5L""",NA,18.8077872543423,17.8090961285185,17.4052161859036,18.6978026430829,17.5094992327695,17.8589398751393,18.7060692884548,18.0705491819075,NA,18.1184090665701,16.4404185599366,17.1569706880734,18.5591523512142,17.8287411168829,18.8677892276348,NA,18.3006744448266,18.5893974898705,18.2161498382219,18.286710581983,18.7982057873808,18.4447308255739,18.2797463167395,18.0488436328518,18.5641050005761,17.8734057268597,NA,18.4926633667921,18.4792307079387,19.0999247441803,17.7723149633837,18.2803889377077,18.6289714001913,18.1547642430748,18.5863966224368,18.6124164366955,18.5129016145957,18.0570520330973,18.2846798163104,17.7934458297142,18.4408117107969,18.4126734802307,18.0822210018713,17.5147725449103,0.457366683348415,0.104488026843938,0.810245339852891,18.2059521926644,2.61556385067653,-2.81863832408873,0.0123185698025059,0.449154006645216,1,0,0.133870810330867,0,-0.117203477640853,-0.456787084784385,0.222380129502679,18.2059521926644,-0.696498159670771,-5.70208945669742,0.489950149536855,0.834663611429138,0,0,0.919781615097246,0
"Q9BQ69","MACD1_HUMAN","MACROD1","ADP-ribose glycohydrolase MACROD1","=""MACROD1""",24.0543578466778,24.7534367762972,24.8934743404791,24.803170232282,25.0982159790787,25.1347971327372,24.8208531969831,24.4607162008811,24.8497562270075,24.3377964851829,24.5582627258887,24.9694634042031,24.3895592038848,24.5766788847964,24.6042395668408,24.8821206378246,23.7168318751102,24.8016460797048,24.8026579925062,24.6010056369659,24.658171152625,24.6960296618725,24.4483980468578,24.7425485739379,24.5861012293488,24.1776277631986,24.3279147865046,24.7699850206419,24.6053638897091,24.5938519709179,24.5928844566424,23.7440238248061,24.5905346109133,23.9477274361829,25.1852522732875,24.6250889950644,24.4655223009964,24.5783650742021,24.6413708547373,24.6640962461584,24.1692601413706,23.9977651417326,24.325474442652,24.6144579078615,24.4055722162826,-0.126343920166775,-0.348411760777086,0.0957239204435358,24.5613872987519,-1.14519511915658,-5.01876385700116,0.258046497453464,0.782013090941701,0,0,0.842697324583812,0,-0.124190559655698,-0.344964133609632,0.0965830142982354,24.5613872987519,-1.13227601028109,-5.36111423073068,0.263381047695299,0.741757591163142,0,0,0.847309483711287,0
"Q9BQA1","MEP50_HUMAN","WDR77","Methylosome protein 50","=""WDR77""",16.6750802155532,NA,19.0447541966028,17.644251500828,18.9206698052792,18.7853093177297,18.0220536957881,18.83843639078,18.8225983383245,19.0226019199733,17.5772659876092,18.7860562394464,17.0528080683433,18.6203359458488,18.0639222248604,18.6939836715084,NA,18.31336051492,18.7285064461492,18.5576118741922,18.6642135889284,18.4284327603728,18.6454352173314,18.2431833661306,18.030573490836,18.1260351705823,18.7115904100435,18.0718508241653,17.8631636042925,18.8103186664308,18.6183999911886,18.1967247472144,17.9896358962396,19.1695805798805,16.8227055875454,17.8370395961261,18.9922081513548,18.6238602807815,18.4780481597205,18.1868945353671,17.0469533030241,19.110548211208,18.8004246459894,18.4276329820971,18.824213708824,0.132670424072582,-0.308772908367384,0.574113756512548,18.3462621820793,0.605678278722232,-5.39936178305552,0.547837294173535,0.902432241314529,0,0,0.923265901102947,0,-0.0767933214611922,-0.508554511955197,0.354967869032812,18.3462621820793,-0.358445137053155,-5.88774705739721,0.72172275991302,0.923201669288604,0,0,0.975267591504724,0
"Q9BQS8","FYCO1_HUMAN","FYCO1","FYVE and coiled-coil domain-containing protein 1","=""FYCO1""",18.920245928913,18.9554338314931,18.65957291642,18.9580905799066,19.5777476831215,19.2856330317802,19.6230846449022,19.520816772253,19.4455996396131,17.2011131628978,18.1135896771915,19.2730586417217,18.2778667800757,19.7185670882186,19.4157479444302,19.2103737697288,NA,18.3781703534273,18.7426647807712,18.4988895061793,19.2757992713542,19.2510543638467,19.401748541176,19.1223366670292,18.4385389988541,NA,18.0071206701318,19.3239756672288,19.5328725022434,19.4389711982893,18.7096292802105,18.2639120345792,18.2973579509304,18.5544794683529,18.8450983176489,19.1315336182815,18.6652415136886,18.7949228719507,18.8280685180503,18.5643471697417,18.2830938153147,18.6063169602565,19.0926018195087,19.3147157341592,18.9266783325435,-0.0413107574168947,-0.38900244248359,0.306380927649801,18.8941088841492,-0.239448265853887,-5.53218062507691,0.811868909884214,0.948679518362231,0,0,0.991427119471107,0,-0.224449667018579,-0.570108928014879,0.121209593977721,18.8941088841492,-1.30862017512485,-5.13316991680987,0.19745109982908,0.679928456791111,0,0,0.694810114922121,0
"Q9BR39","JPH2_HUMAN","JPH2","Junctophilin-2","=""JPH2""",23.2747786516638,21.1361039343717,21.111053665092,22.1055494280622,20.033157232074,19.9722434031555,21.0513229508815,21.3888938443208,20.9475512227755,21.2640205978356,21.9547099297113,19.719308077548,22.7536270050865,22.7172285818101,22.0290029807117,20.9842124975424,22.3747499898514,20.591715512095,20.1518038457413,21.9415967721404,20.4314612329446,20.7565161721026,20.885188095746,21.9457529000779,21.9790413024523,22.1391477005081,21.4973853207153,21.4777236378849,20.9849399297626,20.3583438102174,20.4814692905184,20.8687655777153,20.7242645830983,22.0427749547142,22.4266675615385,20.8336393390393,20.7379569676757,22.4081868733794,21.5136630348646,21.9992108515174,21.2640502018228,20.331409505565,20.2562539465041,21.2828840126479,NA,-0.191834550913853,-0.769032463125129,0.385363361297422,21.298393793761,-0.669380294085671,-5.391060625344,0.506669900999458,0.896077533266722,0,0,0.877720159237494,0,-0.0100854138214856,-0.59353446015095,0.573363632507978,21.298393793761,-0.0348146179157191,-5.94872545335168,0.972381399294966,0.993453998255636,0,0,0.999717576036344,0
"Q9BRA2","TXD17_HUMAN","TXNDC17","Thioredoxin domain-containing protein 17","=""TXNDC17""",20.4267690662559,20.5239970844707,19.8092752293404,21.3469533429171,20.8789559116024,21.1447723076184,20.8721868355128,20.6616420330301,20.5535460412001,20.904478602979,20.4155851621113,21.2216369006027,20.972923857462,20.7415835732246,20.7494453411511,20.4120636562609,21.4161979113063,20.7008348470981,21.2716126483999,20.4527398529966,20.4674469611321,20.5774926480533,21.2184217287461,20.4897996419196,20.9877546190729,20.7422477202893,20.840127317454,20.8546542546489,21.1022692585713,21.2066224387387,20.6718542783153,20.9254293196341,20.0594762088627,21.0685966621683,20.679792623303,20.5701568903371,21.0036384633342,20.5299683204116,20.3520765213612,20.8234494250619,20.4589737295164,20.7850144228736,20.7311915097457,20.8948451620748,21.1066920971329,0.102466127101227,-0.121632402493688,0.326564656696142,20.7694487206289,0.920348109432689,-5.21809224696793,0.362188141015573,0.84082823932612,0,0,0.901167868468664,0,-0.138608658037008,-0.361401085614626,0.0841837695406105,20.7694487206289,-1.25227797741441,-5.22874533510966,0.216792673184116,0.704875885604619,0,0,0.80904007237036,0
"Q9BRC7","PLCD4_HUMAN","PLCD4","1-phosphatidylinositol 4,5-bisphosphate phosphodiesterase delta-4","=""PLCD4""",21.839942703076,21.258995585718,21.590163699773,21.4136445605039,21.1075150101069,21.3343127988592,21.0642930868517,21.2409263345348,21.4192032566443,21.12215136915,21.2437008566397,21.6392817007924,21.6225004017392,21.3960348126726,21.1280699421475,20.9746354174693,21.6631738998217,21.1239062638592,21.0210441518686,21.6149304550253,21.0360827084709,21.0203173360106,21.3592963533129,21.3755988563605,21.3174787985482,20.9864956901193,20.7229837578137,21.7567540672308,21.2811256605411,21.0052063817948,20.0829694172685,19.6348256950208,21.2567094574166,21.0362945869016,20.2978317372509,21.0332738591746,21.4046518565668,21.1812611230486,21.2851726215417,20.9379845080043,20.7340491456102,20.411849775966,20.7423536778014,21.1796401666865,20.8341858826423,-0.15224633148771,-0.410064581002631,0.10557191802721,21.1273959872968,-1.18862262124868,-4.97556116976697,0.24068306572083,0.772570690822174,0,0,0.805058337027915,0,-0.413731752489721,-0.670047373065504,-0.157416131913937,21.1273959872968,-3.24903648771957,-1.45540237051626,0.00216598430935552,0.143933573669995,-1,0,0.0790088973119872,0
"Q9BRF8","CPPED_HUMAN","CPPED1","Serine/threonine-protein phosphatase CPPED1","=""CPPED1""",21.1161385935326,20.2126906523328,20.9637467900652,21.7521838181163,20.0211783878178,20.7388414534468,19.2947016343384,19.98243523064,20.0665891503635,21.1018241221376,20.3021886949578,20.626170765367,20.6275387140572,19.7453842788838,20.642542431487,19.8728256540787,19.6679836098399,20.7569816406174,21.1981039758757,20.8379823875865,20.3302030373136,20.1709792360374,19.8092637811891,20.2358259114734,21.5736029801808,20.5928515773965,20.8463681887526,20.497964639708,19.5807039439,20.1091800825787,20.3097081306879,19.8514058071884,20.6859844042049,21.6403861599756,20.9366854078986,20.357118117774,20.6730244733544,20.6957035231333,20.1975781068424,21.3668894410489,19.8562815276609,20.4795642292789,20.1230087885117,19.6804678564154,20.9670235001415,-0.0885274215865302,-0.445930658396233,0.268875815223172,20.4687956630709,-0.498574593576203,-5.47828900060874,0.620452760156296,0.934833173270874,0,0,0.958625632986141,0,0.116000588505919,-0.239319613268126,0.471320790279964,20.4687956630709,0.657129709340299,-5.75950905887665,0.514369215391242,0.834663611429138,0,0,0.925779855302427,0
"Q9BRT3","MIEN1_HUMAN","MIEN1","Migration and invasion enhancer 1","=""MIEN1""",NA,NA,19.9021398830689,21.3489956709997,19.7579553910413,19.9881620610404,19.8385087834387,18.6949806328384,20.3438057057979,NA,20.6430539768259,20.7855558769327,19.8838493645987,19.4650075391714,20.4723471500814,NA,21.0223493730021,20.658886581584,20.1719960441313,19.897806498926,NA,NA,20.3356659599883,20.1871589374505,20.2139937211057,18.9157524062253,20.0115997369294,20.9766342607018,NA,20.1366759256405,19.3610605340043,19.7151060658778,19.9355215239675,20.3762391792898,20.1902089770805,19.7904898600072,19.7670997852779,NA,NA,NA,20.2383882949022,20.2740830559599,19.8873189000078,19.1962225985165,20.3532900404005,0.0996299178215558,-0.332771570161492,0.532031405804604,20.0782260084803,0.467276039057971,-5.38556434529574,0.643115308714861,0.937693137615552,0,0,0.956973328024307,0,-0.284495131763723,-0.714110073298559,0.145119809771112,20.0782260084803,-1.34297021730232,-5.01721567779687,0.187678385315987,0.67048191514958,0,0,0.62128360569757,0
"Q9BRX8","PXL2A_HUMAN","PRXL2A","Peroxiredoxin-like 2A","=""PRXL2A""",20.6417958094873,21.5253055736658,21.2279130005024,19.5395771114405,21.784106827299,21.5238313527666,21.1768930237437,20.8974898965059,21.5244027083034,21.7337797334583,21.0199670075603,20.5684954557769,19.8609885888096,21.3635774834081,20.7387239880888,22.1065583456537,21.1650059655064,20.9155455811428,21.4544829109439,21.1572658902292,21.8645697109812,21.5560100081564,20.3122881208057,20.4242833897628,21.2510711538849,20.9901140707899,20.0096288769832,20.5039725104507,21.1483771615412,21.1858647648903,21.4130095586938,20.0156206222042,20.7298106467259,20.791896511804,20.6393030684742,21.6110664440748,21.2417701329556,19.5357527665264,21.6995453086515,21.2501759746682,21.2602774599635,21.2890829167637,20.0623773520282,21.4046706007575,20.6574481977255,0.0545853557187996,-0.348595485293583,0.457766196731182,20.9949709685457,0.272512901855886,-5.55479673411691,0.786446179071686,0.948679518362231,0,0,0.986972508009208,0,-0.162882059980355,-0.563713062683965,0.237948942723256,20.9949709685457,-0.817942468905501,-5.64758230669232,0.417603153954279,0.813842251159307,0,0,0.867419581039801,0
"Q9BS26","ERP44_HUMAN","ERP44","Endoplasmic reticulum resident protein 44","=""ERP44""",20.0326100184304,19.8256399727499,19.9147072885844,20.5251598137673,20.101223281824,20.804075044099,20.2470998373035,20.4460470145267,20.2776804382757,20.3761339412632,20.1479007591396,20.6960204880822,20.0089433260634,19.9534697949405,20.2518505837754,19.9415520483583,20.7906007133647,20.2642572082262,20.2079736695979,19.7767697035416,20.0168288017413,20.1611049489677,20.1845537879822,20.3404409501103,19.7820840648698,20.2709088565916,20.8166431310655,18.3777618659155,19.6969986095755,20.4376150646952,20.1730390657809,21.2344730907354,20.5466019358053,20.7346649538232,20.1361444996257,20.4989442348119,20.4003189204612,20.129008816162,20.4902135386668,20.4259985628887,20.3749012386287,20.1245079804575,20.2188411761884,20.0943291905268,20.8131033011668,-0.170098988997474,-0.446270218939391,0.106072240944444,20.2459943451813,-1.23974997494498,-4.9227810494912,0.221349802423572,0.752472233109963,0,0,0.773746368317523,0,0.355266472075076,0.0807048368109933,0.629828107339159,20.2459943451813,2.6045049097263,-2.95496434740253,0.0123466354043281,0.282187558578439,1,0,0.209889741365162,0
"Q9BS40","LXN_HUMAN","LXN","Latexin","=""LXN""",16.8774322829571,NA,20.0337252586175,NA,17.0937995835673,NA,NA,17.1747047029698,NA,NA,NA,NA,NA,19.9849633446965,16.494205284172,16.8356530593261,NA,NA,16.9279383361906,18.8918152137831,17.3625183405288,16.3918474764567,16.880278794333,NA,17.2304635028878,16.1850385713523,NA,NA,NA,17.6635951834623,17.579082828993,17.195989316763,17.3152620042081,19.1873919896978,17.7946319471642,NA,16.7015318040182,19.0617693753552,17.8118432716979,17.2115072171083,19.1534545630567,18.7964945645481,18.4318796941259,17.995246504836,20.5657492562665,-0.665040613526919,-1.74052202478227,0.410440797728432,17.8217176990738,-1.26279855400317,-4.69512626259363,0.216375956185299,0.752472233109963,0,0,0.361315826847666,0,1.00586819124121,0.13309242366516,1.87864395881727,17.8217176990738,2.35357049561217,-3.4392834297418,0.0253312615405415,0.344080314270748,1,0,0.0247907218066992,1
"Q9BS92","NPS3B_HUMAN","NIPSNAP3B","Protein NipSnap homolog 3B","=""NIPSNAP3B""",22.5260388723354,22.3796284599136,22.789320179699,23.0308658520144,22.1022300944875,22.0032403624514,22.9134427606479,22.0304894739357,22.6071023970821,21.4581322186755,23.0364055935654,23.0261811029705,22.7932935307983,22.5490883523542,23.3332460621734,22.6336682810677,21.4570386271003,23.3214291206479,23.2604222693624,22.76684754458,21.7937799093415,22.1373837701256,22.3200003866032,22.6291765607572,22.3904407960676,23.3378997505683,22.1713479136885,23.4737446205843,22.3090256068321,23.0108749246029,22.1220602874229,21.6749395659878,22.969244196784,22.8890730221716,20.5911169265287,21.7893931653092,22.9213395587786,21.8406637519194,22.1141792276806,22.4928958960525,22.8746542990646,21.9438172597203,23.0233969742789,22.547037031343,22.7394119395086,0.0316717218187854,-0.338013011770417,0.401356455407988,22.4916668555019,0.172445143392825,-5.5743923497315,0.863843404229179,0.95848719206779,0,0,0.995375135114778,0,-0.298657131958564,-0.666187250891537,0.0688729869744093,22.4916668555019,-1.63565145765028,-4.7244709592059,0.108731770884854,0.581214144066023,0,0,0.515467139302699,0
"Q9BSD7","NTPCR_HUMAN","NTPCR","Cancer-related nucleoside-triphosphatase","=""NTPCR""",17.314517082415,17.3809684733805,17.0861739531963,16.7214544628852,17.4633110375754,17.5957971792995,17.1540915311065,17.4552079928582,17.4131434557775,15.9129272966599,17.5302531101029,17.5656244535728,NA,17.5931647282224,17.3393326198554,17.268051378527,16.1456438031866,17.0984562486887,17.1937941020824,17.9657505347779,17.2715440610136,17.3500942734334,17.5095994249875,17.3459849812643,16.8125807470808,17.3223147426902,16.1822023993352,NA,17.4227416374517,17.3449204624257,16.8580882654673,15.7561209520826,17.1198611746676,16.346787828735,16.5779368032473,17.4227865720462,17.975462228214,17.3974451873488,18.0747766570199,16.5769636454414,17.6549792981059,16.5814959171661,NA,17.6074354157806,16.6764034574647,-0.106515426698412,-0.468065780747003,0.25503492735018,17.1520521327771,-0.5941161671176,-5.40442118169293,0.555544489400395,0.905137078267613,0,0,0.939309292401491,0,-0.114795385296947,-0.474247519039396,0.244656748445501,17.1520521327771,-0.644037290632421,-5.73612668526433,0.522968675914727,0.837978453874493,0,0,0.928287081957466,0
"Q9BSE5","SPEB_HUMAN","AGMAT","Agmatinase, mitochondrial","=""AGMAT""",NA,22.5686945069333,NA,NA,21.6538746565755,21.6740066720644,NA,21.6784135018832,21.9885847752799,21.268338187354,22.8617955873569,NA,NA,21.7064792256191,NA,NA,21.4298087852816,NA,21.0916144165664,22.6229896792896,22.4893926472904,22.3216828590421,22.3406744978758,22.5162714173575,21.6018085209822,21.7790736543623,NA,NA,21.591263185021,NA,NA,NA,NA,21.4824014495491,NA,22.194434698071,22.7911114877482,21.8923294875707,22.0595384467116,21.9075146757186,21.3415639806882,NA,21.6786540516005,NA,NA,0.056415815727398,-0.396680477822021,0.509512109276817,21.943550578992,0.255458892682974,-5.34622466612481,0.800301824346288,0.948679518362231,0,0,0.987511096900464,0,-0.0575485258017601,-0.507657049579941,0.392559997976421,21.943550578992,-0.262317719729161,-5.69582995549478,0.795064596964504,0.942866632673364,0,0,0.986888994407228,0
"Q9BSH4","TACO1_HUMAN","TACO1","Translational activator of cytochrome c oxidase 1","=""TACO1""",19.3550066498953,19.4107532886322,19.4194135712343,19.4468123168782,19.3046596469604,19.6877719194619,18.9680693003627,19.3129821251781,19.2104270085274,19.1198383852637,20.0436086648301,19.9614910746113,19.5582691311313,19.0725393178935,20.1454464521142,19.7775051972421,19.7403045374361,19.8307376311278,19.8560598867739,19.1698445456357,19.7628024843334,19.5968396138131,19.4353038790281,19.9744459532418,20.1231819668964,20.0871355448142,18.9992709801139,18.1416241515333,19.4337386421859,20.3260060875985,19.0056648522897,19.082291767063,19.8830331801369,19.2363459308376,18.581679885352,19.4357803757789,19.6347728352017,19.4879177888681,19.1384056160875,19.9014004632444,19.6969613399012,19.0976122982125,19.6587931433323,19.3185804078409,19.8152896217482,0.140459839072463,-0.148557957498908,0.429477635643834,19.4943648769032,0.978224173480832,-5.17072958406386,0.333075755650565,0.826372714395847,0,0,0.856912483513858,0,-0.21868477305863,-0.506018101963842,0.0686485558465818,19.4943648769032,-1.53194562205436,-4.87280458514216,0.132378925355343,0.618529116746516,0,0,0.642621356833199,0
"Q9BSJ8","ESYT1_HUMAN","ESYT1","Extended synaptotagmin-1","=""ESYT1""",18.2273881057267,17.6605470601383,17.2841550159436,18.433026478394,17.1178354273406,NA,17.5160204072594,17.6384343482214,17.3972995693011,16.7781336243504,17.3485416532099,16.1313821149457,18.4601893874602,16.7514674072042,17.6182341565082,NA,18.789692713167,18.0557614922271,17.1816258001896,NA,17.0358555034376,17.6000737843923,16.8223930908631,17.3268815753134,17.2006705962279,17.2475808136934,18.0564035945721,15.6559797016189,16.7709550770075,17.2266899246723,17.4495855735566,18.9493411664666,17.745871242561,17.4326310406294,18.5576932870782,17.4193233592983,NA,17.964816265184,17.3451126505788,17.2724314994464,17.4323240509224,17.7196709647719,17.1007736299915,16.7575992088069,17.1400282271094,-0.131362244321679,-0.592866882437944,0.330142393794587,17.4541565997509,-0.574408267325748,-5.40091459927445,0.56875257787595,0.907706134387879,0,0,0.928551904132107,0,0.274917332366648,-0.183867920712251,0.733702585445547,17.4541565997509,1.20925770607505,-5.2346673561588,0.233320595358637,0.714839559457683,0,0,0.67025389385602,0
"Q9BSL1","UBAC1_HUMAN","UBAC1","Ubiquitin-associated domain-containing protein 1","=""UBAC1""",18.856227682583,19.2272855733762,19.8037814360807,19.1921186820004,19.4085453046751,19.5243151842528,19.5875191517813,19.0929473246403,19.1846398585228,19.1419464816186,19.6564020389748,19.9140081789436,19.0434819581544,19.6200293730696,19.5475546857083,18.9025770762799,19.7291458278474,19.3899382314639,19.3743023997138,18.840775497157,19.4488793479283,18.9143160912234,19.5688030386145,19.3834311210127,19.3600938033866,19.7309731079123,18.4581647057866,19.9452811961616,19.5409174149483,19.4726831256928,19.1147348231024,18.6530703484506,19.1773886141117,18.9069614911445,19.1097219799734,19.2246083316122,19.0639109910846,19.5399269827359,19.435017860073,19.2849321682081,19.7052369559902,19.1468808948026,19.0862800342324,19.3516302029232,19.6136583984039,-0.0405168757980263,-0.27263134825254,0.191597596656487,19.3172232216969,-0.351353707243199,-5.53317520038681,0.726925864892391,0.947417763940137,0,0,0.987161052769444,0,-0.10975479388534,-0.340516445412092,0.121006857641412,19.3172232216969,-0.957349842045165,-5.5314494534106,0.343391006328335,0.779513844543387,0,0,0.889304742239698,0
"Q9BT78","CSN4_HUMAN","COPS4","COP9 signalosome complex subunit 4","=""COPS4""",20.4429621237724,20.7786697876202,21.0883690057137,19.7916371542333,20.798887789398,21.0710541440492,20.5048723580698,20.5827276822326,20.6463396279057,20.5133140632203,20.2796085634175,20.5999669837402,20.5582016591829,20.7713633049041,20.4824539573084,20.8164175842628,20.5914909981531,20.6570859146242,20.7746980864545,20.5035785367484,21.048729826586,20.6116830196343,20.7686356679587,20.8099999841737,20.8041996317167,20.0306540993507,20.5348725237405,20.7781263394908,20.7034761517626,20.7026116920214,20.6044243592575,20.2788781327783,20.7010625786189,20.7437641275359,19.9409900345251,20.4503516605996,20.7114912577009,20.4331868574163,20.1498245347509,20.2401321809333,20.5338022580245,20.636938116259,20.3864430317692,20.4953364712265,20.5569667266696,0.0785480537402314,-0.113073097361403,0.270169204841866,20.5757840131003,0.825092793258088,-5.28999780262733,0.413573566948318,0.872297158372813,0,0,0.932998545390462,0,-0.2181778485742,-0.408682183905276,-0.0276735132431238,20.5757840131003,-2.30524241345661,-3.5703672293469,0.0257107543605228,0.344080314270748,-1,0,0.449906504252153,0
"Q9BTE6","AASD1_HUMAN","AARSD1","Alanyl-tRNA editing protein Aarsd1","=""AARSD1""",NA,17.8079341272474,18.5990215959168,16.9899104927248,18.1034846079322,18.3375537955036,18.5057638486763,18.0037928682206,19.2208276570545,17.8456824808261,17.6451386776003,18.7626894220669,16.6558577658877,17.3129036119366,18.2253857471943,17.5259757459963,17.4022214839434,18.5616121132615,18.3569287300547,17.8283292061141,18.7738849032001,18.3881631401131,18.1397869946021,18.282565009586,17.9065874187751,17.9225002224753,17.1420878554225,17.5577046240781,17.9656217713697,18.6161065108408,18.1596290208431,17.932050898345,18.2433002071273,16.9941043419447,16.2728398470863,18.7326909688789,18.1855212186541,17.8234464619146,18.654908896969,17.901875685265,18.2513322240501,18.0885370148293,18.2529844565181,17.5584529912399,17.7982635658189,0.0259915678994496,-0.37257282085081,0.424555956649709,17.9826354597297,0.131342364606797,-5.56560734768961,0.896089410751154,0.963690029939982,0,0,0.997152395131535,0,-0.101342528689909,-0.491049221999925,0.288364164620108,17.9826354597297,-0.523750820564348,-5.83410623797763,0.603019613575245,0.877101544038078,0,0,0.95003199682803,0
"Q9BTT0","AN32E_HUMAN","ANP32E","Acidic leucine-rich nuclear phosphoprotein 32 family member E","=""ANP32E""",17.2452274649012,NA,NA,NA,16.7072261852311,16.2814281371661,NA,NA,16.0090932394147,16.0333980833407,17.4960284097358,NA,NA,NA,16.962858041673,NA,NA,NA,NA,NA,15.1672157982903,16.1511389649557,NA,17.1417610638282,NA,NA,NA,17.1252017496438,NA,15.037513023836,15.5867843184744,16.6458141410549,NA,17.4058867998879,19.3730101985419,15.3088865163225,NA,18.1006932406827,NA,16.9913433143511,NA,NA,15.754815137816,NA,17.0404235665295,-0.465812282154875,-1.54392519937159,0.612300635061844,16.6459879712227,-0.895946346538162,-4.92627545460699,0.379962655932283,0.855592868940153,0,0,0.63714481964282,0,0.691983023004465,-0.33282016175152,1.71678620776045,16.6459879712227,1.40020069916066,-4.74452360106913,0.175373132438429,0.660084984594642,0,0,0.299802515317146,0
"Q9BTV4","TMM43_HUMAN","TMEM43","Transmembrane protein 43","=""TMEM43""",18.9930721958341,19.9321081047391,18.5865234988237,21.1177332813398,18.6519692523955,19.0086595391484,19.4518020197666,20.2608549525974,19.3941795100107,NA,19.1448784439806,19.6362549622609,20.0300974728753,19.014015636156,19.1706940336432,19.6123713048781,19.4114913381786,20.0738602651593,20.084854006867,18.1161989490211,18.8212292395794,19.4374972944772,20.3105313007967,19.9006702251569,19.1376764403443,18.9964856442889,20.3195847038296,20.4996173136045,19.7609524078887,19.0419916025647,20.1113098789873,19.8953237407678,19.8050281922331,20.1604951813064,20.692224345933,19.3436772932424,19.0486428850887,19.6701574926972,19.4911593494049,18.8764028843436,19.2219527549227,20.0750448328659,19.2901749060487,18.9044157676723,18.2732397554845,0.130951698244292,-0.300258861294424,0.562162257783008,19.5176614591183,0.611635370374516,-5.40978515512008,0.543854109635985,0.899122088181203,0,0,0.92333856053879,0,-0.0443841850424462,-0.466011520603257,0.377243150518365,19.5176614591183,-0.212016829058235,-5.94334838436189,0.83305043395941,0.956145428959168,0,0,0.991925511448832,0
"Q9BTZ2","DHRS4_HUMAN","DHRS4","Dehydrogenase/reductase SDR family member 4","=""DHRS4""",NA,17.1199139147044,NA,16.8225463296248,17.3740844685073,17.4193767117167,16.9613806161317,17.6475430048671,17.5045437348002,16.5769319709971,17.4376032190769,17.6940618425052,NA,17.8437637556475,16.3030458543347,NA,NA,17.5338982128072,17.8607291474128,16.1506674521574,17.3619489230604,17.515230495831,17.0017562172823,16.3405323533956,17.9898926189566,17.6830071486528,17.1427709534183,17.7522434208236,18.0200677100814,17.7025249992154,16.3089407954449,17.5950361915018,17.6367645748497,16.8696118535179,15.9798126767531,17.4713816287193,NA,17.0049431517805,15.6945773562294,17.5769528795428,16.9781072305948,16.7297885630614,17.5714391399367,17.7294946442304,16.7945579266034,0.140977257427565,-0.274239002707309,0.556193517562439,17.1974736843276,0.686188383341822,-5.31089000146915,0.496548769949023,0.896077533266722,0,0,0.906019497913273,0,-0.386901867176693,-0.784679187671959,0.0108754533185729,17.1974736843276,-1.96575533975959,-4.16682605639226,0.0562882967213233,0.447521680709845,-1,0,0.328499287903546,0
"Q9BU02","THTPA_HUMAN","THTPA","Thiamine-triphosphatase","=""THTPA""",NA,NA,16.1499809606373,15.7390169600409,NA,15.6759391572955,16.1400249058923,NA,15.292343058552,NA,15.7237675755378,16.3583002415123,16.2186400613707,15.9535039364882,15.7788953631396,NA,NA,15.0756125801894,16.366409392798,15.532834396779,14.92469204198,15.600059969135,16.0513080595872,16.0340024823467,16.0965267669638,15.9533535250119,16.0494404531785,NA,15.3774591058722,16.10146490676,15.5309605099477,15.828993474898,15.927773147461,15.7075982654672,15.1059098447362,NA,15.6163364099764,NA,15.0900253591062,15.4315613143482,15.2191200791635,15.2930710425976,15.7490275669502,NA,15.8236634972887,-0.126746687090602,-0.428265932731627,0.174772558550423,15.7211063650885,-0.853340846774594,-5.15371753086094,0.399266102121302,0.867495161100663,0,0,0.890146185758319,0,-0.263697841025515,-0.549774087079514,0.0223784050284845,15.7211063650885,-1.87122379590108,-4.29043462990014,0.0696825640001084,0.495085482802268,-1,0,0.495375277616844,0
"Q9BU61","NDUF3_HUMAN","NDUFAF3","NADH dehydrogenase [ubiquinone] 1 alpha subcomplex assembly factor 3","=""NDUFAF3""",NA,NA,16.6358767844418,16.3807927771817,16.5690145552653,17.2072304576488,16.1474470397324,17.0077542005134,15.8131364157993,NA,17.2895056029054,17.158495650093,NA,16.1485898863351,16.7285112019773,16.8941753561019,16.5836891579467,16.4397209037714,16.5056460185497,16.2029153298068,17.2456840472295,16.6114000229372,16.9453554736004,16.6816900472745,16.8668034722778,16.2365264385313,16.1478615146786,16.1336594649533,17.4157409392415,17.3323348633647,16.0686295852977,16.170880225751,16.8832427977228,NA,15.4865962905021,16.6358685915652,16.5062555642272,17.2404921452054,16.5760320831011,16.5062368075341,17.0499585711434,16.804765579046,16.4362730699048,16.5636920645598,16.6248789616764,0.0506379762589013,-0.275738671246858,0.377014623764661,16.6220839989849,0.313326228395875,-5.47653901115293,0.7556197071154,0.948679518362231,0,0,0.98591057329585,0,-0.148467683172985,-0.452876392543459,0.155941026197489,16.6220839989849,-0.984950363791176,-5.49123611481742,0.330419737090776,0.770979386545144,0,0,0.848392538863996,0
"Q9BUF5","TBB6_HUMAN","TUBB6","Tubulin beta-6 chain","=""TUBB6""",NA,18.6792777622793,17.76878339208,18.3196102125529,18.2925233203704,18.7367128606895,19.1453516461257,19.0964888283929,18.1588395260688,NA,17.8744135903443,19.2306382690006,17.8454504862639,18.1968429443347,19.1193750264191,18.1266870847515,18.5201918452276,18.5472219678239,18.9535585012591,18.4256569179949,18.2845727148665,19.1022250244976,18.6803891144677,17.9114898523306,18.2089946513665,18.2819622067042,20.4110876368142,17.9221075833885,18.9651039157334,18.700757507982,19.5983056323708,19.5833016343764,18.445038366957,17.7218908794588,18.8669732710475,NA,18.5034834470544,17.8675247823033,18.7132304514387,18.8612418310226,18.4963379911249,19.2810594489416,18.5409956524914,18.4731787190428,19.0118806737662,0.108617694616232,-0.27482129898298,0.492056688215443,18.6064465993221,0.571257552574739,-5.41520532060728,0.57079617514756,0.908279116004371,0,0,0.940913139903562,0,0.108482639796488,-0.265666845669441,0.482632125262417,18.6064465993221,0.584712990522879,-5.78670812753501,0.561793473347562,0.861916238080618,0,0,0.939362931184774,0
"Q9BUJ2","HNRL1_HUMAN","HNRNPUL1","Heterogeneous nuclear ribonucleoprotein U-like protein 1","=""HNRNPUL1""",NA,NA,NA,18.8298135603515,19.2041782722538,NA,NA,19.0233162450738,NA,NA,NA,19.3824913074065,NA,NA,18.6020583005119,18.726634966811,NA,NA,18.8827323423967,19.473423429657,19.148875224812,19.5087259110237,19.0750288265539,18.9127789792253,19.0687084927182,NA,19.5003638051901,NA,NA,19.6095949390868,19.76955663841,20.3006094747013,18.9904501028926,19.7303235149013,18.5179566100737,19.4264356172317,NA,NA,NA,19.9671627724375,NA,NA,19.2945609342866,NA,20.1659838971783,0.190471311836092,-0.267904797590579,0.648847421262762,19.2963235068827,0.855739259160219,-4.98821187967438,0.400256442594126,0.867495161100663,0,0,0.839956625777742,0,0.397949676032077,0.0157457706058693,0.780153581458285,19.2963235068827,2.14420790612167,-3.79419623414317,0.0419116175586533,0.400792770865861,1,0,0.282981751154797,0
"Q9BUK0","CHCH7_HUMAN","CHCHD7","Coiled-coil-helix-coiled-coil-helix domain-containing protein 7","=""CHCHD7""",16.6991673114382,17.1817925459214,15.3726411005118,16.7463530599303,16.252712825738,16.1282987697096,15.8230546686904,15.8745996024024,16.9514491591564,16.6218219276604,17.2289950846369,17.016165429979,17.2642188872679,16.0724463285874,16.9605911821781,15.5794037885069,16.7085512748089,16.6004987666494,17.0294514924592,15.5483569174616,15.9826908554883,16.5054158836993,16.8914520903012,17.1750219272006,16.58913328461,16.9926184673835,NA,18.0622697478027,16.2301743055218,17.2179927077634,15.7874979539177,15.8265993743934,16.3893159109577,16.2641545297345,15.4335220889111,16.4101647618104,17.0125549887008,16.6481787046433,17.0318831261921,16.7376968422216,17.5274456313146,16.1769294179931,17.2270172854294,16.4490015194456,16.8336437235074,0.0925127821703526,-0.29397675917081,0.479002323511515,16.5696123921054,0.482097456861486,-5.47148609525356,0.63207123911412,0.934833173270874,0,0,0.958447460602328,0,-0.134766535974869,-0.518998635155735,0.249465563205997,16.5696123921054,-0.706413949696986,-5.71264787773698,0.483569171984408,0.834663611429138,0,0,0.906724977591526,0
"Q9BUR5","MIC26_HUMAN","APOO","MICOS complex subunit MIC26","=""APOO""",19.9623754780416,21.2959639189188,21.8751526799312,20.0137024602798,21.4200968849472,21.2081218964145,21.1639213666275,21.145142155564,21.4815737725133,22.0442476694308,21.2636298401293,21.5861747264429,20.5379333173064,21.1953836572191,22.133327074469,21.6173641641494,22.4370914978968,21.316824960957,21.3411847013294,21.4003319026639,21.4012070266226,21.5493706048515,21.2387467216268,21.229323173747,21.7586700832963,21.6707429310072,20.8920086837641,19.98728734508,21.345227844334,21.8846039651383,21.0079709149284,20.980544732852,21.4806376963013,20.6046115539334,19.9067425513683,21.5887845976791,21.437604278497,21.1594372530214,21.7777465135793,21.6706103338237,22.0245939999717,20.6798319768927,20.9308474215373,21.7445476937452,21.4852367956166,0.1783929016173,-0.19334223964561,0.550128042880211,21.2861440181877,0.965950254411308,-5.18100442082547,0.339115755260279,0.826506778828922,0,0,0.824550788201735,0,-0.17268248618112,-0.542251062501453,0.196886090139213,21.2861440181877,-0.940511403754967,-5.54640839651972,0.351863879816696,0.786466622673627,0,0,0.834962273857373,0
"Q9BUT1","BDH2_HUMAN","BDH2","3-hydroxybutyrate dehydrogenase type 2","=""BDH2""",NA,NA,NA,14.4892808327765,NA,NA,15.3952909403849,14.4981068053562,NA,NA,14.7161543989026,14.7627170907488,NA,NA,15.049743891264,NA,NA,15.1408710501495,14.943289653925,15.0675471719914,NA,NA,14.977875383551,15.1878812716777,15.7617267793445,NA,15.5540124358642,NA,NA,15.3544650869067,14.7415148869835,15.1107352323971,14.7074995831113,14.6069319122212,14.1718604353935,NA,NA,15.1973851829924,NA,15.5887014402513,NA,NA,NA,NA,15.6965503219591,0.453223898748867,0.054598269110514,0.85184952838722,15.0327337176433,2.35176229403156,-3.40723158597928,0.0276030653646749,0.488872265797768,1,0,0.196519022594107,0,-0.264234636854908,-0.631471908113828,0.103002634404011,15.0327337176433,-1.48829435007438,-4.70976277065954,0.150233145690281,0.640249130251886,0,0,0.606000524130465,0
"Q9BV68","RN126_HUMAN","RNF126","E3 ubiquitin-protein ligase RNF126","=""RNF126""",14.822269544597,15.4055523776329,15.4808147752115,NA,15.9758462995942,16.1672113916602,15.9289736988116,15.980619808634,16.131071551578,NA,15.4777818321666,15.9826733775893,NA,15.0398920473552,16.1693526758398,NA,NA,16.0349338027466,15.6453138823267,15.5019956159662,16.237143504744,16.2501862518124,15.5346449080808,15.6352111792441,16.0370365399613,15.1164352201404,15.8936201207967,NA,15.4411503761372,16.2195727453319,15.7894413606454,15.5728975979458,15.4918318287839,16.3978744940715,NA,16.033916237198,15.565931122651,NA,15.699179817164,15.8580119909025,15.4256212722213,15.1109420228231,15.9503640878564,NA,15.7936388033226,0.0513126230701904,-0.243038014540787,0.345663260681167,15.7444153934318,0.353202442728675,-5.4433311540552,0.725938942964373,0.947417763940137,0,0,0.983699428307923,0,-0.0722820961306763,-0.364806674302458,0.220242482041105,15.7444153934318,-0.500648408386246,-5.74780538167161,0.619580548076906,0.885234347493014,0,0,0.965989467864528,0
"Q9BV79","MECR_HUMAN","MECR","Enoyl-[acyl-carrier-protein] reductase, mitochondrial","=""MECR""",20.8302494955944,19.3456724724816,19.7767769385329,20.0536568053858,19.1302642897117,19.3976171951809,20.1241405742065,19.1492579512369,19.6014148628448,20.1942738430754,20.8936524291499,19.4090762134155,20.6037848287882,19.7108216958928,20.2224439135187,20.1856860515142,NA,19.809239100315,19.8307586315051,20.4061490094444,19.8170593530821,19.4639852374198,20.5354704785438,20.5247664621989,20.2429647640287,20.8554844294055,18.1649354682159,19.6839714898417,19.6431315137794,20.6278944898985,19.2066907337459,19.5889344651066,19.6245742166103,19.6627572848308,19.2762644159596,20.2639629827591,19.6671721883819,20.4070088573341,19.2640159975244,19.900520357491,20.4404989430332,19.4146768948773,20.2541177218518,19.560556092035,19.9616726327067,0.0903852227075355,-0.282745337214617,0.463515782629688,19.8801823584649,0.487873756567776,-5.46904198843002,0.628005819170514,0.934833173270874,0,0,0.958824010947677,0,-0.210892339679571,-0.581843485756939,0.160058806397797,19.8801823584649,-1.1450249040184,-5.33339145327639,0.258246867152445,0.738905440404508,0,0,0.751627564284257,0
"Q9BV86","NTM1A_HUMAN","NTMT1","N-terminal Xaa-Pro-Lys N-methyltransferase 1","=""NTMT1""",NA,NA,NA,16.9398234050042,16.2384797962579,15.8263036567249,15.8006276413985,NA,16.1407549819582,NA,15.4121106530169,16.4636901933372,17.3559727250829,NA,15.3920093493878,16.2269978624988,NA,15.5642003303103,15.8855133729429,NA,NA,NA,16.4521766476242,16.1738784181879,16.0679410434937,15.9441427068606,15.688538349956,17.0200704016198,NA,16.1961131021349,15.7629575620622,14.4827692479608,15.6459458772252,16.5974988122149,15.4009447844215,NA,NA,NA,NA,16.0217645496273,15.7084722698337,15.3549569970973,16.3885629836111,NA,NA,-0.0733200873183293,-0.52734486246662,0.380704687829962,16.0054720614947,-0.330262191100883,-5.35559778378487,0.743572620376667,0.948679518362231,0,0,0.978510341057381,0,-0.392693596576526,-0.843993002050692,0.0586058088976398,16.0054720614947,-1.77952664259366,-4.36304931273577,0.0856219324712625,0.523957291029147,-1,0,0.380919297432141,0
"Q9BVC6","TM109_HUMAN","TMEM109","Transmembrane protein 109","=""TMEM109""",17.8790062691653,19.2297143295422,20.1116436109427,18.4639359747761,20.0303841767895,19.1231251198779,18.752552294584,19.6632332467986,19.5554376403888,20.0802062144798,19.0871073511649,19.526115803341,19.5376874324319,20.0232362857437,17.4235157715264,19.6189614994429,19.497156657608,19.4556471089251,18.9191109599919,19.2030021064729,19.752917765115,19.4407562808662,18.6985281704573,18.9598141977394,18.7167993482558,18.9813248825403,19.923673645718,17.7685514050578,19.8391619302603,18.9140505583297,19.5135586595245,18.5633200643924,19.5112605956019,18.9180663759765,18.6310037647806,20.3940376953917,19.3933075027883,19.6029429147309,19.4251188458673,18.7161701163543,19.0522220252297,19.4980546075389,19.1586820303655,19.954236815344,19.054955506917,-0.0631915090007702,-0.483547701255271,0.35716468325373,19.2347399013142,-0.302588269000888,-5.54719050116789,0.763566530513373,0.948679518362231,0,0,0.983098238169569,0,0.113165400268191,-0.304740851454887,0.531071651991269,19.2347399013142,0.545061623848969,-5.82335087056576,0.588341942329757,0.870161621650437,0,0,0.94173793553858,0
"Q9BVG4","PBDC1_HUMAN","PBDC1","Protein PBDC1","=""PBDC1""",NA,NA,16.8258606875348,NA,16.4668446974804,16.3477463867353,NA,16.4261259269781,15.9650302431227,16.5778809229449,16.3638311217825,14.9642468673162,NA,16.1320442982889,16.5368405537602,16.3514225735863,16.1113201401924,16.1603351063866,16.2400550774325,15.1589528406847,16.5122336155163,15.7953891809097,14.6142368206183,16.1569009589481,15.7739902623583,NA,16.0610109753277,NA,16.0759286940467,16.1301206335351,16.4589643985931,NA,16.5290966208084,15.7966421962134,NA,15.5329498814717,16.3399278855718,15.5961722074094,16.3988090483957,16.1130195159361,16.2306508146811,16.6660930714643,16.2489225863574,NA,16.5006324641651,-0.337942944975572,-0.710754893839024,0.0348690038878812,16.1188636936158,-1.8383342584916,-4.10995655535554,0.0742659687852473,0.615621409386435,-1,0,0.415328177782167,0,0.259709672827222,-0.0933574592323893,0.612776804886834,16.1188636936158,1.49176960759273,-4.85941391915428,0.144461573722112,0.634360197571404,0,0,0.605033686475352,0
"Q9BVK6","TMED9_HUMAN","TMED9","Transmembrane emp24 domain-containing protein 9","=""TMED9""",NA,NA,NA,NA,NA,24.2176607321234,NA,24.7223556700365,24.0286739458495,NA,NA,22.8299705649313,NA,NA,NA,NA,NA,NA,NA,NA,NA,NA,NA,NA,NA,23.6276463957574,25.6292398048213,NA,NA,NA,25.1719151362201,25.2241053883951,NA,25.2860712165383,23.9355238822727,24.800558410257,NA,24.8738332793051,NA,NA,NA,NA,NA,NA,24.868382796788,0.841560037060749,-0.304420850180722,1.98754092430222,24.5550720940997,1.57460936641071,-4.34974173466775,0.137603889468101,0.708378884160682,0,0,0.188410901746595,0,0.0987678944175521,-0.970651775196246,1.16818756403135,24.5550720940997,0.198030793892647,-5.2625611192098,0.845859420682732,0.959935715069946,0,0,0.983601982394959,0
"Q9BVV7","TIM21_HUMAN","TIMM21","Mitochondrial import inner membrane translocase subunit Tim21","=""TIMM21""",17.6673413965095,17.1961427477121,NA,16.3004137581753,16.5165550935367,NA,17.173426847811,17.2361516830271,17.576161079723,NA,17.5809229019945,NA,NA,NA,18.013235750293,17.6716090278251,16.8615548518495,17.1580223230415,16.5717514958202,17.5424372585444,16.8752625231123,17.029318433168,17.3557918449598,17.7708379269683,17.5781720634795,17.2525438419635,16.2470860891315,18.1888500991691,17.360500317195,17.9438851813141,17.1418946880196,NA,17.4737105840013,16.4093378137225,NA,NA,17.2273025364947,17.9024897972115,17.452095815692,17.4591360555818,17.6186096943527,16.5847524449521,17.4088462735497,NA,17.2168737236818,0.0548802441033693,-0.309688350527596,0.419448838734334,17.2732292561024,0.305286570284218,-5.42883317371812,0.761904137065849,0.948679518362231,0,0,0.985186974798981,0,-0.0505675054182753,-0.39196722410658,0.29083221327003,17.2732292561024,-0.300385725091075,-5.84640099834356,0.765608874709354,0.940198443926051,0,0,0.986585029739582,0
"Q9BW30","TPPP3_HUMAN","TPPP3","Tubulin polymerization-promoting protein family member 3","=""TPPP3""",NA,NA,19.2332102821753,19.9096498083079,NA,NA,20.1167653877222,19.686633173501,19.1305077596763,NA,NA,19.4395595158547,NA,19.4532680730989,NA,19.3638882995152,NA,NA,20.4323068088073,NA,19.1486807976688,NA,18.7269325629419,18.7444933185298,18.3959929778836,NA,22.0401061536335,NA,18.8324743336761,NA,22.5534780358461,22.8449602082827,19.5997228384212,20.1894137815587,21.9504985981055,NA,NA,NA,NA,18.5680207034853,NA,20.8730101486968,NA,19.3138256565947,NA,-0.0898459299460868,-1.14853394854193,0.968842088649758,19.936843444521,-0.175137663079149,-5.29624582068056,0.862438159499515,0.95848719206779,0,0,0.986791543729029,0,1.1773442577397,0.160152237772694,2.1945362777067,19.936843444521,2.38863430879445,-3.34967219264864,0.0251119596675874,0.344080314270748,1,0,0.0130649760758854,1
"Q9BWH2","FUND2_HUMAN","FUNDC2","FUN14 domain-containing protein 2","=""FUNDC2""",24.1768765881938,22.6867851003119,22.292637865882,23.7959722738673,23.0421356597637,23.45011571083,23.4113519206814,22.7587763602103,23.5505583130471,23.4985467412404,23.3808560577884,23.7176390913909,23.7816717830784,23.5681209422544,23.8112519148436,23.6890274254859,22.2833366962022,22.8475871021923,23.1954832331159,23.3827051307138,22.9396134380075,23.3644810156063,22.1669966056528,23.4062347059135,24.2261096548889,23.1106092266652,23.8434587673477,23.3502535290046,22.7930466335707,23.4182375490204,23.0822396210566,21.807581889322,22.929425248073,22.1503239276739,23.2669939592339,23.4010034704321,24.2356771487986,23.5396206019207,22.5724882644762,23.8337069525895,22.7299435158625,22.4069101617045,23.2974263705903,23.6571119175724,23.3214552540122,-0.207618356620067,-0.575118446106573,0.159881732866439,23.2260530075575,-1.13715354578341,-5.02659865463576,0.261357853793224,0.785815429528459,0,0,0.756845797293644,0,-0.119018160671271,-0.484376368151221,0.246340046808679,23.2260530075575,-0.655699989006527,-5.76039712877756,0.51528055654287,0.834663611429138,0,0,0.92411916577884,0
"Q9BX68","HINT2_HUMAN","HINT2","Histidine triad nucleotide-binding protein 2, mitochondrial","=""HINT2""",21.6924885626011,21.8078411265289,21.4402851205017,21.8917498949537,22.0677162616917,21.530174606409,21.5005430717228,21.1380006860344,21.8201085319008,21.8761575768902,22.2969952625775,22.1148127709422,22.4378138729152,20.3086863349303,21.799238008667,21.9789492931603,21.6066253137806,21.8022037276294,22.1426619144144,21.766697161635,21.7660356410493,21.933216760647,22.0726393765099,21.9611506010743,22.1835519913748,21.848527504603,21.099160895829,22.4664124284748,21.2936446693467,22.2625521705295,21.4022693336561,20.9925503538177,21.351541179377,21.3010370433596,21.0991436104811,21.1285183308681,22.0250295854966,20.5633442615535,22.0229688350299,22.7159249484192,21.9631642434176,21.4192518674381,22.212595174846,21.005527521836,22.0262113169108,0.155669555696768,-0.156931851127267,0.468270962520804,21.7141270832407,1.00235963115299,-5.15016462473933,0.321409114022929,0.826372714395847,0,0,0.838038492755351,0,-0.330330122903369,-0.641109610909817,-0.0195506348969212,21.7141270832407,-2.13947217198581,-3.88611340407655,0.0377314646533041,0.382557248031346,-1,0,0.338721174338047,0
"Q9BXB4","OSB11_HUMAN","OSBPL11","Oxysterol-binding protein-related protein 11","=""OSBPL11""",NA,NA,NA,17.8707743366787,18.3872533205541,17.2966811702891,NA,17.10258441047,16.596359068135,18.133146148404,16.8989220798445,17.3351313228182,NA,NA,NA,17.5276436575018,NA,17.7416558793096,18.0933486751877,16.9946879302319,17.4925330823678,17.0896314754323,16.5995688352445,17.255135849866,17.2076499410171,NA,17.8111700504514,16.0120464393811,18.0901965497086,17.6893083601986,17.3482966952891,17.4314214001172,17.7551380257171,17.7675462805286,16.0681913948048,NA,NA,16.565501501785,NA,17.3903313399052,NA,16.783881128979,16.9434773862303,17.4281981100871,17.0410988680263,-0.128899274240769,-0.589496993089835,0.331698444608297,17.30464095983,-0.569336685829479,-5.28323970234111,0.57297819141185,0.908333320164605,0,0,0.930730992193935,0,-0.241069013436814,-0.658897374230601,0.176759347356973,17.30464095983,-1.17377256685713,-5.22181058398429,0.248877775997913,0.729708100568842,0,0,0.715139833710853,0
"Q9BXI3","5NT1A_HUMAN","NT5C1A","Cytosolic 5'-nucleotidase 1A","=""NT5C1A""",21.4576894756527,21.7036377515554,22.7875076594515,22.8090662861853,21.0959493767821,21.0938254437966,21.6315174716004,21.2508320029725,21.7105219647967,21.7890668562099,21.3611333965208,21.6640527912922,21.8708840149296,21.6158905525958,21.0219831491555,20.8830569282479,21.4837668167079,22.5345786806633,22.0685236841757,21.7445484931071,20.8402756985595,21.1639091644826,21.0472454229531,21.252487438298,21.8873752073389,20.959170252057,20.9182828432672,21.8208078352609,21.5762190719778,21.2411983894059,20.9958925017626,20.2309535001498,22.4292951911677,21.4554312472026,22.0107676500108,20.5827331239981,21.9260097985302,21.0122244959917,21.1155871876291,22.0000127367799,21.0104993423462,20.6784824030059,20.8028866409252,21.2087538813257,21.0892383172664,-0.234357468835213,-0.573743876299447,0.10502893862902,21.4407504919576,-1.38993715386496,-4.75592552032237,0.171232146132399,0.726731884094588,0,0,0.661279395317312,0,-0.191511860560716,-0.528920239555806,0.145896518434373,21.4407504919576,-1.14248530321017,-5.35033953562275,0.259158972009722,0.740398448648257,0,0,0.772130985846822,0
"Q9BXK5","B2L13_HUMAN","BCL2L13","Bcl-2-like protein 13","=""BCL2L13""",20.7365286175982,20.877728406079,21.5031300901177,20.5543684563237,21.0470595124387,20.8721678842767,20.591440293604,20.7949202601413,20.7666900866479,20.9221287859453,20.8472126590914,20.6252512967589,21.3406253547161,20.453896094667,21.1069159531372,20.7891043004744,21.289811770494,20.9148762823299,20.8905374508525,20.7810568015756,20.9228614656495,21.2596807950239,20.0867911780384,20.6673602270303,20.7895158744352,20.8878458474642,20.4111269209816,21.6725375896358,20.571343026903,20.980493003903,20.5705806050561,21.0001791610133,21.0873465326305,20.442561315334,21.64338580805,20.9266934769426,20.8811637715575,20.7452531487073,20.9463115447484,20.803838488752,21.0405969554293,20.2146262233976,20.8240368520131,20.735914370807,20.8143171515797,-0.0165549333366926,-0.236879927649314,0.203770060975929,20.8584847042745,-0.15124271978262,-5.5774146181081,0.880444997218375,0.962924583781994,0,0,0.997894316485571,0,-0.0158758085848412,-0.234916693983171,0.203165076813488,20.8584847042745,-0.145888640634002,-5.95466425298521,0.884646170312553,0.975133831606227,0,0,0.998056033445656,0
"Q9BXN1","ASPN_HUMAN","ASPN","Asporin","=""ASPN""",18.9746262521128,NA,19.7229268408447,18.4488296335571,19.6830697827684,19.4672423880858,20.7376221403879,20.4398941225439,18.2677858216409,19.3777482677727,19.8476373625231,17.8397445133714,NA,18.6720317216021,19.1516563366485,20.216992593833,17.1503303619762,17.9089283156884,19.1781511734979,17.7472556574363,21.4436716311642,20.5288255953829,19.5045498062867,19.7792108016626,18.2277980625718,19.2196105248785,21.8039303252286,NA,19.275737403433,19.2675055690979,21.3557330035416,NA,18.3683821882173,NA,17.7375498906902,20.1615143732128,17.7108746819063,18.3001671837516,20.4499340199581,19.3500231023881,19.4094416083584,NA,18.0727423760271,NA,18.042405928561,0.150840928779512,-0.655519803027782,0.957201660586807,19.2326863516476,0.378359606183706,-5.48101265972544,0.707213121843402,0.947417763940137,0,0,0.949087009394293,0,-0.40855203375914,-1.24556839443297,0.428464326914689,19.2326863516476,-0.987252783792293,-5.42153063742878,0.329598075840216,0.770979386545144,0,0,0.635435765835346,0
"Q9BXT2","CCG6_HUMAN","CACNG6","Voltage-dependent calcium channel gamma-6 subunit","=""CACNG6""",NA,16.2038814900212,NA,NA,NA,NA,17.7264137965592,NA,18.2006205819079,NA,17.3042060871103,17.9115459548486,18.8517755352992,16.0455294354207,NA,15.887354004057,NA,NA,NA,NA,NA,NA,NA,NA,17.0641187765268,NA,16.747378272468,NA,NA,NA,16.7295593792329,NA,NA,16.8154370545939,16.7170528446282,16.3072011955558,NA,18.0420044940218,NA,NA,15.8280579546611,16.6515655911521,15.0821366413036,16.2196193558223,16.2627790205507,-1.00437645023984,-2.06124113002445,0.0524882295447631,16.8299118732871,-1.97609714996477,-3.94358970643751,0.0614014869559327,0.596381098478042,-1,0,0.0606562299842003,0,-0.0462209466850076,-1.05719111745143,0.964749224081419,16.8299118732871,-0.0950674071842106,-5.43376376464334,0.925160857057685,0.979916329334689,0,0,0.996411036630007,0
"Q9BXW6","OSBL1_HUMAN","OSBPL1A","Oxysterol-binding protein-related protein 1","=""OSBPL1A""",17.3246626894928,18.2147890741616,NA,17.8451695603041,16.7817929203455,16.9614055088526,NA,17.2697338925625,16.9462317562062,16.9627142211238,17.4237177111896,18.7112204276523,NA,NA,17.7205792805656,NA,18.3919032925939,NA,NA,17.6120675558807,16.9551215635346,16.454393887473,16.0915367385593,17.262259146601,NA,17.8883791561049,17.4918365825519,NA,15.8408885987358,NA,17.0869259769433,NA,NA,17.0348202819504,17.5240329429491,17.3245720230181,18.3074870363561,16.92420518641,18.1130861653985,NA,NA,NA,NA,NA,NA,-0.356414226358829,-0.898904916716919,0.18607646399926,17.350575302871,-1.3457066682171,-4.68821609981708,0.189177922426992,0.735002747790118,0,0,0.552416117818862,0,0.442441280995336,-0.159842161599424,1.0447247235901,17.350575302871,1.50467387431688,-4.68411973572895,0.143589531811208,0.631993832589005,0,0,0.423717423512432,0
"Q9BXW7","HDHD5_HUMAN","HDHD5","Haloacid dehalogenase-like hydrolase domain-containing 5","=""HDHD5""",22.6395451425999,21.0465622808344,21.8273452357168,NA,21.5811307795659,20.5350149739024,20.9780291948976,21.2225636489775,20.9045125774879,NA,21.8147598684658,20.9053857046312,21.7590544287495,19.9965445262402,21.9629688401361,22.1559923717579,NA,21.0748545960751,21.5103669321124,22.32190555315,20.2814832563155,22.1017898865515,20.8772612693672,21.2180251047086,21.5438136579345,22.3305639577596,20.8592528693039,22.5321714575783,20.870125073128,21.918227803851,21.6321980900689,20.7939534455288,21.5690517360711,21.2791491830268,21.0502410722936,21.115353789483,21.6839628965555,21.5848746127477,20.9825931887721,21.2547707618412,21.1140787941446,20.4848444767031,20.9270556965702,21.2646843682601,20.8899942628149,0.193665987884504,-0.201845121840949,0.589177097609958,21.3427632706353,0.987466380862944,-5.12546286653897,0.328932925265648,0.826372714395847,0,0,0.806269288347331,0,-0.359573205528935,-0.739641553565031,0.0204951425071606,21.3427632706353,-1.90788972365009,-4.28531624452397,0.0630910927411559,0.467514855195206,-1,0,0.370254772181145,0
"Q9BY44","EIF2A_HUMAN","EIF2A","Eukaryotic translation initiation factor 2A","=""EIF2A""",NA,NA,NA,16.0744621406254,NA,NA,15.9072744440355,NA,15.850387537731,NA,15.965920702337,NA,16.3658047386243,NA,NA,NA,NA,16.1591959670787,15.3872791455291,16.0304840982483,NA,NA,15.6797183485999,15.8958990764736,15.1155493686703,15.0875957389183,NA,15.9848800467668,15.0371511699021,NA,15.717935442635,16.0959486924127,15.8298085777631,15.9000843659597,NA,NA,NA,NA,NA,15.6007744762931,NA,NA,NA,NA,NA,-0.43380624901943,-0.818204523511711,-0.0494079745271483,15.7729554778212,-2.3537703704478,-3.43937615064372,0.0288996418094818,0.488872265797768,-1,0,0.214944101274186,0,0.23258934816895,-0.149766103551702,0.614944799889603,15.7729554778212,1.26873888939253,-4.88747270276091,0.219073269340327,0.706772095133674,0,0,0.702470540451788,0
"Q9BYD1","RM13_HUMAN","MRPL13","39S ribosomal protein L13, mitochondrial","=""MRPL13""",NA,NA,NA,16.7655077704378,NA,NA,16.9134252180081,NA,NA,NA,NA,NA,NA,NA,NA,16.2126206063754,NA,16.0198722450718,14.8258277334978,NA,NA,NA,15.53757701896,15.8198665264125,15.989753613276,16.5084755031162,NA,16.1879759514457,15.326205685891,15.5089941477494,NA,NA,NA,15.0678888076067,NA,NA,15.5798332211492,15.769452757008,NA,16.5959392869134,15.9408586002242,NA,NA,NA,NA,-1.18731996587992,-1.89283472489606,-0.481805206863772,15.9158867466555,-3.53509294389356,-2.47007471822159,0.0023582714366935,0.407818511469657,-1,0,0.000759325787840503,-1,0.0130800751644067,-0.474980069309707,0.50114021963852,15.9158867466555,0.0562958090142148,-5.59686434664115,0.955724956364287,0.987932247464068,0,0,0.999407842753381,0
"Q9BYD2","RM09_HUMAN","MRPL9","39S ribosomal protein L9, mitochondrial","=""MRPL9""",19.9554841389448,NA,17.2430100588327,18.514233380456,NA,17.3333756908543,17.1212406928287,16.6136809989202,NA,NA,18.6627762466783,15.3324248443606,17.948555282926,18.6715171088629,18.5779258001729,NA,NA,16.0089862519938,16.6750154799961,18.7332694915343,16.8924297607517,NA,15.9814876770309,17.8955560457881,18.2734524409447,18.3766115760939,NA,19.2341521247082,NA,16.4943365417259,16.9260195015906,NA,17.0869488371058,18.2466661757385,18.8923300340404,NA,NA,18.7318634406523,NA,18.7022828795929,NA,NA,NA,NA,18.05943721389,-0.451345547150702,-1.31722097184553,0.414529877544126,17.7566096327506,-1.06602940652714,-4.97145702120749,0.295193189381957,0.799489091675277,0,0,0.576547181096199,0,0.671500082650088,-0.296783953754829,1.639784119055,17.7566096327506,1.418269406789,-4.80519737561717,0.166754618923452,0.655071957582339,0,0,0.300348333731642,0
"Q9BYD6","RM01_HUMAN","MRPL1","39S ribosomal protein L1, mitochondrial","=""MRPL1""",NA,NA,17.7661272039321,NA,17.3948957950287,NA,NA,17.2350359566362,NA,NA,NA,NA,18.5290220678985,NA,15.8427558893625,17.4090053750684,17.8888549707413,16.7429734326912,16.4073907916081,NA,16.5094119605353,16.6046474380921,NA,16.5479906416579,16.8381825855774,NA,NA,17.3012024422105,17.0623101076066,17.5046181744694,NA,15.8614298314808,17.0252978684061,NA,18.6854473274985,NA,16.9145918499973,NA,NA,NA,NA,16.1100143028572,16.5647763122098,NA,18.0327432001909,-0.25863543481751,-1.04852960780589,0.531258738170866,17.0773358924242,-0.675722307179571,-5.09893329453921,0.50566550683,0.896077533266722,0,0,0.838317560530538,0,0.000976015609804648,-0.701557565080356,0.703509596299965,17.0773358924242,0.00286707342896726,-5.71055394459649,0.997736068019161,0.999903966701438,0,0,0.999997787864483,0
"Q9BYT8","NEUL_HUMAN","NLN","Neurolysin, mitochondrial","=""NLN""",NA,NA,NA,NA,NA,NA,NA,18.3370341042883,16.4442207751482,NA,NA,NA,21.0444640362977,19.209147450326,18.8978201741392,NA,19.5261235772183,NA,16.4169423348942,NA,NA,17.8583986798975,NA,NA,NA,NA,NA,NA,NA,NA,NA,19.1058968217278,NA,19.301049458719,20.813133175501,NA,NA,19.3992492376732,NA,NA,16.4794807340231,NA,NA,NA,NA,-0.855621513401765,-2.81770832554718,1.10646529874365,18.6794585046041,-0.9350365293458,-4.79307450982187,0.365572833345515,0.844246153499508,0,0,0.422737796680679,0,1.12361017386166,-0.825144400964335,3.07236474868766,18.6794585046041,1.2362992793237,-4.75927527842603,0.236629674150298,0.717071073263763,0,0,0.198014863790698,0
"Q9BYV2","TRI54_HUMAN","TRIM54","Tripartite motif-containing protein 54","=""TRIM54""",22.2170626268374,20.7054490878645,20.6526581225595,21.5671534833127,19.6604010591789,20.2895355822085,19.9870374714096,20.5316561781684,20.2817653593867,20.5990652250763,21.2062459540964,20.2465611278624,21.1009315403434,21.5824569807151,20.8118458009005,20.3840262975206,NA,19.8427025914796,20.2761196821917,20.9807161460919,20.3405804201651,20.1491508300726,18.8677675568477,20.8477344224365,20.703027045759,21.450055890054,19.7872427084896,20.752936310319,20.3581727655454,19.8760355441359,20.3094045585871,21.6652935647486,20.4191985684855,20.8145566693586,21.9437839951179,20.2473213639787,20.9254817776307,21.4919907159199,20.3662103803229,21.11252067994,20.2729629204613,20.5233859502483,20.4325263564961,20.7114522078135,20.6113810287817,-0.433611906065419,-0.864112960130423,-0.00311085200041544,20.6341719215664,-2.0286065534614,-3.85599583383012,0.0484353818953508,0.559960268741373,-1,0,0.269073485483772,0,0.451418288448419,0.0234317428643595,0.879404834032479,20.6341719215664,2.1243197073637,-3.90440867040563,0.0391667603344036,0.388472486767152,1,0,0.231641993655659,0
"Q9BZE1","RM37_HUMAN","MRPL37","39S ribosomal protein L37, mitochondrial","=""MRPL37""",NA,17.078027109689,16.6902028889591,16.4508012206958,16.0302582844149,NA,16.5984324237673,16.2586439811767,16.3403266892014,17.0214698781999,NA,14.7493035312563,16.1601058733212,NA,16.835283128952,16.3449788676726,16.2170828984873,16.9511583683039,17.0632839680909,NA,16.4378677913815,17.1935535186226,16.9908251267576,16.3084926281678,16.7702633611393,16.2856523142995,NA,15.7855132090269,NA,16.4992838613219,16.4727208778194,14.7676988628763,16.4584154933228,16.3932502836638,NA,15.9172865034794,16.5513247031036,15.6384471290834,16.5718282337634,16.9097303065384,NA,NA,NA,NA,15.1238011785426,0.146187280613081,-0.299173809697674,0.591548370923835,16.3595549847,0.667043260653755,-5.28888402164244,0.509241107743804,0.896077533266722,0,0,0.906057869508089,0,-0.516453094830108,-0.970498099809329,-0.062408089850888,16.3595549847,-2.31147215871936,-3.50195459415809,0.0269904581111851,0.344080314270748,-1,0,0.154808100383419,0
"Q9BZL1","UBL5_HUMAN","UBL5","Ubiquitin-like protein 5","=""UBL5""",19.8898699617938,19.6001940887937,17.6492429235282,19.1837849172356,18.3416853704757,20.0852963825886,20.1157151508571,18.5406484209556,19.822632277838,18.5729391464091,19.7103215191437,20.0483568178743,20.6069215031532,19.507277532658,19.6040904802819,19.4465827818456,19.4617033623937,19.0624582237341,19.3077049823356,19.4142423559765,19.3476873852977,17.1769318570973,20.6361931094801,19.4348479424538,19.4575936950828,19.0857147649059,18.9287914014704,18.2114096526274,19.1895367018416,18.6486812084995,19.3060426573876,NA,19.3546237059718,19.2040221682264,18.0133651611507,17.8156572909384,19.5462608339941,19.1243650243381,NA,19.3127578492672,19.2805923653846,18.8890525774339,18.6897402470092,18.6621533677243,NA,-0.274592154205951,-0.770356517490317,0.221172209078415,19.1735164087489,-1.11696732564098,-5.04580019544599,0.27020488598007,0.794236235660287,0,0,0.698147859714617,0,-0.172402389334398,-0.69384919408213,0.349044415413335,19.1735164087489,-0.666746769447467,-5.702355645287,0.508492541465688,0.834663611429138,0,0,0.889944167297408,0
"Q9BZQ8","NIBA1_HUMAN","NIBAN1","Protein Niban 1","=""NIBAN1""",19.3516648532953,20.1019843153636,20.0718274285123,19.308968604414,19.8820977813045,19.6964716800764,20.0439492487996,20.2245349049577,20.4152654692721,19.5789892231227,20.5385124240951,19.2857637189873,19.0090311955976,19.6113473727839,21.2494718095085,19.5496418102964,20.7048541082529,20.1181675387333,20.2951449192735,20.4904886656714,20.0805838710026,19.873295629467,20.0437631598711,20.7686028078336,19.9934542275934,20.004802402026,19.9878966706166,19.2664471458195,19.327901979737,21.0270961314308,19.952983058748,18.5705576449355,19.8580116855575,19.2647941114987,19.4255674135041,19.1685071273211,20.6484713276112,20.2964388106643,20.9216911882616,20.2186446867598,19.7750314631994,19.1685555195751,18.9144491626889,19.3836458546167,21.1164156813548,0.20591960429201,-0.175444726664405,0.587283935248424,19.9241285740892,1.08684705754226,-5.07443365020326,0.282761811083919,0.798683993712781,0,0,0.77096875693529,0,-0.323225088755244,-0.702366733454468,0.0559165559439801,19.9241285740892,-1.71598854187863,-4.60368051132693,0.0928868240979065,0.537339073041768,-1,0,0.463891993522488,0
"Q9BZV1","UBXN6_HUMAN","UBXN6","UBX domain-containing protein 6","=""UBXN6""",NA,NA,NA,NA,NA,18.2303817893879,NA,18.4406107358553,NA,NA,NA,NA,NA,NA,NA,18.4914428986068,NA,18.1389197070792,18.1237540051615,NA,18.6551674073048,17.7665065320899,18.429142502114,19.0688603330424,NA,18.3572145233359,NA,NA,18.0998418036355,17.6140152391519,18.7255769356123,NA,17.8700168900099,18.1817186363079,NA,19.1600838924413,NA,17.1816507304501,NA,18.6776903981841,NA,NA,NA,NA,NA,-0.0302294074780427,-0.793828797907017,0.733369982950931,18.2895886088761,-0.0828466530759173,-5.02527094270433,0.934838216024723,0.982200119705315,0,0,0.997965161339497,0,0.00176510470742741,-0.50015879867218,0.503689008087035,18.2895886088761,0.00735941850929033,-5.65010264092653,0.994204646166992,0.999903966701438,0,0,0.999989740889756,0
"Q9BZZ5","API5_HUMAN","API5","Apoptosis inhibitor 5","=""API5""",NA,16.3878049969257,NA,14.9903973587079,16.2462796994211,NA,NA,NA,NA,NA,NA,15.7112385744537,NA,14.4385558169198,14.7067518578979,NA,NA,14.9924480443821,NA,NA,NA,NA,NA,NA,15.6725028323726,15.0235877325001,14.7358318116188,NA,15.196265502893,NA,15.9044604686733,15.7997175329325,15.7993143292878,16.4946652094669,14.8410476249973,15.7795087024168,14.9979632621216,16.4294814574965,NA,16.021731575755,NA,NA,16.0132948863663,NA,15.3777427203982,-0.299444058342083,-0.957142414522416,0.358254297838251,15.5254814544548,-0.941748164795525,-4.87994874682467,0.356091557534093,0.835884436312426,0,0,0.734036758513534,0,0.610988074263178,0.0230168481611626,1.19895930036519,15.5254814544548,2.14942600549784,-3.72611809823845,0.0423351077778203,0.400880260815996,1,0,0.144853998166827,0
"Q9C0C9","UBE2O_HUMAN","UBE2O","(E3-independent) E2 ubiquitin-conjugating enzyme","=""UBE2O""",NA,18.2111225184006,17.8629624840118,NA,NA,17.4611212566667,NA,NA,NA,NA,NA,16.9975432340009,NA,NA,17.0027022482274,NA,NA,NA,17.5262524147095,NA,NA,NA,NA,NA,NA,NA,16.8171033120119,19.2153171517582,18.410952477529,18.6104676140577,18.0997664113129,18.104911038231,NA,17.7861023610089,NA,NA,NA,17.2508126572964,NA,17.7208061386052,NA,16.9629832047908,16.2459376439033,17.7757559659189,17.3368594333964,0.662149985986552,-0.114905091763969,1.43920506373707,17.6526041876757,1.77727359576369,-4.14271723830096,0.090704149350562,0.653897593797208,1,0,0.204076423778076,0,-0.70945377132816,-1.39537281027897,-0.0235347323773479,17.6526041876757,-2.15725240257673,-3.72021166000528,0.0433037852768028,0.402966196550617,-1,0,0.107814737467319,0
"Q9C0E8","LNP_HUMAN","LNPK","Endoplasmic reticulum junction formation protein lunapark","=""LNPK""",NA,18.9541740033189,19.0559934394454,17.3062867576335,18.1622549410551,19.0103451969323,18.142513551431,18.4034156288883,18.4060715239934,18.8804561174782,18.5089843851469,19.0840699053968,17.4728854633381,17.9896606002114,18.7511190940932,18.4060753132295,NA,18.8143264711526,19.0471746394558,17.8114229267936,18.9532435555315,18.6157847999165,18.9601869463034,18.365224188569,18.9886543867854,17.999903980964,18.5566194942344,17.0249061327267,18.2934263225782,18.7945457089971,18.5706836386107,19.4620336052577,18.8274246685888,18.904215708936,18.7384000374779,18.7564294084493,17.9519026833671,18.8231576731992,18.0806929639048,18.4529646327521,18.0074659102082,18.4021024710602,18.3754550706696,NA,17.9942034005423,0.0538406664637705,-0.299875215618505,0.407556548546046,18.4787346987768,0.306961223357491,-5.51831253341853,0.760353135538669,0.948679518362231,0,0,0.985357409529848,0,0.0272844450072469,-0.324357438889167,0.37892632890366,18.4787346987768,0.156473996995006,-5.92273304495428,0.876391071177465,0.973137083726547,0,0,0.996406484495896,0
"Q9GZP4","PITH1_HUMAN","PITHD1","PITH domain-containing protein 1","=""PITHD1""",NA,NA,NA,NA,17.4958192780738,17.376476627577,16.934989263355,17.5398737923801,16.4251066161061,NA,16.6132779467637,17.8699963384056,NA,18.0550086772304,NA,17.3700908897048,NA,15.9608674859569,16.9288056242696,16.9765878401403,NA,NA,16.7675632429032,16.3269342477547,16.9072648111461,16.8494560325098,17.5155785186475,NA,NA,16.441797657186,17.2507842019319,17.3058799105872,16.2919873428874,18.0744866274657,16.1883073491461,17.7497080003031,16.7990053760696,17.7272042592516,NA,17.1871529773157,17.2933137905173,18.1052907732433,17.1990665560796,16.498490647108,18.4946015362954,-0.490359785764433,-0.997904525232365,0.0171849537034996,17.1412741949473,-1.96553596752768,-3.90656988963761,0.0578036134557049,0.592408924929819,-1,0,0.247122627686324,0,0.481093502007308,0.0385613910213543,0.923625612993262,17.1412741949473,2.21169472045917,-3.70459441035835,0.0340143290082959,0.37833073328471,1,0,0.196603880379416,0
"Q9GZS3","WDR61_HUMAN","WDR61","WD repeat-containing protein 61","=""WDR61""",NA,17.10261581885,15.9914371588493,NA,16.1373339204401,NA,NA,16.4307892179165,16.4917135165945,15.4306387228236,15.6946145890288,15.4055458521252,NA,15.6873264880841,NA,15.9882603008953,15.3135118722161,16.0729194787737,NA,15.2895823615086,15.1126530800388,15.9771968113962,14.8550897109211,16.2082415351612,NA,15.3189307871744,14.9242803636283,NA,15.8484555900799,15.4470417452253,16.1252770666004,NA,15.388684559955,NA,NA,15.9546561999414,16.0985240806961,15.92743042826,17.0288180526049,14.4357654009101,NA,15.8974544159457,15.7041619575803,14.9984170027519,NA,-0.562009506996814,-1.01077372391632,-0.113245290077305,15.7512054221605,-2.55082377627483,-2.99504549876944,0.0157241661509874,0.473767971577395,-1,0,0.0969290284229193,0,0.254258149799401,-0.178986353546288,0.687502653145091,15.7512054221605,1.1953548155196,-5.16370890285409,0.240720990612536,0.72223973331517,0,0,0.696217418003492,0
"Q9GZT3","SLIRP_HUMAN","SLIRP","SRA stem-loop-interacting RNA-binding protein, mitochondrial","=""SLIRP""",18.8242158423201,19.3860590388816,18.3813285826007,19.5521353315061,19.1676716350227,18.1642033023684,19.4717157397535,19.350078573005,19.4376057855607,18.3616212543866,19.8650902761804,17.9880745273363,18.8327467044252,19.3648484850014,19.8867315293104,19.4045032637207,NA,19.4700249971936,19.4444301177536,19.8883797176807,19.0711433131963,19.2064959871604,19.1264760495921,19.5130444083734,19.5032927959876,19.3782930230773,19.0494743007908,19.9502683121944,19.3738415216,19.452571476986,19.308182574482,19.398641636551,19.37528401112,18.6764828628565,19.0600077837733,19.3275305858529,19.6200305235345,19.567099842073,19.2624752843124,19.6266059352884,19.7420008534784,19.3579170607142,19.3794589254653,19.121361879094,19.6156450710489,0.356646412317996,0.0659563783383662,0.647336446297626,19.2796611527866,2.47103309325699,-3.08368761078891,0.0173209280985583,0.473767971577395,1,0,0.235392555223717,0,-0.058303581671538,-0.347295727692786,0.23068856434971,19.2796611527866,-0.406331077342592,-5.87069584359948,0.686423567550149,0.915228679438145,0,0,0.978301544510082,0
"Q9GZT8","NIF3L_HUMAN","NIF3L1","NIF3-like protein 1","=""NIF3L1""",19.7297180153454,20.4510083975983,20.7218838248039,19.8007087390786,21.0124578705166,21.2383443405841,20.8336743117038,20.8182607835614,21.4280894354783,20.7955590892417,20.1928500623492,21.5549763666323,20.2017648733833,20.4903498448967,20.473820916399,21.5728236317633,19.928548396598,21.1536710797604,21.3424475041366,20.1822344646768,21.0074004404831,20.8763814438698,20.7987834941515,20.107365182496,20.1605219973426,20.3933148247691,20.4232517989767,21.1457167227502,20.9423343379203,20.9290449476303,21.1407839155662,NA,20.8724050543354,19.8173380159658,18.7974574970846,21.0265351469573,20.7707883289648,19.7012965550357,20.4512232400953,20.1550309625454,20.7693304234254,21.3628289880449,21.3932059552661,20.8201541814103,20.2474582035871,0.0793941555598145,-0.32127525976654,0.480063570886169,20.6371169001632,0.399092150868614,-5.51741188259116,0.691711302135738,0.945624054281237,0,0,0.971160411308154,0,-0.218888586877256,-0.623897308010635,0.186120134256123,20.6371169001632,-1.08850289198545,-5.39188285102189,0.282163342763304,0.747796548567826,0,0,0.758090145155222,0
"Q9GZV1","ANKR2_HUMAN","ANKRD2","Ankyrin repeat domain-containing protein 2","=""ANKRD2""",24.8000540179475,24.3696022902449,24.671471122978,25.8736888639734,25.6712539333586,25.9547210279268,24.5511877848138,24.9136011061608,24.4351806497392,24.8690357679697,24.8745954233118,25.3516082209109,25.1123715805404,23.9276494717248,24.8576707944658,24.117601403379,24.9849342231569,24.6817182535206,24.5106286217858,24.2736259322889,23.8171214400042,24.6174082980201,25.4417528124364,24.6668616189677,24.0396626575261,25.0460146564844,25.053760256034,24.7775361927792,24.0689529147286,25.105284062474,24.5227099381356,25.7937785047969,24.9254386162218,24.9869575082103,26.0733074103969,24.1198777292666,24.654679435506,24.7247227290942,24.8316524348913,23.7937472363789,25.0344447106813,25.2512672795255,24.9285108350869,24.085115474579,25.4255511302317,-0.338152881774313,-0.702722141016366,0.0264163774677396,24.8130736971701,-1.86699801841644,-4.1144149291404,0.0682767755706645,0.612150491830663,-1,0,0.403465176811447,0,0.26325984196113,-0.0991846168826286,0.625704300804888,24.8130736971701,1.46202218140164,-4.967898095577,0.150527734366021,0.640249130251886,0,0,0.607434502460931,0
"Q9GZZ1","NAA50_HUMAN","NAA50","N-alpha-acetyltransferase 50","=""NAA50""",NA,NA,18.8471123196682,16.9999725956359,17.6542991580635,18.1941231304501,NA,17.6934408007376,18.5365776812386,17.466610380513,17.8800106538214,18.6607676309634,NA,17.9790188371999,18.2873995109964,18.2134506728329,NA,19.008946500427,18.1735789135579,18.237464402314,18.3670141856842,17.7427785228662,16.5433264205881,18.2926234177798,18.0994898186622,17.2892598019636,17.9801038880395,18.2044745102111,18.1890107459161,18.4446242567189,17.7712439684623,17.9461711999638,18.6739039110226,16.7931048578216,17.4093687930832,17.2807317703271,18.3481403909385,17.3614424395699,17.739461531874,17.620312959622,17.7091814352066,17.8565569885255,18.0495187681723,18.1168769685207,17.7974942547741,0.0249924498837721,-0.341559844748525,0.39154474451607,17.9364747248683,0.13769316244239,-5.49773192031959,0.891156260415074,0.963182196760887,0,0,0.997124126051419,0,-0.293690352411268,-0.630813354265652,0.0434326494431163,17.9364747248683,-1.75930356312772,-4.52524860461364,0.0859795149722573,0.524447395184476,-1,0,0.486454347772234,0
"Q9H061","T126A_HUMAN","TMEM126A","Transmembrane protein 126A","=""TMEM126A""",19.8942001172065,17.9019861489017,18.9590083380387,NA,17.8814465517569,17.6797284571407,17.2144522147454,18.0933561524491,17.6733679729275,18.476147403918,17.0502538931985,NA,19.7888322725613,NA,19.554674493475,17.6203089707184,NA,16.747234510943,17.2825652142734,19.1082704558197,17.9074797494036,18.1426123116338,16.9690903873637,18.7302803681493,18.754683013479,19.5242193909377,NA,18.788888081377,17.1104113216513,17.5539064315524,17.5559702421176,17.6613458039036,17.7177921927917,NA,16.2370552106921,17.9561949180532,18.2605938824993,18.8793058436162,NA,18.6126662639335,17.9922780471353,16.5198017887534,17.4298086885203,NA,NA,-0.333819178185379,-1.00080973076683,0.333171374396076,18.0341726973788,-1.01404228311934,-5.07531100983927,0.317140857329747,0.825960254803846,0,0,0.681566785376562,0,-0.301715311476173,-0.979534744448792,0.376104121496447,18.0341726973788,-0.90187800981202,-5.48205013046578,0.372948965581208,0.795820049946075,0,0,0.742608759009785,0
"Q9H074","PAIP1_HUMAN","PAIP1","Polyadenylate-binding protein-interacting protein 1","=""PAIP1""",NA,NA,NA,16.7790755214942,16.2577818740189,16.5901795026447,15.512441039414,15.9786449525617,15.0101317313791,NA,15.6820469996177,16.7520586256675,15.6056852863081,15.7930196875242,16.3783510891501,15.8963098717653,NA,15.9125401714616,16.7754154803632,15.702383801133,15.9516961500902,16.0243922252792,16.5591732488984,16.3653449328008,16.7549187450648,14.6013146794059,15.9637946419325,NA,16.7502009235111,16.6831502994128,15.7746887698576,NA,16.2580693703034,16.7367027912385,16.988168732661,16.0378363848825,16.0591933828373,15.9005551957277,NA,15.7445417749169,15.4340504771464,15.6449873424434,15.6320998737408,NA,16.4377113950037,0.104672915075437,-0.297416282712588,0.506762112863461,16.0813515825461,0.527444024623856,-5.37435616890147,0.60103055016652,0.923983206133899,0,0,0.948105044081735,0,-0.0910003119051055,-0.481913505935711,0.2999128821255,16.0813515825461,-0.471657793816755,-5.77687622256252,0.639937622402666,0.895912671363733,0,0,0.960192844203005,0
"Q9H0E2","TOLIP_HUMAN","TOLLIP","Toll-interacting protein","=""TOLLIP""",19.5473722351463,20.9404917434502,20.4685292626364,20.9171490822381,21.4578657749751,20.7505082482421,21.4120497367464,19.9821174429923,20.9999663915793,20.1053650952384,20.1133588608364,20.8251518841978,20.030128873945,20.0914577178427,20.0954377505435,20.9932445986905,NA,20.8242008206277,20.6290639508516,20.6092371090774,20.8876709917887,20.4224093791237,20.6844680014031,20.6800218870512,20.6410013554392,20.2519436553942,20.8679595762239,20.5801837403839,20.5972625014663,20.7241858334314,21.2582752679161,21.8929552879118,20.3915699310744,21.0531453376183,20.6403708594316,21.1736245118424,20.7786050938719,20.0181618632078,20.8500392559161,20.5337910652536,19.8188884442253,20.7684612281363,20.7217012924759,20.185828319353,20.5388671783954,0.187638177702659,-0.121876035265752,0.497152390671071,20.6307747372317,1.22098816566978,-4.93105527778065,0.228443700752321,0.753445779529677,0,0,0.758023195347456,0,0.0184495962126405,-0.289256778874463,0.326155971299744,20.6307747372317,0.120759475021459,-5.94234826413608,0.904418657774394,0.977865538778253,0,0,0.998148216569038,0
"Q9H0N5","PHS2_HUMAN","PCBD2","Pterin-4-alpha-carbinolamine dehydratase 2","=""PCBD2""",22.926466283926,22.2804739203973,21.862193965822,22.6368156852937,22.5040915582372,22.7060496758081,22.6077533796579,22.0927559895615,22.2104357827456,21.9098508068834,22.3211183010663,22.9211138074543,22.690389855347,22.534231841841,21.7858921931429,22.3176174756796,22.2297586030208,22.051075368011,22.3143066484936,22.3301000735457,22.1522589728004,22.2426228383104,22.664906817903,22.1181785677246,22.1769924819871,21.8777372456385,21.7831167234949,22.4242873299921,22.4033255805085,22.3044272423911,22.0790249826982,21.6057541515834,22.1750310091365,21.7029303873621,22.2296921824757,22.3235016666578,22.4904073121594,22.1830041419821,22.0034074270012,22.0158992597372,22.2834053409542,22.4043394799282,22.1976073476106,22.0268164108041,22.1851031917068,-0.17465362092949,-0.381031768374994,0.031724526516014,22.250805984633,-1.70343157901481,-4.35279910965608,0.0952294124515908,0.657193415298184,-1,0,0.663191079069283,0,-0.0989858451802519,-0.304161169406917,0.106189479046413,22.250805984633,-0.971088424186454,-5.51905594687616,0.336578480507098,0.777697171159518,0,0,0.897817863673795,0
"Q9H0P0","5NT3A_HUMAN","NT5C3A","Cytosolic 5'-nucleotidase 3A","=""NT5C3A""",21.9083496554157,22.7883971454661,23.3301802033973,23.0014399115014,22.7908467773632,22.9771435313688,22.917773631751,22.6745792807632,22.738369012797,22.8877437202048,22.6570333163419,22.8280287647978,22.8546095331845,22.8426451288175,23.0067433332071,22.6527855569025,22.4333539553684,23.3630316721293,22.8704780599971,22.4403698920658,22.8882418358386,22.532036981865,22.5348466392594,22.421473506218,22.8960846357853,22.7466124485466,22.4656925457115,23.5464530139964,22.7124534307428,22.9034692973495,22.3240872140432,21.4463487758988,22.9973144087694,22.2966107375523,22.1868146547372,22.6918964491281,22.3194216549917,22.4581283144911,22.5909643362588,22.8559141261025,22.649734462282,22.4467416689643,23.0227021023016,22.4077333658286,22.7588722144939,-0.0474217097949818,-0.272085804347094,0.177242384757131,22.6903233534221,-0.424868319244339,-5.50812364112201,0.672911750698307,0.942492860389654,0,0,0.981389663655332,0,-0.263606599062193,-0.486961295343647,-0.040251902780739,22.6903233534221,-2.37559279591076,-3.43081666763008,0.0217393187124009,0.344080314270748,-1,0,0.364491205815523,0
"Q9H0R4","HDHD2_HUMAN","HDHD2","Haloacid dehalogenase-like hydrolase domain-containing protein 2","=""HDHD2""",20.7917231888193,20.9163945291932,21.4375583046066,21.0125964862346,21.5902227985288,21.308864269898,20.9189486497845,20.8336553275583,20.9415004567316,20.556635678661,20.6421363467832,20.6751107825439,19.3699941184516,20.392023704464,20.3783683493978,21.0881738238704,NA,20.7329103102021,20.7006896637276,21.1352434074001,21.3844451260525,20.8425840031388,18.6507033111905,20.1915263130324,20.5218847951568,20.5238470714286,20.7695713997231,21.1663409000154,20.6190132801388,20.8318401009767,20.7251916327386,20.2820413868974,20.9919869345809,19.9396724077475,21.506816045474,20.9716028065231,21.2249498474728,20.1814371605547,20.3593476099342,20.6539155125253,20.8234755070136,20.4937582446692,20.5014597669406,21.1236417721247,19.6163104679702,-0.13930538418543,-0.513478540594315,0.234867772223454,20.689093490929,-0.749835710494113,-5.32818868940748,0.457252611854271,0.890093379954515,0,0,0.896722213454931,0,-0.0254226790782646,-0.397410331952958,0.346564973796429,20.689093490929,-0.137646012618891,-5.9402674978698,0.891133692198228,0.975133831606227,0,0,0.997074050238846,0
"Q9H0U4","RAB1B_HUMAN","RAB1B","Ras-related protein Rab-1B","=""RAB1B""",23.9788292190137,23.6093129007289,24.8353966139401,23.6188220897007,24.4822565776015,24.2564410723532,23.9185719986598,24.3685210226503,23.8960781463101,24.5030869290656,24.0594435896474,24.6414301460722,23.3887201439313,24.5416566361266,24.108687244517,24.2623580511635,24.3092141372641,24.1033995079114,24.2615043899429,24.2626066899783,24.2699764091696,24.2770616852761,23.1756812311787,23.7651183815685,24.111628265506,24.0527223069778,25.124123275457,22.5309300757824,24.0061900347002,24.1890659723218,24.2675869387858,24.6591370201013,24.1386932196486,24.8403251208299,24.8304811778158,23.9536261984451,24.3813705194035,24.0298540311673,24.499133940622,24.2164375914334,24.0134644790264,24.7103364231384,24.0562494121306,24.589802173746,24.799074828511,-0.105583352112195,-0.400740547909158,0.189573843684768,24.197653507096,-0.720033794640413,-5.36048415895247,0.47514383392106,0.896077533266722,0,0,0.924438683676927,0,0.352266177373806,0.0588292311900244,0.645703123557589,24.197653507096,2.41638962465733,-3.34841853254616,0.0196974513462208,0.342026657891323,1,0,0.250713860006145,0
"Q9H0W9","CK054_HUMAN","C11orf54","Ester hydrolase C11orf54","=""C11orf54""",20.8186802763453,22.6785298754276,21.5330194213493,21.7742105142755,22.994871828409,22.5756053179901,22.6123430807462,21.6324969935327,22.240215443137,22.0218275176847,22.0864481544473,22.5156052040528,21.6916223342025,21.3260867313033,21.8145539708786,22.105846191574,22.2345318410703,21.9341037509043,22.3959480265795,22.0557922151883,21.8704630923126,22.433551452858,21.673580712813,21.773177554487,21.7622421448793,22.0684298494835,21.8392330285048,20.8533045853778,21.7205665992974,22.176027350957,21.8884513362721,22.2102922169905,21.7694392223998,22.0669080896544,21.4968707308739,22.1988390586966,22.5204104195957,21.3647571237385,22.1749642283337,21.8399817043922,22.0868292109118,21.7224413459138,22.00379459809,21.335312851577,21.4271322081351,-0.0993841841087715,-0.400527913873256,0.201759545655713,21.9404297645699,-0.664284718272265,-5.39409292199342,0.509821461368482,0.896077533266722,0,0,0.935237662842984,0,-0.0526916033807545,-0.352080192521815,0.246696985760306,21.9404297645699,-0.354255808985553,-5.90494962754893,0.72476455927007,0.924715963328736,0,0,0.983181171700016,0
"Q9H0Z9","RBM38_HUMAN","RBM38","RNA-binding protein 38","=""RBM38""",NA,NA,NA,17.8057345714128,19.9399992444344,19.8849386579399,19.5779912512881,18.9894376832326,19.4707695681101,19.3619625206393,19.3765039146637,19.1180237397901,NA,19.6649923442974,19.4822588516583,18.9902930173757,NA,19.3994991034647,19.7884364234422,19.2411094887127,19.522912572514,19.2012904445569,19.3786576054259,19.4706732537182,19.3520145511719,19.294707052814,18.5436136713155,NA,19.4865330161802,19.5219943044936,19.2484138227194,19.0374927715434,19.5514930430487,19.8239788807373,18.7392748278283,18.84123637919,18.8840053644777,19.7273288615294,19.518441132766,19.4274047359411,NA,19.2755252099418,19.3299669452157,NA,18.9742176459759,-6.61512308752776e-06,-0.33528526463199,0.335272034385815,19.3038682830694,-3.99403375184144e-05,-5.49318872319781,0.999968340941127,0.999968340941127,0,0,0.999999999790568,0,-0.0535974321309816,-0.373041443617316,0.265846579355353,19.3038682830694,-0.339647898339814,-5.84621586233026,0.735989859642638,0.928991337066132,0,0,0.983704531461924,0
"Q9H1C7","CYTM1_HUMAN","CYSTM1","Cysteine-rich and transmembrane domain-containing protein 1","=""CYSTM1""",16.0362706116341,NA,NA,14.9760247305855,NA,16.4462751203813,NA,14.125324504762,NA,NA,NA,15.751669477397,15.813047733247,NA,15.8816860001451,NA,NA,15.682501376356,16.1413023271643,NA,16.2935869430274,14.6493248780294,16.2455680786886,NA,15.8627958432842,14.1714846617914,15.2420339585294,NA,NA,15.8049241827074,16.3100445777526,NA,NA,15.6575881736063,15.7349007309023,NA,NA,16.2059358136882,NA,NA,15.3927726061166,NA,16.4696992513938,NA,15.22862959318,0.0827294347915366,-0.538024668649549,0.703483538232622,15.6575387467117,0.275036035027564,-5.29753589440691,0.785638469774353,0.948679518362231,0,0,0.980238682058017,0,0.279863868132091,-0.337153484061459,0.896881220325641,15.6575387467117,0.936049024637537,-5.27993764089693,0.358556276690253,0.78998984539072,0,0,0.750475797801876,0
"Q9H1E5","TMX4_HUMAN","TMX4","Thioredoxin-related transmembrane protein 4","=""TMX4""",18.3362866723511,17.6553725773035,18.0699001503183,18.1854923584225,17.1911539713009,18.4794444089099,17.6305362025299,17.4051048887676,17.5103198725729,17.2528931270516,16.9191165626224,18.1804154794279,18.2163139668394,17.5350984466633,17.4692976829048,17.1940802036489,17.8612095395616,17.9386386668487,17.8893507829384,16.1207382901949,18.0693013180461,17.1334521785389,17.9389638245416,17.4463076237223,17.5752309829853,17.5111982961456,17.2279664764137,17.4158017310172,18.232560701345,17.5770129696489,17.4675318913431,17.8747334204621,17.9211075595047,17.3991801423131,17.6579734622229,17.8384267228664,18.0039261513707,17.2078871602648,17.5601323097425,17.2027885354735,17.3397404086357,17.3829793714472,17.5639388439286,17.6408749525126,17.3799274738885,-0.195359309704305,-0.48381295025667,0.0930943308480611,17.6135490746569,-1.36322925480347,-4.78687172975339,0.179439969844043,0.731429183389005,0,0,0.714901432844622,0,0.020622321358637,-0.266150139569288,0.307394782286562,17.6135490746569,0.144747448457721,-5.95482266640968,0.885542064504756,0.975133831606227,0,0,0.997496386425618,0
"Q9H1K1","ISCU_HUMAN","ISCU","Iron-sulfur cluster assembly enzyme ISCU, mitochondrial","=""ISCU""",NA,NA,NA,NA,16.5391891911783,NA,16.996071927876,16.9743523316248,17.2869718286182,NA,18.3852673528383,NA,17.7194330207976,NA,17.3969267795017,16.6852807359775,NA,16.9469808362777,16.4774406932083,17.8197762694011,15.8871463994705,17.3103831954249,NA,17.5911785698806,17.0351683535713,18.1919894385045,NA,NA,NA,18.1458414282642,NA,17.8474787266306,17.7202846811567,16.8521781061339,NA,17.5328126906124,NA,17.8690958433006,NA,17.2181626903145,NA,16.9379288561404,16.8318806648232,NA,17.2488538271973,-0.0514721708805261,-0.593324612878032,0.490380271116979,17.2864644014894,-0.194895635314557,-5.33038113266509,0.84693160069965,0.95848719206779,0,0,0.991485112035681,0,0.160794136525162,-0.341383003248224,0.662971276298548,17.2864644014894,0.656937316140218,-5.55875860667875,0.516773865131054,0.834663611429138,0,0,0.899291333647559,0
"Q9H1R3","MYLK2_HUMAN","MYLK2","Myosin light chain kinase 2, skeletal/cardiac muscle","=""MYLK2""",21.536639956995,21.6414714729268,21.0765912422727,19.977134145425,21.6698197536121,21.9961408903888,20.789279016629,20.9129514333868,21.1828604362548,21.241236016827,20.1337365906277,21.7188614310079,21.5494838151023,21.3099160300316,20.5379688812128,20.8968492121403,21.1313801654562,21.0562714205387,20.3425200732102,20.5244293071826,21.5429150008062,21.0302163138342,20.7859948602131,20.2881934801333,20.8099422336932,19.7349638881495,19.7143306997051,21.2153432528729,20.6807492196717,20.7089625674459,20.2080889371563,18.8498471829504,20.7935471987848,19.8002522071601,19.3368879271897,21.7362748532409,20.6877164693937,20.5627141126777,20.8365728109762,20.7852111345133,20.1662715281583,19.7238237871655,20.8640685467434,20.4513993134142,20.652679399171,-0.465739317611913,-0.858068209174107,-0.0734104260497185,20.7376112936989,-2.38948011765692,-3.23529016829309,0.0210238295098221,0.488872265797768,-1,0,0.165508746846807,0,-0.333847085757164,-0.723889386873453,0.0561952153591253,20.7376112936989,-1.72284691470127,-4.59313417002244,0.0916276480137555,0.537339073041768,-1,0,0.450272667209319,0
"Q9H223","EHD4_HUMAN","EHD4","EH domain-containing protein 4","=""EHD4""",NA,NA,NA,NA,NA,NA,16.097781526265,16.4536766841514,15.7515972300295,NA,NA,NA,NA,NA,16.9495039154435,NA,NA,16.3866791504015,NA,NA,16.3365475887473,NA,16.3296335273871,15.9435683133908,16.0339062835653,16.4281748691043,15.7098224326163,NA,NA,16.1586180478037,16.3457982894131,NA,NA,15.8171283228742,NA,NA,NA,NA,NA,NA,NA,16.3649320377178,NA,NA,NA,-0.161797711526795,-0.601657553670249,0.27806213061666,16.2071578812607,-0.779622347135275,-4.96368880852085,0.446964071263572,0.880918793259597,0,0,0.877839076533661,0,0.0520253619130493,-0.43527766901931,0.539328392845409,16.2071578812607,0.226277939869985,-5.39174009668795,0.823843376752106,0.952784992278144,0,0,0.989969438647155,0
"Q9H299","SH3L3_HUMAN","SH3BGRL3","SH3 domain-binding glutamic acid-rich-like protein 3","=""SH3BGRL3""",NA,18.4178231272417,18.7317684467827,NA,17.8423749148937,17.2027705793047,18.7356246152355,17.3311603305505,NA,17.8469435915774,17.9430898177233,16.0300540938185,NA,18.4222282155515,16.0061780145045,17.9750053226702,NA,17.1669866664759,17.3014885526257,18.1518900667987,18.8023639978629,18.8081281755529,15.9686076278331,17.4092220128441,18.2814774863176,17.223068832677,19.4216788655856,NA,18.4284491270633,18.1424708784166,19.3305719836381,19.3043173787006,18.5116969728651,19.2603883566706,NA,18.2983606043388,16.8885080042585,17.9819026680529,17.7925908745889,18.4879564271082,18.6532557621432,19.6580205419201,19.3603154083525,18.2657988047496,19.8650463940134,0.30486220021303,-0.371862897878125,0.981587298304185,18.1381469352976,0.911184310636554,-5.1429150457999,0.367790264841092,0.845371265624585,0,0,0.737170470915345,0,0.737685349671203,0.103735993511736,1.37163470583067,18.1381469352976,2.35359390466223,-3.46176922446617,0.0237217649360949,0.344080314270748,1,0,0.0632950496851532,0
"Q9H2G2","SLK_HUMAN","SLK","STE20-like serine/threonine-protein kinase","=""SLK""",NA,NA,NA,16.725106779194,NA,15.6532569197755,16.2943041313927,15.6921513380472,16.7458635724937,NA,15.4624889183956,NA,NA,NA,15.5417837144583,NA,NA,NA,16.3680385662847,NA,15.1506880937914,15.9741591537053,15.8388802940324,15.7847502645313,16.5349167978354,NA,NA,18.0248826204984,NA,15.9765665615357,15.7615027879044,NA,15.808969009135,NA,NA,NA,NA,NA,NA,NA,NA,15.1851302538732,16.1600186706067,NA,NA,0.125447648739478,-0.485391091565727,0.736286389044682,16.0359714972364,0.428337078515358,-5.2333179959,0.672974020559605,0.942492860389654,0,0,0.951530669761449,0,-0.54923597922175,-1.27245458426312,0.173982625819616,16.0359714972364,-1.58394138634932,-4.47272780227192,0.128860685518087,0.61573984994411,0,0,0.324523481936401,0
"Q9H2H8","PPIL3_HUMAN","PPIL3","Peptidyl-prolyl cis-trans isomerase-like 3","=""PPIL3""",18.0574195137439,18.8408166500098,18.0661847907981,19.7196355933533,18.5397725158041,19.5299220819313,NA,17.6315143382657,17.6781855228298,NA,18.0720893720046,19.7318626235723,18.7874975609423,NA,NA,NA,NA,18.9116966615552,19.1217229415007,17.3933471775822,18.4304584341866,17.7875305358013,18.9682405540427,17.3174134391435,18.667180508832,17.2261030707681,18.6841997488784,18.5678802400507,NA,NA,17.4960649035211,18.0378701150268,18.3778788333276,18.95658176384,19.5377069603436,18.403000587824,NA,18.3291871924402,NA,18.3615555877987,17.5506017486595,18.6333587884148,17.9654047500931,NA,NA,-0.343805373374547,-0.860643986323328,0.173033239574234,18.405451063845,-1.35180607116117,-4.70911916271183,0.185351829252335,0.733010065782738,0,0,0.560187472961353,0,0.0368544975043115,-0.476777811052777,0.5504868060614,18.405451063845,0.14581252984421,-5.81407871512811,0.884929414303889,0.975133831606227,0,0,0.995504767623991,0
"Q9H2J4","PDCL3_HUMAN","PDCL3","Phosducin-like protein 3","=""PDCL3""",NA,NA,15.8116365301708,NA,NA,NA,15.4685760261644,15.8082477573708,15.5695017154115,NA,15.171796707854,15.3531609432627,13.9864353533384,16.422192293017,15.5677978350997,15.5642118523279,NA,16.1665840423468,15.5852121859027,15.4612444513162,15.3415140641603,14.7352783320104,15.0716006907619,14.9454812392053,16.1547188070939,14.9619134704524,15.6281814420214,NA,16.3081007202328,15.9481629666953,15.8743146419323,NA,15.2626856825746,15.6977720910599,14.2139846463784,14.9710512192197,16.1953961462813,14.8315114005937,15.2291616333138,15.9352869743439,14.851564651928,15.5219395433207,14.7183008130961,16.8904546226765,15.3462034316165,0.0341533045298839,-0.426631291252909,0.494937900312677,15.4603104701265,0.150175553681179,-5.43746054088603,0.881440901454768,0.962924583781994,0,0,0.995699219371651,0,-0.106628604110004,-0.515088495337156,0.301831287117149,15.4603104701265,-0.52891851478428,-5.78308782388324,0.600017408891641,0.875675606793572,0,0,0.946991151609597,0
"Q9H2U2","IPYR2_HUMAN","PPA2","Inorganic pyrophosphatase 2, mitochondrial","=""PPA2""",19.4168884150859,19.5261346631849,19.486242738876,20.1628011129195,20.1053258102892,20.389991829314,20.1476775449326,19.3270727107975,19.9117844791582,19.7371079385621,19.5057942888177,20.8743134445433,20.5394091675621,19.4021197607019,20.2565027585644,18.7011429079366,19.64367466009,19.7491365718384,20.106739704561,20.5228221369106,20.025542712499,20.3697480108746,19.8890438175518,19.9446495593572,20.1538315961398,19.3742621030525,20.0256738630698,20.4343953131573,20.1006135302365,20.3993407808397,18.5260512432527,19.1532152244594,19.7170298264002,19.4089963717927,19.8751367844118,20.0556692959233,20.6965241096751,19.1975812597158,20.0393671433055,19.7764688551708,19.7999630903099,19.8380377088311,20.5189127230254,19.6769296233036,20.1535289076013,0.0320081619757246,-0.272845801055617,0.336862125007066,19.8814043577467,0.211339025691064,-5.5678207267407,0.833555433660162,0.953209349951549,0,0,0.994189697249557,0,-0.200480340062423,-0.50355753830724,0.102596858182394,19.8814043577467,-1.33146371769431,-5.13462199931518,0.189591526084402,0.673257283043672,0,0,0.716501150301545,0
"Q9H2W6","RM46_HUMAN","MRPL46","39S ribosomal protein L46, mitochondrial","=""MRPL46""",NA,NA,NA,NA,NA,NA,16.6981036967046,NA,16.6231511357576,16.4170654160235,17.354910595309,16.7827396095382,NA,15.9840125951171,15.487180673123,16.9244097699372,NA,16.7520191241973,16.8397281467367,NA,NA,16.8266157042411,16.6398489998745,16.8466442402309,16.4653668991742,17.2046238243195,16.4832383109484,15.6424234804054,16.0446999525156,17.0629615354657,16.0513788352172,16.6383634045514,16.5590106188906,16.5915137194713,NA,NA,NA,16.8972354608024,17.1037583970383,17.0273614860265,16.8971628823922,16.8504498863316,17.3127436313725,15.3280511926416,16.9341367071302,0.176164695333725,-0.267121281213636,0.619450671881085,16.6216422558544,0.809449760852422,-5.1091387375962,0.424227097751577,0.872297158372813,0,0,0.859797121130448,0,0.0418253122513832,-0.337541988769443,0.42119261327221,16.6216422558544,0.224560988637191,-5.83872305776951,0.823746750381838,0.952784992278144,0,0,0.991923194872542,0
"Q9H3H3","CK068_HUMAN","C11orf68","UPF0696 protein C11orf68","=""C11orf68""",NA,18.6455894927963,18.6513860283195,18.1103191192785,18.7461954447259,18.8172611053631,18.0339983549209,18.4026573068326,18.2550154236361,18.7813527571267,18.2636918610202,18.7241722100598,19.0488646704119,18.3760501599687,18.2756031328801,18.4624915972395,18.5661204757689,18.7690264698538,18.4479585646909,18.2422771847115,18.7587071371083,18.4691256614716,17.8288713915825,17.9450231783466,18.2423593174379,18.1230723527421,18.2925351482065,18.283578285736,18.4348301381074,18.7336142984792,18.3861566799522,18.2499096958859,18.2008097126584,18.5557100167968,17.4496383765938,18.7977542191785,18.7484646488994,18.3508483307066,18.4132035305376,17.8705059636546,18.5894398383774,18.7955466147241,18.5357588227044,18.5502125861516,18.5969798768218,-0.148193903530338,-0.376116818886876,0.0797290118262004,18.427788345056,-1.30952318289171,-4.83659241184954,0.196997960217871,0.735164347255353,0,0,0.786037977604068,0,0.0327565141440118,-0.190101042075924,0.255614070363948,18.427788345056,0.296033704637222,-5.92297356640084,0.768564986053353,0.941462862728133,0,0,0.991414564786664,0
"Q9H3K2","GHITM_HUMAN","GHITM","Growth hormone-inducible transmembrane protein","=""GHITM""",NA,NA,NA,15.675079051416,NA,NA,NA,16.0100789607752,15.943475101061,NA,NA,16.0698190019056,16.1330164481696,NA,16.5225265780485,16.0200359384624,NA,NA,NA,NA,NA,16.7499289317647,17.44533247673,16.3344830529896,16.1077052092362,15.9586909846301,NA,NA,16.2534396476116,NA,15.6239212075771,16.1632411222289,16.9834662416493,15.8355871559952,16.6052679899235,16.0752588480196,NA,15.9491690214252,NA,NA,NA,NA,NA,NA,NA,0.392670858154126,-0.0736886291319224,0.859030345440175,16.222976148481,1.75080996615893,-4.17686598341335,0.0945464575338814,0.657193415298184,1,0,0.396064343316912,0,-0.271783545368784,-0.717263214345859,0.173696123608291,16.222976148481,-1.26860502133305,-4.91911959143873,0.218438097354093,0.705923459422001,0,0,0.661363657183338,0
"Q9H3K6","BOLA2_HUMAN","BOLA2","BolA-like protein 2","=""BOLA2""",19.4431959412184,NA,20.4352617140845,19.2847033808019,NA,19.1948728517494,19.4815028868505,18.9153573304736,20.0047527137986,NA,19.5800245416569,NA,19.3843267297881,20.0018479660768,20.0456175993818,18.3195032474906,NA,19.851900784611,19.2369041408227,NA,19.1121005963228,18.2124549802141,19.9408398637998,20.1147607724532,19.3084761747575,20.0427902097884,NA,19.5270057926933,19.1918941554376,19.9169212179333,NA,19.8969715974408,19.3381072560819,NA,NA,NA,20.1814123613288,19.8115767267284,NA,NA,20.0548544814716,NA,19.4458509997382,NA,NA,-0.206942664085091,-0.609389763563445,0.195504435393264,19.5612341039653,-1.0500985291529,-5.01402149044661,0.302047474435529,0.807732033187255,0,0,0.780558358324423,0,0.379605351104711,-0.099122933745539,0.858333635954962,19.5612341039653,1.61931766728847,-4.5356255461558,0.115831210204965,0.592269018217838,0,0,0.441187486416821,0
"Q9H3N1","TMX1_HUMAN","TMX1","Thioredoxin-related transmembrane protein 1","=""TMX1""",NA,NA,19.3470657138257,19.7444468048375,19.7536354101836,19.4507897349975,19.1641356454184,18.9503844189028,18.9779354975231,NA,18.9096121906413,19.1977770083285,19.6105731645561,19.3479613942437,19.3307896639171,18.573336386953,NA,19.3499690541699,19.8078983920678,19.0604426803771,19.5832924839279,19.6485737479949,18.9162604915724,18.9509688207122,19.0780658192437,19.3086235794405,20.1702716724235,19.6467822039513,19.4915171584589,19.2187468405647,19.8040590768134,20.8254918270462,19.5864558227791,19.8302884026834,20.7686369991888,19.6381131723997,18.5806943115087,18.4822514309896,19.7494275537329,19.471407568204,18.7133011186931,19.8347930219102,19.843396248348,19.1122654689694,18.6519340188005,0.0425178412665197,-0.326679420340742,0.411715102873781,19.4020090736902,0.232401500291663,-5.50304500063366,0.817353849147681,0.948679518362231,0,0,0.991461528577603,0,0.165608523161634,-0.181939294549991,0.513156340873259,19.4020090736902,0.961599681234884,-5.51229808019207,0.34174912574771,0.778269017459071,0,0,0.837101216734208,0
"Q9H444","CHM4B_HUMAN","CHMP4B","Charged multivesicular body protein 4b","=""CHMP4B""",18.5645110668148,18.1105967187622,18.370607476272,19.1356987761001,18.445499015724,19.2151552511523,18.6012508134023,18.9142885498354,18.2526102702843,18.7282680768015,18.0722901811602,19.4930246058722,18.955752660563,18.7991584158379,18.8876899920894,18.3037148358978,18.6290405793028,18.4875419580914,19.1526066861941,18.4692534641615,18.6234573025163,18.5157338436041,19.2601413299187,18.8814744778689,17.3771509594774,18.1802144753345,18.6570121092671,19.2054966359606,19.2038410312856,18.8693535465582,18.5076457051987,16.5822771818748,18.3618180858638,17.7513160637611,18.6534676952489,18.6825525386653,18.9150489227139,18.4442458582289,18.4703200302581,17.8477526491905,18.4092628665289,19.077105627392,18.6624164304905,18.4654051836689,17.3740692749696,-0.0553039391182182,-0.399626161231054,0.289018282994617,18.5459364271148,-0.323297110667061,-5.54149275612291,0.747934116469419,0.948679518362231,0,0,0.984065816637107,0,-0.37408860809234,-0.716404034579543,-0.0317731816051364,18.5459364271148,-2.1996765344772,-3.77360444603513,0.0328885688142724,0.374370545660385,-1,0,0.278768320669345,0
"Q9H446","RWDD1_HUMAN","RWDD1","RWD domain-containing protein 1","=""RWDD1""",NA,NA,NA,16.3063674976672,NA,NA,16.9803542707445,17.076336113153,15.9592715848989,17.1615843976479,NA,16.6694091264127,NA,16.28627549609,17.0114044288633,16.5838932312157,NA,NA,NA,NA,17.2783957284336,NA,16.8197692865666,NA,16.3609075569223,NA,17.1300764144799,NA,NA,17.453285573397,17.8109395714738,NA,NA,16.7326134110398,NA,17.7529475696012,17.5365974054292,NA,NA,15.7918699797082,NA,16.1736864432459,16.3043338094751,16.7001005656511,16.8690670828932,0.173768844270793,-0.385231036161688,0.732768724703274,16.8151950671744,0.641518726068076,-5.1191355226692,0.527255261137131,0.898370121288931,0,0,0.894738029722507,0,-0.0502977726454148,-0.593469776425563,0.492874231134733,16.8151950671744,-0.191099924925918,-5.61992069541034,0.850052021555217,0.960892501602455,0,0,0.991862032069528,0
"Q9H477","RBSK_HUMAN","RBKS","Ribokinase","=""RBKS""",20.5297518927317,19.3732095791962,19.534484341586,NA,19.7601234471803,20.7634628784707,NA,NA,18.2791611517466,19.9566932915896,NA,18.5499375077812,NA,NA,20.7424367481718,18.9039015785142,NA,18.1299832492894,NA,NA,19.7509530021512,19.2763311611611,NA,19.7833433838222,19.41512978617,21.2518994695001,NA,NA,NA,NA,18.9727147296387,NA,19.5075899822769,NA,22.0003656991493,19.1914159709954,19.6336273426122,20.7369628571128,NA,NA,NA,NA,18.780483898056,19.7153678787355,NA,-0.214633569742134,-1.08159448642754,0.652327346943276,19.689138784485,-0.509837747967737,-5.22531692330823,0.614629528779795,0.931559875931908,0,0,0.90080200471997,0,0.292697332000127,-0.59105353422427,1.17644819822453,19.689138784485,0.682060296103196,-5.44380159324661,0.501461557799194,0.834663611429138,0,0,0.817072057483997,0
"Q9H479","FN3K_HUMAN","FN3K","Fructosamine-3-kinase","=""FN3K""",20.2976648363273,21.543680555417,21.5605549473255,20.4044219866844,21.528795027288,21.5207450512644,21.3025591103071,20.7223650794856,20.8761688754981,20.1144898459184,20.9243068725646,20.8432645404455,21.4267427706338,20.9250768991925,21.035254784098,21.2849409626852,20.6296624246329,20.5895379345545,20.6391368949737,21.0580990914278,21.335512401118,21.1635146638405,20.6623293232775,20.7800509117449,20.8041148190175,20.8801057417175,20.3441524854807,21.9779066935123,20.4592077294867,20.7787515680012,20.5641817827258,19.6178334054084,20.7085112389994,20.8796844241384,21.2064352380564,21.7274713632878,20.5791485520746,21.017695402537,21.1729664912036,20.9031755904875,20.9536400097348,20.0565304040056,21.0152786148097,21.1114209287535,21.5013524586713,-0.105227473332558,-0.420617720748944,0.210162774083828,20.9206320162848,-0.671570626649225,-5.38985082677594,0.5052129328916,0.896077533266722,0,0,0.930673539872507,0,-0.0247798493718108,-0.338331923913386,0.288772225169765,20.9206320162848,-0.159074216751242,-5.95274378147598,0.874306162355722,0.97230868305501,0,0,0.996676988511626,0
"Q9H488","OFUT1_HUMAN","POFUT1","GDP-fucose protein O-fucosyltransferase 1","=""POFUT1""",NA,NA,NA,14.8169838440605,15.789061181786,NA,NA,NA,15.0633721451519,NA,NA,NA,NA,NA,NA,NA,NA,15.0660795632251,15.6070278002443,NA,NA,NA,15.672904026391,15.0078727213135,15.5859549035494,14.0128086579088,15.4875029675489,NA,NA,NA,NA,NA,NA,13.9797236540311,NA,NA,NA,NA,NA,NA,NA,NA,NA,NA,NA,0.0159860761475077,-0.716520257930034,0.748492410225049,15.0990264968373,0.0475320306978733,-5.09925695029306,0.962868486286609,0.985435363040972,0,0,0.999395294673857,0,-1.24125476667281,-2.3836634767911,-0.0988460565545151,15.0990264968373,-2.36643892144325,-3.64908088903272,0.035566192926633,0.37833073328471,-1,0,0.0159026038786116,-1
"Q9H4A4","AMPB_HUMAN","RNPEP","Aminopeptidase B","=""RNPEP""",22.6768956950047,23.3426083445341,23.5470500426337,23.3677495896306,24.3996391042877,24.4791272074978,24.1190547272076,23.7854361098902,24.1015214445128,23.3808302084585,23.6862964683867,23.9459176871046,23.0643435784231,24.1491758049568,23.8032344805514,24.0876207284202,23.7117100345179,23.9010094744858,24.065887092338,23.6140032736138,24.16870715017,24.2986810613243,23.9796600794918,23.8676321654344,23.6931215250051,23.859718552445,24.0677434821204,23.4170286987504,23.9375102872539,23.8944668738148,23.9772191819066,23.8023652216835,23.7028002600685,23.9969971315676,23.271746101272,23.9946567522009,23.7930425722921,23.4461581596671,23.6571883022642,23.5921277422466,23.846642475456,23.7048307276213,23.8877432343879,23.9625425907977,23.5713669134574,0.181405445066922,-0.0586825221516512,0.421493412285495,23.7915735186479,1.52086524028595,-4.59639791278885,0.135132335939868,0.708378884160682,0,0,0.695528613255837,0,-0.157138207486412,-0.395826882264826,0.0815504672920024,23.7915735186479,-1.32513703380647,-5.14233799611575,0.191664629299308,0.677072256575023,0,0,0.771365004473085,0
"Q9H4M9","EHD1_HUMAN","EHD1","EH domain-containing protein 1","=""EHD1""",19.9903857418429,20.2676848125506,19.5117637672267,19.8496575423546,20.6250471810951,20.4242841634751,20.7175927642282,20.2591270625631,20.0079049266092,19.5000656336664,19.9111827059576,19.8881148033243,20.1629825309572,20.029895864373,20.2184033910999,20.0395420152958,19.7186962484995,19.8654951176878,20.2322543296106,19.8927935299773,20.6167121986516,20.8265260311718,20.6648256497707,20.0545877491413,20.1148319428335,20.0386602273222,20.3999107044878,20.2832479613363,20.3161506921041,20.5325396677085,20.5422673690951,20.0395888544632,20.1555101846376,20.319438729691,20.6169769998797,20.3364902321035,19.9434091279948,19.6829532603833,19.6624253406446,19.8167611211455,19.8909794266423,20.7407210459975,20.5312087602499,20.0681727289699,20.4971853426089,0.153235947659113,-0.0819981159847147,0.38847001130294,20.1734434551429,1.3112069949215,-4.84557448391697,0.196289805656719,0.735164347255353,0,0,0.779195643752104,0,-0.0501790360728087,-0.284042097034836,0.183684024889218,20.1734434551429,-0.431888355246763,-5.87589083520416,0.667838482360327,0.909001377099351,0,0,0.979946084312371,0
"Q9H6F2","TM38A_HUMAN","TMEM38A","Trimeric intracellular cation channel type A","=""TMEM38A""",23.1534191828831,21.2300646536619,21.0935134301624,21.7290844485964,20.708862995269,20.653033878611,21.0249028813612,21.3824554138838,20.2433359880002,22.4312044612259,21.9413940093158,20.0749099877619,22.4053842277032,22.4870992146739,20.3668716725148,21.3462588323028,21.2007549016246,20.3180022248317,20.5141302429027,21.5835953990993,20.4596871013233,20.6746910948962,18.8712198550494,20.9560905041572,21.1997870717401,21.5243884017893,21.2893473558559,NA,21.3890673814077,19.913360795489,21.2475170991874,21.012625059482,20.9855498776618,21.0329310909257,21.8510188485823,21.6708497013377,20.9991691362374,22.2515175983085,20.7354024675023,21.4834755272768,20.6477576698102,20.3914880067863,19.7450128524839,22.2114090845427,20.6472683539334,-0.598659831833221,-1.13057368664119,-0.066745977025254,21.1154297723216,-2.266781510496,-3.45468470154215,0.0282536085563312,0.488872265797768,-1,0,0.118227954489766,0,0.329108743559434,-0.199698261947196,0.857915749066065,21.1154297723216,1.25346746347952,-5.21341678485324,0.216503292543664,0.704875885604619,0,0,0.604359785415969,0
"Q9H6K4","OPA3_HUMAN","OPA3","Optic atrophy 3 protein","=""OPA3""",NA,17.4576528658961,NA,NA,18.2005712379771,NA,18.6900320681228,17.7423101004558,17.9173492972308,NA,18.6404341010814,18.4000430904446,NA,NA,18.8125592828457,18.820633914302,NA,17.9808632428447,18.650177990175,17.6117563369806,16.2507750437855,16.819423962649,18.012523988482,17.653170667308,17.9660180426815,18.9607502465268,17.7018626349286,NA,NA,19.0864686480957,17.7206435657791,18.2114932709452,17.9613142665642,17.6298972939251,NA,17.9264053181337,NA,17.8195879854312,NA,18.5660238803564,19.0412519558911,17.7393335790865,18.2972303001182,16.9674582550337,18.4263526788334,-0.233737036920147,-0.760849352795514,0.293375278955221,18.0525740347785,-0.902121119683737,-5.07453546267477,0.373522130896753,0.847616168637045,0,0,0.794391316485524,0,0.0552028009638761,-0.414149960989043,0.524555562916795,18.0525740347785,0.239277694735497,-5.83805093887514,0.812368344696355,0.947477443017977,0,0,0.988594323421449,0
"Q9H7C4","SYNCI_HUMAN","SYNC","Syncoilin","=""SYNC""",NA,NA,NA,NA,18.5099249855719,18.3161528358682,17.9517672733005,17.5518858373188,16.444534090155,NA,NA,NA,NA,17.2658565689384,17.327929118951,17.0435230112035,NA,17.1601737508885,17.8591340698953,NA,17.3624344636875,17.6413137644555,18.5184052355341,17.1435210057341,NA,NA,NA,NA,17.2356095313999,17.0236788495834,17.4449756186231,18.6162911545052,NA,18.2787109644938,NA,18.000030800045,NA,NA,NA,NA,NA,17.4845115027714,17.8687545205575,NA,NA,-0.148359620502781,-0.651350854372283,0.354631613366721,17.6385963160673,-0.610100156466251,-5.17946877746797,0.547766163402073,0.902432241314529,0,0,0.914572383600097,0,0.461449589785058,-0.0618931276062014,0.984792307176318,17.6385963160673,1.82382816444761,-4.2288855651573,0.0811766146681053,0.520243371707418,1,0,0.313875453144477,0
"Q9H7C9","AAMDC_HUMAN","AAMDC","Mth938 domain-containing protein","=""AAMDC""",23.3280535418803,22.8327882371303,23.3423776401441,23.4066677001843,23.7617890501565,24.6337292736423,23.6831134166691,23.5953526750053,23.6293725619613,23.8293814231778,22.542498149235,24.3501410643101,23.617704677365,23.2928263149025,22.2453095220326,22.5757231352447,22.9355338627951,23.5875537661585,23.2450604256789,23.5267943965719,23.7668464603277,23.6153648739307,24.0270247586885,23.590256289449,23.5479793705031,21.8287522444285,22.7501508607761,23.4970320636804,23.4618465885228,22.3686235069914,22.0926201092628,21.3042579399069,23.183766234577,23.0388671112559,22.710863770586,23.9751289822166,23.7611040422989,23.3046690925616,23.5734138421035,23.3756463478523,22.3915391525218,22.980997535396,22.9563297099221,22.8731227642104,22.2138499330428,-0.261663269122401,-0.645570914568947,0.122244376324144,23.2033738759835,-1.37191375951713,-4.77686901445196,0.176738539790869,0.728106232654798,0,0,0.635410281169542,0,-0.305891069068839,-0.687561205188216,0.0757790670505386,23.2033738759835,-1.61320450992563,-4.75730871140712,0.113534299625324,0.586851679534715,0,0,0.514010290844097,0
"Q9H7Z7","PGES2_HUMAN","PTGES2","Prostaglandin E synthase 2","=""PTGES2""",22.5790807023376,23.2898110576263,23.3337338602145,22.8616726125106,23.406057817448,22.6247458009983,22.5832015167278,22.9468231033894,23.2208625886172,23.4212330649606,22.9536906269664,22.6174476164487,22.8956875116726,21.9392096062577,22.9588064464434,23.2359553680216,22.2547805974873,23.3160711632811,23.2711010453377,22.9769037072937,22.7056905293318,23.2873718316271,22.3472120760329,22.8771706617837,23.0680757997287,22.9510644620385,22.608511034104,23.2075324236634,22.4839301406677,23.4856740314353,23.1138561877918,22.6881387400822,23.435848962954,22.3623663945225,21.6301039286483,23.1086201926553,23.3897723973143,22.4766985327378,22.7587904197761,23.0512882350085,22.9035793536502,23.0391808917811,23.358885110247,21.8874014426179,22.9868540910718,0.0155854270464779,-0.276403933924196,0.307574788017152,22.8866776374514,0.107439131482247,-5.58240569563316,0.914907436451806,0.970713206218592,0,0,0.998614910983644,0,-0.125710666065029,-0.415998240352486,0.164576908222429,22.8866776374514,-0.871674800610573,-5.6049049576457,0.387908734700478,0.801609022432753,0,0,0.887766839502051,0
"Q9H845","ACAD9_HUMAN","ACAD9","Complex I assembly factor ACAD9, mitochondrial","=""ACAD9""",18.7073583014798,19.0547915726366,NA,17.8915251950137,NA,18.5370067803132,19.2648348714692,17.495266009464,18.7261559936914,NA,19.240503755054,18.9670315695754,18.7497979963846,17.8130554480204,18.5230134512614,18.5273076403631,NA,18.4332590740232,17.9216638780593,18.9538148033614,18.8579551202057,19.3165114422371,17.6146096531704,18.0806398664284,17.4157442507399,19.5700937420452,18.4562810282223,17.0744827156721,18.1352577353227,17.6343668925114,19.0398441948711,17.7043847319925,18.8150338211468,NA,18.038614303302,17.8365893326395,17.8710242577904,18.2607651994734,NA,18.4389523988623,19.2187523575348,18.6626023888236,17.6752287745809,18.1634394222448,17.4137340029389,-0.302904485715384,-0.7332446046833,0.127435633252532,18.3615716403315,-1.42253357540586,-4.67534852148364,0.162615630263391,0.720861261794311,0,0,0.576842855643737,0,-0.0562793892237963,-0.475456695579469,0.362897917131877,18.3615716403315,-0.271344029097377,-5.88258472188247,0.787520519012315,0.942584418301806,0,0,0.986646732288157,0
"Q9H8H3","MET7A_HUMAN","METTL7A","Methyltransferase-like protein 7A","=""METTL7A""",23.0726720594943,22.7135169117535,22.286516314349,21.5023630103139,22.1536205157981,22.411104451878,22.142301546196,22.4507777647483,22.9337999705106,23.1713619406549,22.2599056749353,22.4368156899796,23.2775655490815,23.1486117846626,21.223930391395,22.8279284380263,22.3289577004889,22.4291532102596,22.0668682424362,22.2324132452273,23.1390585293604,21.9524151635489,22.1826236369078,22.9729663777136,22.648468869048,21.8586223345717,22.3565253064551,22.8005009127205,22.8613150049195,21.8230793011853,21.9873449685177,22.445704843449,22.1835291426019,21.660714638731,21.0440988535568,22.6275244246272,22.455104335182,22.7934487606151,23.205651430529,22.7278294745138,21.8487106621182,22.1723653061677,22.8616866988532,22.2249478423749,21.684869032308,-0.0481866808425657,-0.374679249942179,0.278305888257048,22.3908731169503,-0.297073916117387,-5.54864442187935,0.767746280446144,0.948679518362231,0,0,0.987345208593007,0,-0.170491057248228,-0.495080746378462,0.154098631882007,22.3908731169503,-1.05725000016228,-5.43748970626848,0.295913422165508,0.754001885643784,0,0,0.812527941430336,0
"Q9H8M1","CQ10B_HUMAN","COQ10B","Coenzyme Q-binding protein COQ10 homolog B, mitochondrial","=""COQ10B""",NA,19.3025111023365,NA,NA,19.70342621842,NA,19.8177516842356,NA,19.6741013242238,NA,19.3437213931328,NA,NA,17.7420406986663,19.0370252008327,19.71269922671,NA,19.2907966663297,19.3848184681729,19.3443289287231,18.1229160295694,19.414397951578,19.2903882359852,18.6185151583705,19.3958787782143,18.831882287565,NA,15.8790946511781,18.1995257287303,19.5296860326826,19.0869454088795,NA,18.4989387872151,18.9689553603615,NA,18.2482710374167,NA,19.2058243736067,NA,19.0801457134264,18.4457082202967,NA,18.5914787289555,NA,17.8501421770381,-0.391728335746997,-1.06039025549841,0.276933584004417,18.8831695025122,-1.19637467914086,-4.81174721106397,0.24090762406791,0.772570690822174,0,0,0.572602635408467,0,-0.185720866155005,-0.800009670882982,0.428567938572971,18.8831695025122,-0.617414629999788,-5.6299716819209,0.541613400187801,0.849124479467982,0,0,0.892360965794432,0
"Q9H8Y8","GORS2_HUMAN","GORASP2","Golgi reassembly-stacking protein 2","=""GORASP2""",NA,NA,NA,NA,NA,NA,16.0339871317561,15.6775292161169,NA,NA,NA,15.1318988975199,NA,NA,NA,NA,NA,16.2543023325765,15.5617621905281,15.4992329413342,NA,NA,15.8423569218445,15.6936098640428,NA,NA,16.35695121497,NA,15.5735174769992,15.8320238242057,NA,NA,16.0411360328128,NA,NA,NA,NA,15.8881874306764,15.8930299041106,NA,NA,NA,NA,NA,15.695831514079,0.261812504169864,-0.209233179302546,0.732858187642274,15.7983571262382,1.17802247126476,-4.66345808943604,0.255969282648177,0.782013090941701,0,0,0.699932531850536,0,0.0252826838444733,-0.396599940644324,0.447165308333271,15.7983571262382,0.127015801635686,-5.49659496196128,0.90050645069783,0.977865538778253,0,0,0.99735393356081,0
"Q9H910","JUPI2_HUMAN","JPT2","Jupiter microtubule associated homolog 2","=""JPT2""",14.4729883541292,NA,14.2082072000379,15.1056276442077,15.408678590978,14.9626851037804,14.9747129708539,14.9532768474293,13.9345153064845,NA,NA,13.9688238360777,15.0552299101236,14.8184650795,15.0485147145541,NA,NA,14.4326462231704,14.637870363826,14.136360349171,13.7144307178098,14.5440227002038,15.315081719405,14.8572995489019,14.8478788005887,14.3613124650236,NA,15.2994913305044,14.9315643604294,15.1766903082004,15.0816962293946,14.993590017008,14.7593269959266,14.2100301923149,15.1854990945458,13.5494416830951,NA,15.5058300660042,NA,14.2815145656411,NA,14.632349138211,13.5120370781236,14.1898769444058,13.9319072895967,-0.0465989061218419,-0.457132639999979,0.363934827756295,14.6388742705461,-0.229980670642556,-5.47362708913012,0.819372147737127,0.949284003055303,0,0,0.990759666829239,0,-0.222481236860837,-0.630468147904045,0.185505674182372,14.6388742705461,-1.10487112357847,-5.29805933104389,0.27634083816892,0.747796548567826,0,0,0.751159230605725,0
"Q9H987","SYP2L_HUMAN","SYNPO2L","Synaptopodin 2-like protein","=""SYNPO2L""",19.2595652600965,18.1409718735674,NA,NA,17.7500628764851,NA,19.5656662098469,16.6928416315423,17.8541171015134,NA,18.3822115915714,17.2273365840381,NA,17.5041356645327,NA,NA,NA,NA,16.8659587676861,16.6583540357074,17.6260810576153,NA,20.6002928680289,16.2905120029122,NA,17.5323590538141,NA,16.9590392753969,NA,16.9999566623501,17.8535428859098,17.1208059007791,18.0271167261915,18.2712609957732,15.8296565743204,NA,NA,17.697815851065,NA,17.566544516489,18.2519162397685,17.1844013039166,17.0881525951836,NA,16.340758305438,-0.528513529524083,-1.40035729542755,0.343330236379386,17.6121940861264,-1.23974646685663,-4.75532144983524,0.224994014452589,0.753445779529677,0,0,0.454583418255246,0,-0.111466114975585,-0.942037587626829,0.71910535767566,17.6121940861264,-0.274461410214491,-5.71345733211991,0.785673064328041,0.942584418301806,0,0,0.973470998457235,0
"Q9H993","ARMT1_HUMAN","ARMT1","Damage-control phosphatase ARMT1","=""ARMT1""",19.6380089629587,20.0510430784141,20.1521649933117,19.1196688521648,20.345657990388,20.5348986098712,20.0307100438134,19.7037418636413,19.889266662648,19.2249640152753,19.2456420818014,19.7117687983436,19.5158274538952,18.7955009719415,19.5883864067554,20.1805724609259,20.0860684108679,19.8415597375623,19.5403900560744,19.4437757632486,20.4044952126799,19.8114150095175,19.2925810447427,18.9006402845929,19.8291826461257,19.0141883552552,18.0088809675123,18.55808063385,19.6259513063393,19.6299220652415,19.7653352174027,NA,19.9297040610391,18.6015661106183,19.3576843415886,20.2958069218977,19.6996809475,19.4886638839362,19.3832832465044,19.4125605330465,18.877043353723,19.1663462030978,19.6988765915384,19.7043896264438,NA,-0.226772892158671,-0.566134481212918,0.112588696895576,19.5603696692581,-1.34670135589205,-4.80576234833276,0.184966223477063,0.733010065782738,0,0,0.682018932397099,0,0.025491465911248,-0.324004018485019,0.374986950307515,19.5603696692581,0.146992807584337,-5.92163041335039,0.883808544209508,0.975133831606227,0,0,0.996856377768623,0
"Q9H9B4","SFXN1_HUMAN","SFXN1","Sideroflexin-1","=""SFXN1""",NA,16.7554584633266,NA,15.6149182216909,15.9118489444513,16.6304943094658,16.4925856244365,NA,NA,16.0188916029955,15.7552916708102,NA,NA,NA,16.8114072737433,15.9575169373018,NA,15.7524770780606,16.5422732959776,16.3170885625795,15.7396294894757,NA,16.8484193058582,16.239776169971,16.6628404062868,16.404503311247,16.8124179254463,15.8597529745046,15.3675719093042,16.4228472014649,16.1306966194794,NA,15.0850348025014,NA,15.5922018997486,NA,16.7503188117562,16.3409045816706,NA,16.7123714809835,16.321145091179,NA,15.7928487860041,NA,NA,0.0223129255248722,-0.383703559122203,0.428329410171947,16.1946045776456,0.1122281141821,-5.4114759643162,0.911389102696624,0.968606355780717,0,0,0.99793182886123,0,-0.137029907083367,-0.540575012732129,0.266515198565396,16.1946045776456,-0.693445118068808,-5.55370760986356,0.493357441193779,0.834663611429138,0,0,0.907724325405457,0
"Q9H9J2","RM44_HUMAN","MRPL44","39S ribosomal protein L44, mitochondrial","=""MRPL44""",NA,NA,NA,18.5226375993267,NA,NA,16.7578880838557,NA,NA,NA,NA,NA,NA,NA,18.264144196679,16.8243514134384,NA,16.8250679229062,16.2966139480438,NA,NA,NA,14.8302975374869,16.3208680046124,NA,NA,17.4892690574524,NA,15.5641690148985,15.79572356643,16.1126149067814,NA,NA,NA,NA,NA,NA,NA,NA,NA,NA,NA,NA,NA,NA,-1.6661176112105,-2.6828639762658,-0.649371246155201,16.633637104326,-3.53901223323405,-2.45209883875332,0.00361575536319092,0.407818511469657,-1,0,8.54421987577061e-05,-1,-0.218585509660167,-1.8363341622533,1.39916314293297,16.633637104326,-0.291809454751127,-5.04950053679991,0.775022565456357,0.94164415266078,0,0,0.945813960942196,0
"Q9H9P8","L2HDH_HUMAN","L2HGDH","L-2-hydroxyglutarate dehydrogenase, mitochondrial","=""L2HGDH""",22.1296910125424,21.5932298562276,21.4743089927315,20.4143358108957,21.2725774252527,21.693028079994,20.5400433576699,21.2831956579852,21.2030197340204,20.8655133830295,21.4835079185282,21.8921429108085,21.8041530778199,21.7664104506136,22.5561810690545,21.5913578557541,21.3403940286634,21.4339763649418,21.4313473783972,21.9090265258226,21.51685556469,21.1385317177396,21.4009679613023,21.4366877236497,21.725518786854,21.9824387261474,20.9215981679289,20.5101447741069,21.6098422993092,22.1901303930229,21.2205087129336,20.7183337915368,21.6492087925616,21.5029929739282,20.4166341772676,21.3060480990832,21.8784796675967,21.9764870804619,21.2503935915947,21.4154208242901,21.180503811977,21.1501486981357,21.6921024973993,21.366139703036,22.4994014191594,-0.00204014297426625,-0.335765986770272,0.33168570082174,21.4518435743659,-0.0123049987580428,-5.58742485671501,0.990235445583594,0.996080920886472,0,0,0.999979981215211,0,-0.0610676284912053,-0.392848434992259,0.270713178009849,21.4518435743659,-0.370484980480574,-5.8993461558758,0.712720239787532,0.919870186920418,0,0,0.979530848302714,0
"Q9H9S4","CB39L_HUMAN","CAB39L","Calcium-binding protein 39-like","=""CAB39L""",NA,NA,NA,NA,22.3367509599405,NA,21.0616514017653,NA,21.2801376878099,NA,20.5977645891025,NA,20.2915210774635,20.3240518265095,20.0394059675617,NA,NA,NA,NA,18.729343345925,21.6749703422353,NA,NA,20.2765743219563,NA,20.3019301336501,NA,17.9697350547699,NA,21.2453584177307,NA,NA,NA,19.853798732875,NA,NA,NA,NA,21.9971831348302,NA,21.4951675016404,21.3908752517215,21.4606576932062,NA,18.9039831944193,-0.873321931870183,-2.0219464248104,0.275302561070029,20.5910979281638,-1.58579122855735,-4.35782922999207,0.128439807106333,0.697770413391426,0,0,0.166574244348232,0,0.89175952466648,-0.290887587096743,2.0744066364297,20.5910979281638,1.5726870057441,-4.52181756663413,0.131446203235163,0.618529116746516,0,0,0.163732606902274,0
"Q9HA65","TBC17_HUMAN","TBC1D17","TBC1 domain family member 17","=""TBC1D17""",18.1293496499247,19.5738682842933,20.1073878892196,17.6777274057723,19.7914162473871,19.8173610832903,19.4353563938898,19.6928086193521,19.9183999586362,20.3710026720887,18.6110414461368,18.9222918042712,18.1249796657868,19.6026345339343,19.1256915720695,19.946093380889,20.2611445119279,18.4192349296169,18.0297846453884,18.7152729528832,19.0858557851389,19.6655201909378,19.4710178553221,19.3087150269381,19.0377803972256,19.6191828696713,19.5140508847,18.3856077713641,19.5390676003357,19.0032999688414,19.1079783727099,17.6067155763829,19.6056960160692,19.690211428062,17.6461580774718,20.1580333532045,19.4618723262121,18.9065233236975,19.5044127005762,18.8894945144406,19.5553442849177,18.0100218545989,18.190281530867,19.9389174036695,19.1346183351834,-0.0673628391665062,-0.5666194788511,0.431893800518088,19.1624272243399,-0.271585978203911,-5.55501856988359,0.787154481711188,0.948679518362231,0,0,0.984007264480428,0,-0.173023311541172,-0.669370159245338,0.323323536162994,19.1624272243399,-0.701665562065506,-5.73089752836441,0.486419649875891,0.834663611429138,0,0,0.882766057089385,0
"Q9HA77","SYCM_HUMAN","CARS2","Probable cysteine--tRNA ligase, mitochondrial","=""CARS2""",16.6091781891258,NA,NA,NA,NA,NA,NA,NA,NA,NA,NA,NA,NA,NA,16.7625063420921,NA,NA,NA,NA,16.9296746654543,16.1011069196626,17.8091078178801,16.3449440376738,16.4354749916596,15.6607248130024,16.9289148053992,16.2747961298922,NA,18.7292944002166,17.1175253731113,16.6997674388112,17.0651819958132,17.0176979893295,15.4964883602612,16.4965153580553,NA,NA,NA,NA,NA,16.9659780287869,NA,NA,NA,NA,0.177308308555872,-0.893000864675845,1.24761748178759,16.7469376475682,0.346681562736271,-4.9874657812883,0.732632434450899,0.947417763940137,0,0,0.946331268660479,0,-0.208197689627745,-0.907426697878111,0.49103131862262,16.7469376475682,-0.623113807748597,-5.47243414594875,0.54060214654309,0.84847613718659,0,0,0.879803667441072,0
"Q9HAB8","PPCS_HUMAN","PPCS","Phosphopantothenate--cysteine ligase","=""PPCS""",NA,15.1062997089731,NA,NA,NA,14.7281474461203,15.8768605940306,14.8273696027475,15.5920893577266,NA,15.8654123039092,NA,NA,NA,15.0306949989006,15.3699664915489,NA,15.340759859968,15.546263097941,15.8313339624996,NA,NA,14.9329377148435,14.8827298634898,15.8394025821602,16.1393369810402,16.2271667085188,NA,NA,15.9647606629455,15.8239026063879,16.5293748059654,14.5648534848846,15.8914120262549,NA,NA,NA,NA,NA,15.8568180070379,16.2014888946149,16.3054068549074,15.3449897803252,NA,16.6393452486296,0.34106386942203,-0.132712507866252,0.814840246710312,15.6253509094758,1.47697442392745,-4.50751605075656,0.151235006989271,0.720861261794311,0,0,0.525060139546086,0,0.27975965056496,-0.159446400035251,0.718965701165172,15.6253509094758,1.30685506449802,-4.98567169597824,0.202267236903264,0.690148744397553,0,0,0.639478536101,0
"Q9HB71","CYBP_HUMAN","CACYBP","Calcyclin-binding protein","=""CACYBP""",22.6856792047242,22.2412433239151,21.895100367104,NA,22.3854707050521,22.371921907736,21.6981695116586,22.594201743432,22.1496062925281,22.2430884924433,21.8690154018853,23.1172408942693,22.3992288577226,21.9466524046033,22.4901982957135,22.1572017035543,NA,22.3998523151059,22.3555253615394,22.5449638743172,22.2814783882655,22.2797019110752,22.7781798486154,21.9786390878015,22.0486189749996,22.3790912921425,22.7078839125941,NA,22.5021271407962,22.0786581685438,22.413668119919,23.6045137906421,22.221910229242,22.8881481921015,23.7369358598716,22.1329853325318,22.3698537289905,22.5026828010542,21.3139897812493,21.9391528467096,22.1658657943412,22.901967488616,22.9927177656089,22.7952924608689,22.3556551766591,0.0630000622286424,-0.249565814537775,0.37556593899506,22.4027161607272,0.406468659209241,-5.47243825144674,0.686412357720643,0.944052408976364,0,0,0.976573310003522,0,0.192346934488967,-0.113673425193367,0.4983672941713,22.4027161607272,1.26754269920819,-5.18151475599346,0.211776194888107,0.701115954106001,0,0,0.741881488342106,0
"Q9HB90","RRAGC_HUMAN","RRAGC","Ras-related GTP-binding protein C","=""RRAGC""",NA,17.8492400629051,17.1841739352401,NA,18.4467674756145,17.024606421851,17.9263340128878,17.880176337899,17.9751737236413,NA,NA,18.0526464861606,NA,18.2336058333809,NA,NA,18.2791074919676,18.1276800023844,17.4698424969444,NA,17.7404232423412,17.6289803448189,NA,18.0833173189715,17.7097451687382,17.4483950308933,18.6053411027372,18.3353485241673,18.5479238585137,17.890833820363,17.723955967606,NA,18.4801921114725,17.3499199590214,16.2523855519818,18.1230206500759,18.2799961054157,17.7008692865917,18.4639468761204,17.6718020965603,NA,18.1916062282795,18.3466203259771,18.1022894349562,NA,0.159451991197542,-0.255463374892076,0.574367357287161,17.9129171904994,0.780956983644211,-5.18154718497748,0.440225306738832,0.874665844359006,0,0,0.877370988985336,0,-0.0860072696915104,-0.468485221413342,0.296470682030321,17.9129171904994,-0.456967634032996,-5.76660551570592,0.650597169225618,0.905271592896649,0,0,0.963703617898514,0
"Q9HBH5","RDH14_HUMAN","RDH14","Retinol dehydrogenase 14","=""RDH14""",17.1823563466176,16.6877297498492,NA,16.8398233711393,15.8698175701591,NA,NA,15.799901951559,16.5003621157742,NA,17.1214084481335,16.4635344837487,16.6267589124464,17.4172619036739,16.3064375778768,15.3550940201511,NA,16.324892770972,16.0090758545187,17.5018112959769,15.2422273825012,NA,16.0169735911573,16.2790351619314,16.9234515557624,16.2342586993315,15.0037544757466,16.2775236218475,16.2642452896954,16.0964983605027,NA,15.8708257021179,16.0796983243462,15.9359498622743,17.3240284310646,NA,16.7871165396922,NA,NA,16.6347967635046,NA,15.4803894213519,16.0083727483437,15.7258866100158,NA,-0.511319182558331,-0.956108156587075,-0.0665302085295882,16.3088272398116,-2.33611790418514,-3.34790120613074,0.0255107733901414,0.488872265797768,-1,0,0.153224151947338,0,0.0474462360536592,-0.419909370724864,0.514801842832182,16.3088272398116,0.206305588663033,-5.7901192876796,0.837781191844393,0.957969210927554,0,0,0.991637259812982,0
"Q9HBI1","PARVB_HUMAN","PARVB","Beta-parvin","=""PARVB""",19.8924178735576,16.8313858753773,18.4415564048284,18.9718625247286,18.2687376913193,17.5229013459453,17.1351163048088,18.0024676473655,17.4464371077759,NA,18.8258366695727,17.5533211581074,17.5955726307564,19.2524094843748,18.7874865786494,17.913345090137,NA,16.5617662234223,17.8850498774262,19.2967323909344,17.7310768557789,17.8763006977472,18.0345572118304,18.9990188818232,18.7894286297883,18.7125900741458,18.3920917253115,16.0917602816659,17.4210295896909,17.9637365704905,18.1602966873335,17.2837110077419,17.701625749277,17.3435472011012,19.2839811336206,16.8967295817486,17.7714884642453,17.9682796303106,17.8892830631911,18.086079455238,17.6552753531906,17.3213387802492,17.791619201487,18.191446602141,18.6503421028096,-0.250849470409346,-0.778290527641738,0.276591586823046,18.0044427304894,-0.958477888603268,-5.16270446880676,0.343054319538064,0.829368651170115,0,0,0.764620658406927,0,-0.0872047314107647,-0.603247279144999,0.428837816323469,18.0044427304894,-0.340562936075334,-5.89401399104291,0.735051861922217,0.92897627053061,0,0,0.973514210898124,0
"Q9HBL0","TENS1_HUMAN","TNS1","Tensin-1","=""TNS1""",16.0415492302205,16.6431820581218,NA,15.4808245313773,16.4162998855231,15.8986178992166,17.1407462791431,17.0486869057465,16.1793775224291,NA,15.7769189790765,15.7911897504523,16.5267136236531,16.7090910200311,15.1219913731713,15.7011348332465,16.3265380953219,16.0487642090812,NA,NA,16.6546146001318,15.7656832512418,17.5602088390887,15.7830856360231,15.2746539220846,16.0649710062941,16.7314046513983,15.6857378606757,17.1758468933496,16.1422920779401,16.3275012810148,16.3633819578893,16.2089722181807,16.0636682973186,15.4732505565119,16.7958128527307,NA,16.0883888055853,NA,15.4424222291879,16.2754437786325,16.2024320106964,17.0053610436242,16.738393287538,16.0614297767781,0.0377272963483009,-0.360628995550137,0.436083588246739,16.2240149494802,0.191404726864021,-5.5133237887117,0.849175822311281,0.95848719206779,0,0,0.993850984321552,0,0.0152622459115221,-0.380732205735811,0.411256697558855,16.2240149494802,0.077892923138118,-5.89849828451361,0.93830118002368,0.984489678376615,0,0,0.999028506848556,0
"Q9HBL7","PLRKT_HUMAN","PLGRKT","Plasminogen receptor (KT)","=""PLGRKT""",20.9323195017632,19.5280197641823,19.7591042820962,18.5732655379735,19.3633516060044,19.1170900906652,20.0873446911331,20.1144125846937,20.4632475071153,20.7682775739886,20.2417635177478,19.9812682105658,19.6515845876482,19.6923076141658,19.9922044173948,20.3511892826446,19.7604248603178,19.8185399659757,18.8831987063578,20.096988938778,19.9613609777745,20.0353414037811,20.8228712296669,19.9964951003615,19.6668079320858,20.0184440676863,18.4950591037249,18.755368974526,19.9651932852813,19.8991742106985,20.3307597386706,19.2673779368659,20.4600469358399,18.9515895563792,17.5323146314382,20.4593431090516,20.2331434323118,20.4113172831481,20.6139192070639,20.045972323511,20.5007510735237,19.201833617374,19.8890542316248,19.6757110494125,19.7654639692473,-0.120585958577465,-0.553957177751246,0.312785260596317,19.8251248360503,-0.560076672216206,-5.4497960105213,0.578142242049433,0.910429975851931,0,0,0.93606223992822,0,0.054142670386792,-0.376702753438736,0.48498809421232,19.8251248360503,0.252946688057995,-5.93428066133909,0.801435404794221,0.945800004020743,0,0,0.988086999452416,0
"Q9HC38","GLOD4_HUMAN","GLOD4","Glyoxalase domain-containing protein 4","=""GLOD4""",21.5988929749551,20.9615559878524,21.2534957995372,21.5857200433423,21.1546349162987,21.538092490744,20.6122775107059,20.8626269866603,20.6622623772899,20.9249338972549,20.5896956693842,21.3550649261195,21.8371617339245,20.9616558368594,20.7786810858548,20.9642390337301,21.175910065301,20.7975135678828,21.2051057435462,20.7678801192747,20.8116158384347,21.0474098551383,20.9498184681449,20.9610142872304,20.9326820083108,20.6608235979565,21.4030526312996,22.2874121814154,21.023082094286,21.2225898561005,21.215970061795,21.0636132394438,20.9604107744141,20.9257607686032,21.7627195959448,21.2080214176856,21.1036954732863,20.6772279065379,20.9274894076034,21.1262638953142,21.1527862235651,21.1629788413784,21.2511396630896,21.0786731368843,21.1163338418487,-0.0370279867395631,-0.271792754566505,0.197736781087379,21.1026663518273,-0.317473871760211,-5.54313285647263,0.752319401712285,0.948679518362231,0,0,0.98951737542016,0,0.0348623266228714,-0.198534173695117,0.26825882694086,21.1026663518273,0.300658050895986,-5.92168146685438,0.765028788185992,0.940198443926051,0,0,0.990705871095392,0
"Q9HCC0","MCCB_HUMAN","MCCC2","Methylcrotonoyl-CoA carboxylase beta chain, mitochondrial","=""MCCC2""",NA,NA,16.7639153201624,NA,16.9860944384984,16.7263838412947,17.5524644089306,16.5749970494319,17.3965961527942,NA,16.9812131436482,17.3993557202686,16.038462373193,16.6157857946917,17.6244054318818,17.2492745147329,NA,17.5123151526123,16.9075332672929,16.932690472035,16.4917387162239,16.6524577236172,17.2726434752115,17.2620084805094,17.0845583116456,17.3350492480242,16.0788799404456,NA,16.9697614908564,17.7080983020763,16.4242857909769,16.1433887543501,17.7364041725316,16.4851624511477,14.7317437907191,16.6297254232474,16.7076591017553,16.7145379730903,16.8133590724526,17.1734426836293,17.1404199526318,16.6717153846848,17.301414204261,16.817065090189,17.2160924254598,0.0768790972124265,-0.33697644431099,0.490734638735843,16.8928999754155,0.375429293700197,-5.43369732190669,0.709322762701034,0.947417763940137,0,0,0.973941817947984,0,-0.310085549830237,-0.691926612574704,0.0717555129142298,16.8928999754155,-1.64122284921399,-4.69065738548632,0.108584044015355,0.581214144066023,0,0,0.502348342574392,0
"Q9HCP6","HHATL_HUMAN","HHATL","Protein-cysteine N-palmitoyltransferase HHAT-like protein","=""HHATL""",21.0470188218648,20.8364312558107,18.9983395592308,20.7231150559894,19.4693129320316,21.4807952355316,21.529353506299,21.1918093577245,20.6573984284391,20.9927243000853,20.8146414360614,20.2174051558508,21.871951686432,21.0143824912141,20.693924009373,20.6335833375926,20.1305447462632,20.8086168609558,20.5067550459579,NA,19.8914860806853,18.9535557449597,21.7336930547772,21.0435273146531,20.1908024043483,21.1340001398584,20.2188969118122,19.3593486659234,21.3224765895466,20.4325447189299,21.0294782869956,20.5380240495783,20.7691230051339,20.556666243951,20.207560936285,21.6259201341306,20.3197031952537,21.1702152539915,20.0741448304765,20.7183253741115,20.5384482034976,20.163346119182,20.7910951534721,20.59879636769,NA,-0.304747301908762,-0.749647425917839,0.140152822100315,20.6278902791151,-1.38044842539639,-4.75658946626486,0.174415298995588,0.727577717533431,0,0,0.587320210879474,0,0.214621339891593,-0.234798957467966,0.664041637251153,20.6278902791151,0.962416505013989,-5.49818353980571,0.341095127738644,0.778269017459071,0,0,0.793862188962978,0
"Q9HCU5","PREB_HUMAN","PREB","Prolactin regulatory element-binding protein","=""PREB""",NA,19.1666009830059,NA,17.9474565987343,17.811101193843,17.9344001901084,19.1455412364316,17.9417936821743,18.7995299316383,NA,NA,NA,NA,NA,NA,18.6086412306095,17.0467892701735,18.3942334465405,18.4463728225579,NA,NA,17.6088945870214,18.3423747722079,18.1807486956564,NA,NA,NA,19.0671161698294,NA,NA,18.2085984561852,16.6179615486453,18.0600875829825,NA,18.4440988163786,18.2683253656496,NA,NA,17.768112809283,NA,NA,18.2113731121292,17.5833339022447,NA,NA,-0.186107521486335,-0.77399766387755,0.40178262090488,18.1566733219144,-0.653306362346108,-5.14154772353299,0.519758635013663,0.896077533266722,0,0,0.885336891149539,0,-0.348485221865086,-0.913376954035834,0.216406510305661,18.1566733219144,-1.27311691337758,-4.9619910996928,0.215150195968898,0.704875885604619,0,0,0.585423779662776,0
"Q9HD33","RM47_HUMAN","MRPL47","39S ribosomal protein L47, mitochondrial","=""MRPL47""",NA,17.4069399424467,NA,NA,17.127040403484,NA,NA,16.0966304862129,15.4292187056757,NA,17.1518582451746,NA,NA,NA,15.2992493163953,17.1546758833685,NA,17.062537690989,16.6060464738951,16.5560150336307,17.0567545038671,NA,16.2496190886836,16.4765251573353,16.8616826411618,16.4175105114508,NA,NA,16.2326587708125,16.1750146761379,NA,16.0344628195713,16.6525587906309,NA,NA,NA,16.8083061952062,16.9267914583929,16.8220492814311,16.5841593888773,NA,NA,16.6448484367678,NA,16.629272740891,0.17562945593868,-0.326252096328121,0.67751100820548,16.5784970656996,0.719261035418075,-5.11818384302562,0.478385614585693,0.896077533266722,0,0,0.878536084089376,0,0.0428434702739118,-0.413889673826157,0.499576614373981,16.5784970656996,0.192802438703782,-5.7297339091903,0.848609485594254,0.959935715069946,0,0,0.992991653888228,0
"Q9HDC5","JPH1_HUMAN","JPH1","Junctophilin-1","=""JPH1""",20.163310879763,20.7754077023466,20.7629503815469,19.2617770476475,18.985612626138,19.9038764076237,20.4489861010917,20.9042650025266,20.7285556968474,20.254076931885,20.0036888739969,19.8261959124351,20.0515267343366,20.5072922514354,19.2260848762149,18.8343206508343,19.8337690604132,20.3904820388171,19.6751844245782,19.147607513014,20.59796165601,20.259067567222,21.0352790177823,19.938333210458,19.541156556974,20.4083142062787,18.6314953636461,19.9286521679498,20.083255477343,19.0834218147796,19.7093492142011,20.9952220835967,20.2495177057294,20.2734514252116,19.098245328239,20.7220238976082,19.6854372419344,20.6006599944616,20.8355196564553,20.2031074149215,20.693505112942,20.5178146691975,19.5389674295381,19.9440381131807,18.5628096933467,-0.290245919193353,-0.693930145220398,0.113438306833692,20.0182572696111,-1.44722198924387,-4.6877169558342,0.154609750857287,0.720861261794311,0,0,0.581673546223195,0,0.282757883630897,-0.118573570234199,0.684089337495992,20.0182572696111,1.41815053778325,-5.02550802602367,0.162880203226936,0.652706866863196,0,0,0.598617693432748,0
"Q9HDC9","APMAP_HUMAN","APMAP","Adipocyte plasma membrane-associated protein","=""APMAP""",19.581115794592,18.3412637577807,18.5582342377384,18.7563682095157,18.8216975264876,18.9809143912991,18.337743778953,18.3691349082934,17.8336458270167,NA,17.6775653367214,18.5996035561245,19.7276572699193,19.3135257167285,18.9907118156173,18.2369658228737,NA,17.7210385066533,18.5443338682357,18.3853488019081,18.6622202430902,18.5427119748214,17.8437095671198,18.5535436673748,18.5831860792513,18.1336548538852,19.6745944495936,19.3407242853661,18.5410273480051,18.4123962871819,18.8538329132367,20.2206089059416,18.1688431325829,20.5423354230313,20.5206831706763,18.5527265509559,18.2576161023274,19.6135225275137,NA,18.9767910563219,NA,20.0859145447794,19.9527337302301,19.3031386910827,20.1096899311652,-0.176152262705266,-0.618108207893515,0.265803682482983,18.8834896234632,-0.804332168052778,-5.27888413076557,0.42573030127837,0.872297158372813,0,0,0.860342176783243,0,0.929079221839867,0.481751363883777,1.37640707979596,18.8834896234632,4.19134098830035,0.967046718498532,0.000139405051452724,0.0440752304343031,1,1,0.00026165514536213,1
"Q9NNW7","TRXR2_HUMAN","TXNRD2","Thioredoxin reductase 2, mitochondrial","=""TXNRD2""",NA,NA,17.7196385561758,16.273855245961,NA,16.3867679122863,NA,16.9707468000559,17.3853399794473,NA,15.4814378845957,16.7523167469644,17.4890054822075,16.7185712273327,16.8119865186438,NA,NA,17.6776278809092,15.695787490666,18.3572375394746,17.0404482140121,15.5445032384451,15.9360195878351,16.8099241768803,15.8706793691976,15.0967931214638,16.31138629771,17.7897991264546,15.9344633281822,16.4696544524857,15.748638297486,NA,17.6130334308304,15.0145233761357,NA,16.5206616541112,18.4305028933245,16.2327740276253,16.101913799937,16.353675657341,16.0411283364142,16.4135745049705,17.5182256056433,NA,16.5742683281374,-0.329220571036107,-0.949753228594971,0.291312086522758,16.6024831454098,-1.07595285141496,-4.98750672833558,0.289098403163555,0.799489091675277,0,0,0.664607373468174,0,0.0767281236560393,-0.511052409544648,0.664508656856727,16.6024831454098,0.26473435189745,-5.84722775453674,0.792722291738602,0.942866632673364,0,0,0.982335296503324,0
"Q9NP72","RAB18_HUMAN","RAB18","Ras-related protein Rab-18","=""RAB18""",16.7057244377712,17.5441667411054,18.004990827477,17.5868677872408,17.1737682272689,17.3301078892155,17.6195159487017,17.2858818537082,17.7853974840219,NA,16.9304014168045,18.0106570614768,17.3901034702066,17.3840730469891,17.1539368390003,16.4670482625886,NA,18.3796122709654,18.2046858463191,17.4401743846,17.3968361712764,17.2409562576691,18.4445459350216,17.7692199677029,17.5549378591943,17.1950710685614,17.649559918012,16.5501246809669,17.3633863188271,17.4697631152222,18.0818303214267,17.6426164455609,17.6601178106798,17.6772677209247,18.2766186483181,16.9160698582243,17.46840110309,17.4197221520856,NA,17.6508135916408,17.3717334717707,18.1255088120861,18.1025935281476,16.9215663134031,17.2526277392322,0.0955641285257691,-0.229726999801871,0.420855256853409,17.5142619667739,0.592448132772724,-5.40669899709336,0.556650432148577,0.905137078267613,0,0,0.945555049389876,0,0.108358197766172,-0.215025599722782,0.431741995255126,17.5142619667739,0.675726835698582,-5.71805287005468,0.502828764839067,0.834663611429138,0,0,0.928210381966181,0
"Q9NP74","PALMD_HUMAN","PALMD","Palmdelphin","=""PALMD""",NA,15.200737066596,NA,14.5457091201906,NA,NA,NA,15.8029589774705,15.9996674144265,NA,15.7682518341485,16.0938316970827,NA,15.0398376315709,15.6463132345823,15.3806916710556,NA,15.3940103014147,15.7190835466327,15.4299282144089,NA,NA,15.6460640106603,15.916529497089,15.0501480094514,14.1976823329558,15.0211973811719,NA,15.2210302832597,14.9876826276434,15.7999806595258,16.2970054336516,15.0317913036893,15.7732446290093,16.738822065467,NA,NA,15.1566139094761,15.8869459096516,NA,15.3636577190273,15.9995025803078,NA,14.661952429488,NA,-0.252044084252692,-0.716204925885044,0.212116757379661,15.4748576376243,-1.10891134271169,-4.89647856837745,0.276267338496581,0.794236235660287,0,0,0.723086771594114,0,0.390220802300906,-0.0443384493545244,0.824780053956336,15.4748576376243,1.83379267358138,-4.3091361628064,0.0766092523656254,0.506860570999739,1,0,0.366963884272841,0
"Q9NP79","VTA1_HUMAN","VTA1","Vacuolar protein sorting-associated protein VTA1 homolog","=""VTA1""",19.884153395308,19.4699865675632,19.7402218017235,19.2826891158673,19.7948477861394,19.4562131350884,19.5397609891828,19.8065302280451,19.4429328779777,19.2133235521958,19.5717438181326,20.4941664803969,19.340711615171,19.7334820425181,18.9165488763574,19.7402943523048,20.5558714487514,19.6650041441845,19.5415283225004,19.7889791643869,20.1021484389335,20.1314401299453,20.2558259386254,19.6980051898435,19.900853197977,19.7809059232435,19.7498994652239,NA,20.005842107125,19.7593210353776,19.6171803695688,20.0573234412182,19.4637496395788,19.7100200164416,20.2455253072195,19.4736947679817,19.4271834213253,20.107421680252,19.5780808606779,19.8052667054459,19.2048330909627,19.6272875498452,19.5952078010832,19.903117268012,19.2841522413848,0.322329902541405,0.0993344142646115,0.545325390818199,19.7150744386611,2.91122227343976,-2.20870077582323,0.00558020605335627,0.416167334657996,1,0,0.187792390422238,0,-0.22847601335604,-0.450169009940445,-0.00678301677163559,19.7150744386611,-2.07567561518879,-3.99260199175288,0.0436626829362565,0.402966196550617,-1,0,0.48898760400327,0
"Q9NP81","SYSM_HUMAN","SARS2","Serine--tRNA ligase, mitochondrial","=""SARS2""",NA,NA,16.1989901256299,15.7481130297503,NA,NA,NA,NA,15.301495760223,NA,15.2120472037129,15.9636251135282,15.4818809230179,NA,17.2423433357533,NA,NA,15.3613785608046,17.1116975419347,15.8814742203227,NA,16.1610557266843,17.0154322278294,15.983241054383,16.0495927009815,17.4394100862408,15.8555191405485,16.2107936488133,NA,16.682373910042,15.1117378049281,16.9255253567324,15.4938311061509,16.8061977875346,NA,NA,16.1142843573418,NA,NA,NA,16.421708274778,16.3531819989797,16.6908472786126,NA,15.9485047743419,0.473331561974311,-0.0931739203801697,1.03983704432879,16.176529001837,1.71139008171544,-4.24182211188917,0.098050718703202,0.661354198276587,1,0,0.333136196521799,0,-0.14520804716593,-0.669090220002183,0.378674125670322,16.176529001837,-0.567733770547338,-5.62585236375726,0.574733776986508,0.865293630907465,0,0,0.922725732835619,0
"Q9NP97","DLRB1_HUMAN","DYNLRB1","Dynein light chain roadblock-type 1","=""DYNLRB1""",17.9590424301584,18.5255438368863,18.3416914264128,18.8141301067049,18.6288547207318,17.8832238222356,18.600241882338,18.6516715142426,18.4475548822822,18.4918973003505,18.5861259070273,18.0581118663431,NA,18.3126836265004,18.12788819478,18.6725338582217,17.9744977229125,18.8116444211624,18.5183990306312,18.104837093192,17.9547091740055,18.4539885559441,18.3679970372199,18.2132396165251,18.1426280689068,18.5952031415944,18.5436687165964,17.3310388652421,18.7252666123898,18.3106838419085,18.8485730330771,18.7316266676311,18.6702119051569,17.7429791152623,18.7252366221754,18.1859740694649,18.0827637051384,18.434403215426,18.5147518525518,18.1310238366496,18.306280388861,18.2119020923382,18.0176867170874,18.4034376083676,18.0912842574159,-0.0539597413256345,-0.289772557623398,0.181853074972129,18.3465257354557,-0.460864545325316,-5.48022056933283,0.647113460527123,0.937693137615552,0,0,0.97678853417424,0,0.0251866220100716,-0.205385489983374,0.255758734003517,18.3465257354557,0.220005729797707,-5.94170016563237,0.826860817503132,0.953528857631271,0,0,0.99522299358743,0
"Q9NP98","MYOZ1_HUMAN","MYOZ1","Myozenin-1","=""MYOZ1""",25.8986866865486,24.606269193448,20.9942607412467,21.6686189483531,22.0122193052723,19.6364685771362,25.6127326149375,22.6862736921914,23.7601322469054,22.2379931987298,24.9073781572734,20.4060585064355,21.6925060195814,23.2900586806924,21.0692115481115,21.6598711933159,21.2899514844241,20.6021835042867,19.4002377755385,22.951088017826,24.592543820726,21.0387231286862,25.8727858084104,22.5703809826833,22.0175213579028,22.8452583637841,18.9479615840025,22.5603647676715,20.6973829871552,21.9817492353853,22.6901731313565,20.7834570998932,23.2964318497528,20.7092918526541,23.5472101075652,22.5508597032948,21.6732727880939,23.0061369373052,22.5652480131704,24.0333824537275,22.5578874571428,20.7989766388089,19.9422965425825,22.2027352805466,20.4750322542607,-0.712351425526105,-1.78770269136822,0.362999840316011,22.2297614275293,-1.33338251866607,-4.82080674719869,0.188966165421015,0.735002747790118,0,0,0.305162487737349,0,0.120292539890457,-0.948791311077685,1.1893763908586,22.2297614275293,0.2264841088605,-5.94033511979136,0.821827459093645,0.952784992278144,0,0,0.976672023586924,0
"Q9NPH2","INO1_HUMAN","ISYNA1","Inositol-3-phosphate synthase 1","=""ISYNA1""",NA,NA,NA,NA,17.1375638435277,17.0148192576274,17.7908275147636,17.8366597755739,NA,16.3545122918655,NA,15.7141034425703,NA,NA,16.5044203128423,15.7746213378942,NA,NA,16.5973760799308,NA,17.5359453008688,17.790875158675,16.3042322704076,15.43223310874,NA,NA,15.9456748017389,NA,16.0718845768344,17.132613425069,17.5653556018381,NA,16.0441466639913,NA,NA,16.6036485517358,NA,NA,NA,15.8035746205975,15.7256499735687,15.999813789492,16.9445952783611,16.6930513611817,15.5477937524701,-0.408882034036925,-1.08385202600369,0.266087957929839,16.5546396836866,-1.24509925593248,-4.73143128997718,0.224183559620137,0.753445779529677,0,0,0.542592198090824,0,-0.137181750166739,-0.765228875319101,0.490865374985622,16.5546396836866,-0.448946425157148,-5.64250450609692,0.657184235044928,0.905507449629859,0,0,0.944039143822256,0
"Q9NPJ3","ACO13_HUMAN","ACOT13","Acyl-coenzyme A thioesterase 13","=""ACOT13""",23.4922473982489,22.491459686209,22.6947035542027,22.7603007428381,22.6892728395889,22.6373436488496,22.4152027864772,22.4858989630729,22.5760633682615,22.8862196224764,23.2937343401539,22.8295457802608,22.2869889840628,23.0247406152253,23.2898508613692,23.0666060913605,22.9331235402339,22.7638502942194,22.1155651823469,23.5307793530376,22.4681288320648,22.322705415218,22.6577355416816,22.7854721199553,23.7682279443685,23.3422129436483,22.7558463251505,23.1990413360476,22.3795205130832,23.1216767279803,22.3037562602815,22.7817031713414,22.8419832079141,21.8965326069998,22.5283059816604,22.2149321053774,22.9512385461408,22.8533626555962,22.15794713007,23.6832824742928,22.7812794839896,22.5463381901915,22.9083920314746,22.7542382149371,23.529373250152,0.0891009597714998,-0.196243814569236,0.374445734112236,22.7954829036025,0.628526030255634,-5.41425575493912,0.532765252934069,0.899103645978957,0,0,0.945440245790858,0,-0.165188456665135,-0.448870170627629,0.11849325729736,22.7954829036025,-1.17208514941846,-5.31858652613648,0.247192297815444,0.72771949909063,0,0,0.793846213454632,0
"Q9NPL8","TIDC1_HUMAN","TIMMDC1","Complex I assembly factor TIMMDC1, mitochondrial","=""TIMMDC1""",NA,18.0564470064843,NA,NA,NA,18.0353407221036,NA,NA,NA,18.3981484307811,19.2784235858628,16.9409924230727,19.4285012525753,NA,18.988131314384,NA,NA,17.5238378637413,17.8403413293468,NA,18.0247437592007,18.1962410455313,NA,NA,19.2039224082382,19.5805841014626,18.313056385747,NA,NA,18.5031490079527,NA,NA,17.8980834850319,NA,19.967563344978,NA,18.6830632727115,NA,NA,19.4450746591471,NA,17.6843754026881,17.1524994548931,19.2380702119664,NA,-0.0180957074762631,-0.789549488300536,0.753358073348009,18.4718450212682,-0.0485189612199538,-5.30712080105366,0.961720779339692,0.985435363040972,0,0,0.999293953627026,0,0.168173478496186,-0.59844891666499,0.934795873657362,18.4718450212682,0.453755439227638,-5.55913759997504,0.65424991822792,0.905507449629859,0,0,0.93113568990911,0
"Q9NPQ8","RIC8A_HUMAN","RIC8A","Synembryn-A","=""RIC8A""",NA,NA,18.3237931347605,20.0394739335244,NA,17.7933077528828,NA,18.3100756081049,NA,NA,NA,17.316090111958,NA,19.428548423076,18.8197836065642,NA,NA,NA,17.5416370233108,NA,17.8089925365756,NA,15.7216066519236,18.7488348312046,19.2093937348425,NA,18.8303773120165,NA,NA,17.82192781929,17.8118717391721,NA,18.4518397322418,NA,19.7414224469466,NA,18.2947250298197,19.0579564164382,18.1540714003245,19.0697923154996,NA,17.9147305353374,17.2779428846868,18.6318276048737,NA,-0.65884510805439,-1.54693184004521,0.229241623936432,18.3383342743906,-1.52778345248509,-4.42650620455224,0.139100441381334,0.708378884160682,0,0,0.272637868855942,0,0.488844286602554,-0.327502862328187,1.30519143553329,18.3383342743906,1.2331886568835,-5.01475222046921,0.228956803811018,0.711997773342545,0,0,0.486428690737897,0
"Q9NQ50","RM40_HUMAN","MRPL40","39S ribosomal protein L40, mitochondrial","=""MRPL40""",19.3389432611151,NA,NA,20.613427249116,18.0051830474592,NA,NA,17.7888509297659,NA,17.8832381541928,18.6632376091274,NA,19.3539424893306,NA,19.6797642478331,17.2148788795742,18.6305770316121,16.9595203862414,17.5282982820091,20.6621876070806,NA,18.1756343777374,16.9456527480727,18.3606530850622,18.4573588611053,19.061129270825,18.7960744954886,19.5172802751403,16.7804878763888,17.2269575093339,17.465086906652,16.4640387428473,17.5886633383136,NA,NA,17.6357634537556,18.0205156757324,19.1696796374567,18.246982139702,NA,17.1146445599683,17.0072700637725,16.7971721856456,NA,18.7356580590873,-0.699667659619923,-1.53799337267636,0.138658053436511,18.1784470435317,-1.69603846693869,-4.28420337789393,0.0990071157824604,0.661354198276587,-1,0,0.198289750796059,0,-0.500434114122555,-1.25844201880888,0.257573790563773,18.1784470435317,-1.34162103149386,-5.04427122773672,0.18860083352393,0.671249120440705,0,0,0.433967600818417,0
"Q9NQ88","TIGAR_HUMAN","TIGAR","Fructose-2,6-bisphosphatase TIGAR","=""TIGAR""",NA,17.078014457233,NA,NA,15.6294702755235,16.0669217686009,NA,14.4421487147688,14.7753550604602,NA,17.9503482742456,NA,14.45357317385,NA,17.6474387735895,NA,NA,15.3516746262939,14.793794993418,NA,NA,NA,NA,13.5069012225715,13.9522407797579,14.9051405938094,18.4493765246945,NA,NA,14.4493386623577,NA,15.1448433368102,16.2808615714098,16.5993168342213,NA,NA,NA,NA,NA,17.9908676404357,NA,NA,NA,NA,14.5811614847469,-1.17133926704136,-2.50758729289481,0.164908758812081,15.7024394384399,-1.8227486303948,-4.10257211826602,0.0825843463730724,0.632228637420987,-1,0,0.0538666277269348,0,1.11771056032046,-0.382423811535087,2.617844932176,15.7024394384399,1.54928154283823,-4.54190124954037,0.136225005498144,0.626842806368387,0,0,0.107733239954341,0
"Q9NQC3","RTN4_HUMAN","RTN4","Reticulon-4","=""RTN4""",26.553968176805,24.6893404727131,24.8902415020157,26.0326334273646,25.2103798239794,25.629144179302,24.7376942906096,25.0800777788017,24.5747247909249,25.2986083905069,24.8426030209253,24.8092293860513,25.7161167620523,25.8441065703822,25.2717934770009,24.9579827596722,23.9183742484527,24.5466858014438,25.2552203209469,24.9800376881697,25.181016100504,24.9068498310041,25.5690271441096,24.9787381891488,25.6732758797636,24.6481285964962,25.5425715700739,24.9729504554817,25.1634392372887,24.591383097493,25.0113403325066,24.5502318370876,24.530269362554,24.9657363073864,25.6757022143891,25.0002117085179,24.8589229537579,25.2478886865988,24.5349128791808,25.3720491950753,24.3932104818773,24.7294133704494,24.4157286072053,25.1770108731901,24.6607713037593,-0.292182107606699,-0.59864403749518,0.0142798222817817,25.0486609574004,-1.91905709226846,-4.03468740661853,0.0611881747611629,0.596381098478042,-1,0,0.442064817767476,0,-0.11748538710086,-0.422161180571688,0.187190406369967,25.0486609574004,-0.776169747289641,-5.67894146802458,0.44161791232644,0.822236277634361,0,0,0.908444022928114,0
"Q9NQE9","HINT3_HUMAN","HINT3","Histidine triad nucleotide-binding protein 3","=""HINT3""",18.4591785594584,18.6520022302165,19.1161837181783,18.072838827777,18.9948080631799,18.9443439843999,18.4526671104571,19.3366818723634,18.4990241093498,18.5650880589125,18.3265995349606,19.6016309425255,18.6422331709532,18.207961462383,19.0165590223499,18.5773649072738,18.7505812191595,18.5813975650424,19.0996582296275,19.1374904534253,18.8443852695075,18.8688066028911,18.838820545003,18.4763948168185,19.040986035422,18.7750104859405,18.3138221413802,18.836854706031,18.1908950136752,18.9670121375784,18.1754398735523,18.1675347715213,18.5341476240035,18.5049410699205,18.6450849297064,17.9534032603576,19.6215336995815,18.9763192810462,18.5770830004885,19.0231655749199,18.8002998414573,18.3218358526728,19.263292038304,18.5693604829457,18.5178227979298,0.0122431230947662,-0.256002123837405,0.280488370026937,18.7075232198811,0.0918694233837443,-5.5837728025727,0.927200355047962,0.978287160520767,0,0,0.999075024199742,0,-0.109881068691223,-0.376562915547625,0.156800778165179,18.7075232198811,-0.82935454788944,-5.63873794841042,0.411183189235564,0.811669521254881,0,0,0.906963462975432,0
"Q9NQP4","PFD4_HUMAN","PFDN4","Prefoldin subunit 4","=""PFDN4""",16.8035340698283,17.4131317846205,17.7676811885305,17.9569982359955,17.2914131181624,17.974551462487,16.5626825741865,17.2181932589168,17.5894707167349,NA,17.0057798560892,18.4069584882754,18.1740456879125,17.677133251169,17.2863047051363,16.5126261587432,16.6622585015076,17.2094661299104,17.3899824367666,17.2432194652911,17.5881341800301,16.6750556548475,17.0784089992195,17.1972929563018,17.244048140558,16.8531779579982,17.1141296135394,17.8825736042142,17.6357141946699,17.5731223008144,17.0332470054182,15.8800008866872,17.3619123973021,16.8977426091036,17.2327807357566,17.7463668306935,17.1683097193213,16.9191172619887,17.3050134784204,17.0154145709234,17.1689100314392,17.3737817766546,17.5103059637947,17.1362667282261,17.1178357469495,-0.324898068674578,-0.614165532743217,-0.0356306046059389,17.2694112371622,-2.2621343073043,-3.46284457039152,0.0285617698172504,0.488872265797768,-1,0,0.314983327199328,0,-0.0661469701155184,-0.348985753725461,0.216691813494424,17.2694112371622,-0.471022702545515,-5.85903649561088,0.639897920300969,0.895912671363733,0,0,0.97090069100281,0
"Q9NQR4","NIT2_HUMAN","NIT2","Omega-amidase NIT2","=""NIT2""",19.7649858587789,21.2210459145693,20.5436379875319,20.0345659941298,20.1591246006781,20.953103866882,20.9051269564947,20.627914509174,20.3129533166802,20.0945208578297,20.614957376242,20.7447665409914,20.1378377061903,19.3257762870279,20.4411756461446,20.0989900473672,20.6179604362472,20.7799779064005,20.130612581094,20.551883226467,20.5114998056158,19.7966166043877,20.7577781985209,20.3998746398417,20.5246269611565,20.5845061325087,20.7536311421668,20.2264541270074,19.2834429806374,20.9514189595363,20.3842433519843,21.1858571177388,20.9051025542979,19.8457282185692,20.4109829141077,20.4727518226914,20.3996942022459,20.6174827149619,20.5093502037128,20.468261933202,20.432005759344,20.7637713915139,20.6891302270788,19.1618258624351,20.9063278022211,0.0196876126916727,-0.262224151856994,0.301599377240339,20.422295183209,0.140569359843445,-5.57878638091778,0.888823358488758,0.963182196760887,0,0,0.997682371612101,0,0.0788828218099802,-0.201385890796122,0.359151534416082,20.422295183209,0.566524412619933,-5.81203126093418,0.573788811933703,0.864857970948025,0,0,0.957127254303373,0
"Q9NQW7","XPP1_HUMAN","XPNPEP1","Xaa-Pro aminopeptidase 1","=""XPNPEP1""",19.138569322131,19.5550487418189,20.055455519275,20.0079717839036,20.0670012564915,19.9988381233096,19.2562075572306,19.4008252672754,19.7248999220761,20.0849646270554,18.6577825654078,19.5320327878594,19.132392664743,18.6378604083197,19.4907141580659,19.3564961489215,19.4315775996884,19.7454042020554,19.9777534654009,17.7673401753524,19.5773645019733,19.3538920485297,19.5038056057887,18.6926850316784,19.1350829248458,18.3710824203112,19.0573506096059,19.7444578751593,19.2700959217669,19.9599671725219,19.3386593940398,19.017105038572,19.5659932780819,19.1296842287943,19.1871874989942,19.5396241872131,19.2161225560399,18.7793399295698,19.6019918453705,18.3636932769146,19.05527556335,19.7117199643868,19.8060847109974,NA,19.0115697646076,-0.257264202367995,-0.597917244122007,0.0833888393860164,19.3411129919431,-1.52103053640454,-4.59632441681216,0.135242098765358,0.708378884160682,0,0,0.597676522416866,0,-0.0355896963428428,-0.379932058183989,0.308752665498303,19.3411129919431,-0.208163544096269,-5.92864318496347,0.836039724716721,0.957194551784399,0,0,0.993646894310599,0
"Q9NQX3","GEPH_HUMAN","GPHN","Gephyrin","=""GPHN""",NA,NA,17.1826430887601,NA,15.9293711720527,NA,NA,16.2993711587741,NA,16.3813438310682,NA,15.4732556967484,16.6632225447785,15.9343485349534,NA,15.6530675336401,15.6596783186171,NA,NA,17.1767269157747,16.3412064708302,NA,NA,NA,16.243322366122,16.4292426459159,NA,15.162069236321,16.4489923431876,15.8411730104702,NA,15.4950993231817,16.1940198407561,15.9218416417014,13.9942833224567,16.5254010793575,NA,16.2010430149436,NA,16.3401624444079,16.0934039241502,NA,NA,16.7446135325271,NA,-0.140152900606935,-0.766526528844253,0.486220727630382,16.0931561196599,-0.459895368747309,-5.2447336963903,0.649408106635924,0.937693137615552,0,0,0.941290797055814,0,-0.213528563728657,-0.796613573263859,0.369556445806546,16.0931561196599,-0.752687169403507,-5.47438581938235,0.458388553468213,0.831474716578483,0,0,0.846571672438505,0
"Q9NQY0","BIN3_HUMAN","BIN3","Bridging integrator 3","=""BIN3""",20.2041906812968,NA,18.7853866312581,NA,NA,21.5327727124287,20.2616033879555,NA,20.233632467725,20.3310612952249,20.3899808932476,21.0597179047386,20.1908300221183,NA,19.9215814418572,20.6586417563305,20.9123132041223,20.0425218105667,20.9501035194666,NA,18.2952057104195,18.5516643804246,NA,20.6243240099106,20.5862892396596,20.7300843572288,20.3128503037629,20.8451664551328,NA,20.0161726882009,NA,NA,20.2862406897077,20.7575246688215,NA,20.4244887823596,21.4852032272529,20.1827651388266,19.857458606884,20.2658821375108,NA,NA,20.7219294183147,NA,20.2209409284617,-0.0984651490504227,-0.685277569907849,0.488347271807004,20.310920273265,-0.341773400394541,-5.40648474920728,0.734752965936394,0.947417763940137,0,0,0.970106887258825,0,0.308522373427323,-0.291689460063485,0.908734206918131,20.310920273265,1.04697696021427,-5.28992809180194,0.302944357891267,0.754001885643784,0,0,0.691813195250863,0
"Q9NR12","PDLI7_HUMAN","PDLIM7","PDZ and LIM domain protein 7","=""PDLIM7""",20.8848644049704,22.6567604370242,22.31998421124,NA,20.3933195098744,20.0803914665893,22.893885001308,22.00940914881,22.1848495013449,20.9789019190812,22.6966747125345,20.8903400409018,20.8361167033129,21.9116676367693,18.9362058412193,20.4329929028313,20.4242213618536,22.2668416260185,19.5587162337094,21.5300354273124,22.2105434658199,20.9451702241875,22.6535463776799,21.9127465552784,19.9180533524241,22.0627799950792,21.1054870021977,20.820866645937,21.1348282946071,20.3037745967685,20.7832074164351,21.1477537030767,22.1081188857934,20.314123999538,17.3923618807589,21.7484662814101,21.2902809071868,22.0253364617116,22.4957889286069,20.8034942340037,22.7300638476245,21.6556980500666,20.4796128505623,21.3169819555269,NA,-0.205556133839476,-0.92079113377109,0.509678866092138,21.2382619534648,-0.5791946285222,-5.42652138584145,0.565408785034867,0.906259847559247,0,0,0.889398931997023,0,-0.0244513626276905,-0.735509616759399,0.686606891504018,21.2382619534648,-0.069301195659411,-5.9469999294614,0.945063583941822,0.986673428033922,0,0,0.998619376904642,0
"Q9NR19","ACSA_HUMAN","ACSS2","Acetyl-coenzyme A synthetase, cytoplasmic","=""ACSS2""",15.5814222165107,15.4134955061053,NA,15.0890592771364,15.8697617453649,NA,16.4148823024852,16.2645204101301,16.2080245485219,15.4879357012191,15.544150728,16.3700041205452,15.3785788225842,15.757874299298,15.5288956216096,NA,NA,15.4873272108637,15.2769894866485,15.704766309113,15.9779105573835,NA,16.3138056985513,16.2930563041441,15.3312910754748,15.9181741090317,13.8824581323849,NA,15.7149942227119,15.3730343767567,14.2402727698155,NA,15.0489436738302,14.1329977888885,NA,NA,15.5686946565489,15.5857434664406,NA,16.1935556554315,NA,15.2125729121656,15.6413983891108,NA,NA,-0.205818837313437,-0.64317952112087,0.231541846493996,15.5564560029627,-0.957383327715802,-5.10546211781491,0.345327067172825,0.831497302682968,0,0,0.803450569917413,0,-0.319513928136924,-0.810923641521917,0.171895785248068,15.5564560029627,-1.32277670313265,-4.96096791254447,0.194992299616158,0.678189083962813,0,0,0.593131091579753,0
"Q9NR28","DBLOH_HUMAN","DIABLO","Diablo homolog, mitochondrial","=""DIABLO""",21.0484301729505,20.0151724143234,20.6024491171303,20.6002536251588,20.570788390605,20.8839260742307,20.4666948571557,19.5205855468789,20.160323199657,20.5404071695778,20.5356940154934,20.9035218915562,21.6243002752328,19.8701063759074,20.9119560518198,20.0304183346047,21.0210770465973,20.7499581479842,20.6542104704219,20.2946302002675,20.6914565231251,20.0759399849287,20.7692076817482,20.2455993174069,20.9636941433604,20.4662462035523,20.030972101159,21.4845553134359,20.7972653650079,21.0741227001286,20.0954369028892,19.9276777058629,20.2966336082279,19.8736829574877,19.9605950272731,20.5830912186473,20.6687477152815,19.9841043325763,20.5602208429933,20.1246408636154,20.4767462219439,20.2750907352455,20.4320579300773,20.5596205257077,20.1769418255816,0.073461804999706,-0.212133161728598,0.35905677172801,20.4799833583293,0.517752084071234,-5.46975478163159,0.607110262188626,0.926074329447113,0,0,0.964003131720491,0,-0.356937674687856,-0.640868122854401,-0.0730072265213116,20.4799833583293,-2.53041196258944,-3.1125385079295,0.014875875533749,0.311404007399425,-1,0,0.222684590759917,0
"Q9NR31","SAR1A_HUMAN","SAR1A","GTP-binding protein SAR1a","=""SAR1A""",22.4377661454375,24.300122284789,24.8909928828909,22.5598424922733,24.6147800149342,23.5108563895415,24.0899513392966,24.1092238190512,24.176044332211,24.6442625650708,24.0536144550501,23.9693243021782,22.7491041203083,24.1040943777709,23.7971346663394,24.1935974280104,23.96656389997,24.9178033592216,23.867854495753,23.6755725803676,24.4482879303518,24.2055863613293,23.8269575044327,23.9840504187458,24.1198932886452,23.5761287157481,24.3331802153243,22.2839278172075,24.2596294217391,23.6098957389648,24.0218460813221,23.8812950454001,24.4863442423789,24.1326777589602,21.9540641573071,24.1592039322304,24.2895163728132,23.8680948038943,24.4609018543381,24.2776345438602,23.891093072918,23.8502213050175,24.2902423056579,24.5155144572692,23.6951198537357,0.0809979458736585,-0.347728113210278,0.509724004957595,23.9344402922235,0.380281267957748,-5.52387968669609,0.705485440970738,0.947417763940137,0,0,0.972137830087581,0,0.0336560407527813,-0.392571296132266,0.459883377637829,23.9344402922235,0.158939753181376,-5.95276420321303,0.874411498835976,0.97230868305501,0,0,0.995493403574169,0
"Q9NR45","SIAS_HUMAN","NANS","Sialic acid synthase","=""NANS""",NA,NA,NA,19.4465869545309,NA,NA,20.1198295894157,19.8355001860594,19.2170474074603,NA,19.429824498828,19.2513438474399,NA,NA,NA,NA,NA,19.6131144710108,19.5469479026688,NA,19.7553486126508,NA,NA,17.4286191752708,19.6950130933379,NA,NA,NA,NA,19.8906499077768,NA,21.0179550378093,19.8141799471966,NA,20.7335444561807,19.9864043169436,NA,NA,20.3116788042061,NA,NA,20.9317006143267,19.8609341267592,20.6215741547659,19.7426470410507,-0.200802185586785,-0.858037572357496,0.456433201183927,19.8214497212233,-0.633552798709311,-5.07956609290437,0.532892584912651,0.899103645978957,0,0,0.881269317187341,0,0.982662316851101,0.384512390610289,1.58081224309191,19.8214497212233,3.4066660730337,-1.49554836152558,0.00252588910647961,0.150502513137304,1,0,0.00280188559260767,1
"Q9NR56","MBNL1_HUMAN","MBNL1","Muscleblind-like protein 1","=""MBNL1""",NA,19.7686191531242,19.337750409444,20.3724260450696,19.5802965752537,20.0944281188203,20.1529159836874,19.455856377171,19.736621174561,NA,19.7664898213092,19.5028098571209,20.4001638628853,20.0904513783362,19.3195582019817,19.7092685414109,20.529382914296,19.428816735785,19.4539313557355,19.9190371521087,19.4892114346845,19.5028436656855,19.311728420494,19.7297307274425,19.6137160594535,19.551695227486,19.1441066820824,20.4831280860699,19.5925715588779,19.6556481877913,19.6442189674298,20.3580922434452,19.890329973651,19.765499218793,20.4708093063823,19.715793329961,19.4515444619948,19.6742778346423,19.6661838746658,19.4930213238352,19.4128594877239,18.891290431879,19.5661458010765,20.0935805764859,NA,-0.125502382005806,-0.391959835708188,0.140955071696577,19.7330202509556,-0.949842822985993,-5.16765140744258,0.347495397541715,0.831668715689152,0,0,0.875765864238709,0,0.041220566166146,-0.218781470312997,0.301222602645289,19.7330202509556,0.319716355087138,-5.90052901042534,0.750730152610314,0.932548715587236,0,0,0.988251254209086,0
"Q9NRG4","SMYD2_HUMAN","SMYD2","N-lysine methyltransferase SMYD2","=""SMYD2""",NA,NA,NA,NA,NA,NA,19.6015833404718,19.3507619758197,18.9501042615166,NA,NA,NA,NA,NA,NA,NA,NA,19.6481140905006,18.1152959231912,NA,18.5886329285775,NA,19.0759500246755,19.9819660250881,18.1086206627326,18.5489940581343,18.687432485995,18.8414106601061,NA,NA,18.197409854701,NA,19.0221883209368,18.1656689318797,NA,19.3148479200769,NA,NA,19.4522526735899,19.3550074724412,NA,18.5255815686034,19.5331626719894,NA,NA,-0.35321774007215,-1.05909118227828,0.352655702133981,18.9532492925514,-1.0405113453196,-4.76473542944467,0.309911707668402,0.8183740915589,0,0,0.661144257517338,0,0.119824947796477,-0.388005724660811,0.627655620253765,18.9532492925514,0.49063607214622,-5.59404729011676,0.628761648892952,0.889997359375494,0,0,0.945918241701466,0
"Q9NRG7","D39U1_HUMAN","SDR39U1","Epimerase family protein SDR39U1","=""SDR39U1""",21.8380462051039,18.9520096570291,19.1895451867722,20.6594567256538,20.2262775358135,19.6311013909486,18.8990497193807,18.3886460297753,19.0220043422615,19.5233677296531,21.0631369897807,19.8757994026606,20.949129247331,19.7404889373798,20.4372193421134,19.9190167034018,18.6454220782829,19.5339746851599,19.2779251857937,21.4812622622936,18.8709118380465,19.939123507886,18.2358000854985,20.7541249023287,20.9535730681743,20.7355298229599,20.6283593052995,22.1334453042047,19.1870043132678,19.9214455048561,18.9782649463657,19.0389954974784,19.6573015469504,20.4532928611029,21.5536270099965,19.4738045243558,20.1513636796443,20.9140230408623,18.9578575982836,21.0354578017859,19.523696447302,19.464827585599,19.9463288695565,19.2654048623151,20.4739056410717,0.107093532355062,-0.508570461155092,0.722757525865216,19.9444521982618,0.350130785729918,-5.53355207910803,0.727837294899205,0.947417763940137,0,0,0.966550982039935,0,-0.0885844436522483,-0.700660194145573,0.523491306841076,19.9444521982618,-0.291315168257171,-5.92431900909322,0.772118733907885,0.94164415266078,0,0,0.977350990838019,0
"Q9NRP0","OSTC_HUMAN","OSTC","Oligosaccharyltransferase complex subunit OSTC","=""OSTC""",NA,18.7320611643087,NA,17.5713109638182,17.7945351226658,NA,18.1433349578769,17.9051112565936,18.6337260135208,17.9509299168361,18.3688121630255,16.6622221813534,NA,18.2092113257179,16.9197462679813,18.6156826924314,NA,18.6958517787545,18.4044122815349,NA,18.5441806319386,18.5688052869047,18.5726190703624,18.4988997369766,17.6310220813426,18.2789981315551,19.3922248436851,18.7346393841182,18.5824996030249,17.3804331636572,18.8081572987401,18.3103727893871,18.310230147154,18.6148012205019,17.8083622718636,18.3693823614594,17.6757168921779,18.3788970202524,18.9962691824752,18.4807047719911,18.5191538848698,18.5852880747748,18.3019542844288,18.0140157101664,16.8709117049198,0.547545834115503,0.149996874949631,0.945094793281376,18.2265509650038,2.78354671771815,-2.51150938906718,0.00816719505181291,0.416167334657996,1,0,0.0719058508556459,0,-0.188040479082673,-0.554890666119389,0.178809707954043,18.2265509650038,-1.03593202834435,-5.42697775753205,0.306449896590067,0.754001885643784,0,0,0.800598533743075,0
"Q9NRV9","HEBP1_HUMAN","HEBP1","Heme-binding protein 1","=""HEBP1""",NA,NA,NA,NA,14.4871830400124,NA,NA,NA,13.4428394968478,NA,NA,NA,NA,NA,NA,NA,NA,NA,NA,NA,NA,NA,14.5396401160897,13.3094752722874,NA,NA,14.2079234777069,13.8889923764306,NA,14.0077729470616,NA,NA,NA,14.7675045425012,14.8719654344362,NA,NA,NA,NA,NA,NA,15.3208341579976,NA,NA,16.4866752408714,-0.102501619522123,-1.06028520647446,0.855281967430216,14.4846187365675,-0.233087622905944,-4.97228804662378,0.819608603903761,0.949284003055303,0,0,0.97981600045835,0,1.36599299460982,0.606140377741802,2.12584561147784,14.4846187365675,3.91538961566791,-1.47414635332081,0.00203932247862099,0.143933573669995,1,0,0.000211240212706368,1
"Q9NRX4","PHP14_HUMAN","PHPT1","14 kDa phosphohistidine phosphatase","=""PHPT1""",23.9303200310162,23.2316434595236,22.8240754679442,24.5797932932919,23.5988684410579,24.3177156863574,24.1054623028909,23.2835529378763,23.8002025019511,22.5771822143139,23.1645561195643,24.306781922768,24.5606857953534,24.1295238954055,23.0742088808253,23.132926507781,NA,23.9291104704792,24.1861473132412,23.4433336860336,23.4530461926362,23.5068634280034,24.1479453915178,23.7673586086998,23.755199015456,22.7463884923773,23.3694555518521,24.7955360153941,24.2624029930824,23.4949236887831,23.1547219098239,23.0988996529408,23.4902509553289,23.8026960298979,24.566069297829,23.365836718164,23.5597263448373,23.2210923760959,23.0125043326638,23.5899608596407,22.9065642897011,23.5341273170385,23.9688128515316,23.19236873845,23.1529177061797,0.0118612736578001,-0.343344650400872,0.367067197716472,23.6157218110364,0.0672545963388904,-5.5711935132773,0.946676686889117,0.983220575615884,0,0,0.999350241240796,0,-0.263670016451243,-0.616801222457326,0.0894611895548398,23.6157218110364,-1.50381874322931,-4.89844737377283,0.139608245657855,0.626842806368387,0,0,0.595029760648579,0
"Q9NRY5","F1142_HUMAN","FAM114A2","Protein FAM114A2","=""FAM114A2""",NA,NA,16.2200511435471,NA,NA,15.486917905823,15.5610239489525,16.1229714727951,16.6045967617107,NA,NA,15.5480075395279,NA,16.2334331355934,15.9436777168781,15.718402933503,16.6323715702004,16.1948908836947,16.4574742794147,16.8998904228105,15.5340647590279,NA,15.970190627649,15.7319458708898,15.5818040964934,15.4221191367067,16.015798067922,16.3386470928974,15.7727654434441,15.4706624937794,16.4615505539685,16.0931475109251,15.4550190449715,16.4536053291346,NA,15.9142271754755,15.7359501722041,15.9261500035646,NA,15.5701376282745,NA,16.1331797546118,NA,16.8752751401711,16.9402222656608,-0.0121263585283451,-0.39301412368975,0.36876140663306,16.0309142994613,-0.0646978824868536,-5.42623477521399,0.948793002307427,0.983781746134092,0,0,0.999362785605694,0,0.182604373376163,-0.161831518050234,0.527040264802561,16.0309142994613,1.07735655740854,-5.33457515525989,0.288896874332289,0.752565436019539,0,0,0.797130239818071,0
"Q9NS69","TOM22_HUMAN","TOMM22","Mitochondrial import receptor subunit TOM22 homolog","=""TOMM22""",18.1568072450598,18.7836789034416,NA,NA,NA,NA,NA,18.5840084458113,NA,18.1298148862866,NA,NA,NA,NA,18.0623937212125,18.9791205856602,NA,NA,17.9440672809758,17.5739046885746,18.5832952814604,NA,18.9257108461757,18.7316468394391,NA,18.0160851695636,NA,NA,18.5785135116346,NA,18.7185793737768,19.3654444297981,18.7410092304895,NA,18.1576770879046,18.9022866901906,NA,NA,18.5981502934817,NA,19.3912647355595,18.32656701572,NA,NA,NA,0.130133767180929,-0.340995897615146,0.601263431977004,18.535715536296,0.572776074186341,-5.11264275776858,0.572593676393591,0.908333320164605,0,0,0.930010086989653,0,0.356960993492574,-0.0533921709344473,0.767314157919596,18.535715536296,1.80384115709644,-4.28805831959234,0.0849425127551863,0.523957291029147,1,0,0.414705154369753,0
"Q9NS86","LANC2_HUMAN","LANCL2","LanC-like protein 2","=""LANCL2""",NA,NA,18.3810750834501,18.0643166754736,17.8757478974811,17.4214869737285,16.9756599575487,17.1172667313839,17.9541768552486,17.7670650572431,17.1579683652712,18.134607110722,NA,18.2372108012603,16.9154048962897,17.4936078808739,17.230457614853,18.0028539418719,18.331310156508,18.2460067335337,17.819922229678,17.7240150572703,17.3376154995633,17.6281996452017,17.6424724913689,17.243128389172,17.4263642233765,17.4280597345168,17.2704768404669,17.5357971680552,17.5095571435413,NA,18.4609527487641,18.2117738218623,17.7328256653814,17.3191866936128,17.8876587656406,17.0261792675163,NA,18.0657297953216,17.4364799028033,18.0857909709099,17.5869310434675,NA,17.9399749064288,-0.0386305443194601,-0.328892160135442,0.251631071496522,17.6827003778631,-0.268973736066919,-5.50746213497356,0.789331029450654,0.948679518362231,0,0,0.990902823804401,0,0.147003148777149,-0.141554880815508,0.435561178369805,17.6827003778631,1.02958481804838,-5.41472809884896,0.309384349480998,0.759252407458542,0,0,0.841592103208245,0
"Q9NSD9","SYFB_HUMAN","FARSB","Phenylalanine--tRNA ligase beta subunit","=""FARSB""",NA,21.819406422102,22.0880842137138,22.1326463494479,20.2712677101553,20.6920408646298,21.8922829900837,22.2586532294748,22.0582035075131,22.4176660412273,21.8626590508247,19.5348614331949,21.9752285567052,21.6905564375373,20.8343386717545,21.9550463741655,22.5209408235997,22.5183693476,22.3362608018442,21.4990537146441,21.755238179914,21.1242697445634,22.0061311306358,21.9098532177512,21.2461524998757,21.6434214274488,20.5214928652374,22.5618873121006,21.6102833117931,21.3427065920769,22.278234777839,23.4270012745298,22.2622986371045,22.6435913796054,22.7772561447226,22.1446510152197,21.2827350488968,21.3598622322538,22.173986267617,21.0889612829407,22.185971412354,22.6995619893334,22.1937796017065,21.5459059782734,NA,0.250436217514142,-0.214481685249105,0.71535412027739,21.8172744154421,1.08558468779333,-5.06351998933241,0.283569369458935,0.798881908609422,0,0,0.729333344825542,0,0.364973213816814,-0.0972297156888984,0.827176143322526,21.8172744154421,1.59136990712439,-4.776317137224,0.118679698548918,0.593891809164898,0,0,0.459380115407421,0
"Q9NSE4","SYIM_HUMAN","IARS2","Isoleucine--tRNA ligase, mitochondrial","=""IARS2""",22.2382486824671,21.5054203708595,21.8493790367699,22.0369264023131,22.1616563599854,21.7847088124583,21.2097696337885,21.7088874409841,21.5857574706608,21.6337595331096,21.9507413641613,22.3560226844114,22.6971250581521,21.2995624243247,22.4837508478085,22.1166347653784,22.1512826974968,21.9066739972873,22.1103447903871,21.7412431588395,22.0613717292896,21.9983444694445,21.7043754418862,21.8336947512649,22.1645047767581,22.1684249514189,22.0994681728128,22.5157527437853,21.8215114059917,22.5058776329615,21.9303758149245,22.0571150474751,22.1248430745434,21.782867456186,21.7387954353421,21.4435241128686,22.067504732039,21.932724218705,21.5652363853492,21.9189216889977,22.122428300955,21.8877314315862,22.2225929164227,21.9100466697377,22.4064641310075,0.150305459391713,-0.0620397653521464,0.362650684135573,21.9669420671866,1.4247644369023,-4.71475367856143,0.160968969510082,0.720861261794311,0,0,0.759921997985736,0,-0.11922227125752,-0.330329895170609,0.0918853526555684,21.9669420671866,-1.13674822161267,-5.35640555369775,0.261525557688714,0.741757591163142,0,0,0.852225868040003,0
"Q9NSK7","CS012_HUMAN","C19orf12","Protein C19orf12","=""C19orf12""",NA,NA,NA,NA,NA,NA,14.7148981701779,14.1135741913211,14.67137722833,NA,NA,NA,NA,NA,NA,NA,NA,NA,15.1584604169515,NA,NA,NA,15.0662843251139,14.7595873999822,15.0395707995429,14.6734265266047,NA,NA,NA,15.1074112485138,NA,NA,NA,NA,NA,NA,NA,NA,NA,NA,NA,NA,NA,NA,NA,0.468897928883054,-0.0083880280310431,0.946183885797151,14.8116211451709,2.16132447713442,-3.84759634750824,0.0534915923297908,0.573502080861745,1,0,0.253335304674525,0,NA,NA,NA,14.8116211451709,NA,NA,NA,NA,NA,NA,NA,0
"Q9NT62","ATG3_HUMAN","ATG3","Ubiquitin-like-conjugating enzyme ATG3","=""ATG3""",NA,17.1923042238961,NA,NA,NA,NA,18.0492636635476,18.3009324632027,17.8749351335373,NA,NA,17.8067267812011,NA,NA,NA,NA,NA,18.4699243366661,17.9223138199317,NA,NA,NA,NA,NA,17.3559021593472,NA,NA,NA,NA,17.5325679395861,18.3237627720718,NA,NA,16.0452649031569,17.014849681953,17.4500650830772,NA,NA,17.3819690216176,NA,18.35652892131,19.2115254421312,18.8937775593941,NA,16.3295775721228,0.164013624409041,-0.845109095985298,1.17313634480338,17.7506773043195,0.340131494852767,-5.08376106046809,0.737481032467989,0.947417763940137,0,0,0.951282129739615,0,-0.291767414967097,-1.19751717903265,0.613982349098458,17.7506773043195,-0.674123495983219,-5.31755411753541,0.508334913843536,0.834663611429138,0,0,0.820850614029989,0
"Q9NTG7","SIR3_HUMAN","SIRT3","NAD-dependent protein deacetylase sirtuin-3, mitochondrial","=""SIRT3""",20.3913940817149,NA,NA,18.174788869092,NA,18.6741095879662,17.7498314519064,17.2771533524758,16.6254429883938,17.3771002807096,19.0210911003275,17.9824575020743,20.2487378030496,NA,19.05036839074,17.6002187887833,NA,17.6813216108675,18.1695460033296,18.8119693276424,17.9390551367495,NA,18.1139833604189,17.6602688948998,18.4815558467985,19.139722428009,18.1393768356978,NA,NA,17.8300457275639,16.7851772759736,NA,17.7546193760108,18.7064884777844,16.5402243527079,17.9178131812192,17.9538968787417,18.3256975768217,NA,18.64369065804,16.80685286575,16.9910623936816,17.8169549117564,NA,17.9940477698109,-0.243517211817913,-0.920585230886579,0.433550807250753,18.0698842672797,-0.730126846846098,-5.23631516587612,0.470166043893895,0.896077533266722,0,0,0.832123028061051,0,-0.519599748597237,-1.17904498953788,0.139845492343409,18.0698842672797,-1.59952543215131,-4.68163922092808,0.11868292195527,0.593891809164898,0,0,0.330409371638804,0
"Q9NTJ4","MA2C1_HUMAN","MAN2C1","Alpha-mannosidase 2C1","=""MAN2C1""",NA,NA,15.4240182470897,NA,15.1539165909844,15.3886753046496,16.1932715640746,16.0253853631603,16.6351457751253,NA,16.0663289370643,15.2692855597594,NA,16.0345266690051,15.3034497768342,16.3566303203288,NA,15.7009608815343,14.9807993482458,15.2795366785101,16.0947840518333,15.6935164949097,16.3455016490811,16.4945238047986,16.047927217793,16.0689133697719,15.5829928672013,14.6773219155319,16.438274142743,15.9530234556925,NA,NA,16.0171965272601,15.7103336652936,14.7694978430462,NA,NA,15.5318503624311,15.6626864584772,15.4789120893974,15.6776807341759,15.2482509624238,15.2875571454974,15.6018679250776,NA,0.11641354167004,-0.236173697702741,0.469000781042821,15.7116042264354,0.670251612272598,-5.29265133135147,0.507090922420498,0.896077533266722,0,0,0.923991546026678,0,-0.335144984660218,-0.685657470601133,0.0153675012806975,15.7116042264354,-1.94102079190613,-4.16696309838627,0.0603331615908963,0.465252063162318,-1,0,0.390219966630094,0
"Q9NTK5","OLA1_HUMAN","OLA1","Obg-like ATPase 1","=""OLA1""",23.343603738626,23.3713296431229,23.5637430782636,23.7939182619342,23.4650415505526,23.980083751418,23.4765461000076,23.2030229096457,23.6070001561687,23.1994284423289,23.1762259305838,23.7446289446482,23.4383322927678,23.633050293457,23.6550684725791,23.0905948135291,23.3732449696744,23.732511239537,23.5294855284016,23.7842560597422,23.3970027280524,23.0295908162671,23.2636725243592,23.9803080106674,23.5916939742693,23.6711903322954,23.3421642418299,23.8437295293994,23.1016801453942,23.1917249331731,23.0953457331456,23.9578943273319,23.4354162205863,23.9228908809483,24.4294276370246,23.3788287507773,23.4558560830051,23.4395069245157,23.4602095675049,23.5271684922829,23.1540704663374,23.3218041938411,23.1608588188046,23.3514380838091,23.6080459451173,-0.0437397146822143,-0.255900283463177,0.168420854098748,23.4949474563939,-0.414975144360616,-5.51176906797091,0.680087526189012,0.942492860389654,0,0,0.983278249562009,0,0.0517274852293603,-0.15919655894175,0.262651529400471,23.4949474563939,0.493635160113604,-5.84871753823274,0.62391055487515,0.885234347493014,0,0,0.97589297896904,0
"Q9NTM9","CUTC_HUMAN","CUTC","Copper homeostasis protein cutC homolog","=""CUTC""",22.1504318721068,21.7416400762156,22.5446579297303,23.0174326168533,22.5101331475435,23.0191827643035,22.111739912644,22.544493538528,21.9723030725978,22.1505625556597,22.3818873363871,22.6244718113237,22.693704712127,22.8271181760343,22.6534522487751,22.5047044018377,22.141249194415,22.4474380451197,22.4745112624416,22.3131623979577,22.738464018232,22.7772836651485,22.9970899582972,22.4369260232944,22.192763081914,22.0827822384275,21.8339737527672,21.739555542873,22.9254413422879,22.4695559873924,22.0157947247127,21.8301269343707,22.4497777694068,22.232858928663,21.6721680010575,22.8808579200533,22.4702236230725,22.4437804345715,22.1153902662453,22.4859230624538,22.0979978734455,22.1898827113916,22.5374824838044,22.663474461437,22.1500602404846,-0.0683814569786492,-0.30372147060932,0.166958556652022,22.3834202692979,-0.584861973793435,-5.43739168630739,0.56149596775061,0.905137078267613,0,0,0.96130224858212,0,-0.12260676514903,-0.356575158595002,0.111361628296943,22.3834202692979,-1.05479497253261,-5.43990506820934,0.297023027931756,0.754001885643784,0,0,0.861708748595961,0
"Q9NTX5","ECHD1_HUMAN","ECHDC1","Ethylmalonyl-CoA decarboxylase","=""ECHDC1""",NA,18.3738449843291,18.7436463534155,18.4085502158954,18.1540071936733,18.9550086703354,18.7114189710994,NA,18.0304413433212,17.9408985832268,19.0148274619533,18.0163428335984,20.0746150760469,18.8546976860986,18.6761259172945,18.9223959141868,18.3379082656994,17.9820772535476,17.8840569740091,19.9922195902173,18.3960525753513,18.330563375214,17.2540841384849,18.663932322522,18.8584946240581,19.6511766135236,18.7069010384413,NA,17.8413341632647,18.1483192532665,18.394268837783,NA,18.5420410301804,17.8928255960391,20.3253596417819,18.6335334578838,18.2232463047136,17.418263884191,18.6039090963629,18.9131940430679,18.4539222597199,16.8471316071892,18.0069061046235,NA,18.2425896930904,-0.0748177372911272,-0.558795983946339,0.409160509364085,18.4855283237175,-0.312189444611869,-5.50171268300986,0.756477219155263,0.948679518362231,0,0,0.979336137010204,0,-0.174494495474839,-0.65562459378162,0.306635602831942,18.4855283237175,-0.732417466309898,-5.66416960373254,0.468076213407034,0.834663611429138,0,0,0.875935356199126,0
"Q9NUJ1","ABHDA_HUMAN","ABHD10","Mycophenolic acid acyl-glucuronide esterase, mitochondrial","=""ABHD10""",20.2866822270084,20.0386934279901,19.0616774172615,20.7258915310011,20.2932149433747,20.4437457726625,19.9381934083389,19.6065682285508,20.2190249071568,19.3519783052234,20.1546538262772,19.2187070175969,20.6292922914879,19.8274412055775,19.6087867540263,19.9571947149949,18.7285003897685,20.1513754959028,20.3473535411471,19.9334176422251,20.1721493984512,20.3146134444281,19.5649418250772,20.1160206275711,19.996717395487,20.052109281727,18.8623294863017,20.9968826923245,19.9013807033558,19.8943354154799,19.4067617527245,19.2403553147186,19.7569257544686,19.7548141175459,20.4985785326249,20.3201803529766,20.001344267673,19.5831293575124,19.9703999289529,19.5586327542591,20.0786388504502,19.3524487369241,20.6372248583736,19.9432519716986,19.7352050245314,-0.0336084930137517,-0.341163783486632,0.273946797459129,19.9162614420713,-0.219956422423465,-5.56618483215488,0.826877462925934,0.951343256582596,0,0,0.993631432804604,0,-0.0767620319205058,-0.382524813598067,0.229000749757055,19.9162614420713,-0.505327172017155,-5.84316828253141,0.615739690136861,0.882886010725341,0,0,0.963460018781814,0
"Q9NUQ8","ABCF3_HUMAN","ABCF3","ATP-binding cassette sub-family F member 3","=""ABCF3""",NA,16.8563291230925,NA,NA,16.7794955192452,16.3961584908096,16.66631268757,15.6989452856524,16.8913815627892,NA,17.0173352464314,15.7646639886698,16.2321771029283,NA,NA,17.2192560173792,NA,16.4440251857924,16.286216325889,NA,17.5772576170938,17.290508839871,15.3710017073533,15.8512244589344,NA,17.3807875261263,16.0401173905968,16.1455824007545,16.7851558449085,16.81206061317,17.4323046656018,NA,16.5027004800201,NA,NA,17.0768303802222,16.8301503529808,NA,NA,NA,NA,NA,16.5651007934469,NA,NA,0.10946020815744,-0.333507338771654,0.552427755086535,16.6120415233588,0.506984897953028,-5.32426668024108,0.616275049037285,0.932527927354104,0,0,0.948393747881054,0,0.222681117047287,-0.310299303032958,0.755661537127532,16.6120415233588,0.857201257040547,-5.29623396135703,0.398867238697529,0.803239014659461,0,0,0.814914442565746,0
"Q9NUQ9","FA49B_HUMAN","FAM49B","Protein FAM49B","=""FAM49B""",21.9035416741286,20.638156736646,20.9658360287571,21.3472931464791,21.0887560594076,21.0627204311353,20.8291826687383,20.8686978817805,20.8062991704252,20.5740863536743,20.7761742140195,20.5735735448119,21.2786105657542,21.3455895522916,21.2077406028193,20.496453115488,20.8812519207149,20.7523735884299,20.7209772807917,21.0301251427585,20.9918102782934,21.0000969339929,20.3564313400306,21.0114711625422,21.1182786827114,20.9911320395353,21.3433716466994,21.9328120900272,20.7146629269597,20.6663813894174,20.5686042482788,20.8624137942597,20.5131464073222,21.6308643746432,21.8129805780435,20.9145653737277,20.6260184521231,21.2372636247833,20.7006019567894,20.8793487684227,20.4442671022484,21.1922028992605,21.3213958112072,21.0802452099513,21.3904320720659,-0.0829095762855196,-0.34906539343425,0.183246240863211,20.987738640942,-0.627017327983031,-5.4150824138951,0.533745017686821,0.899103645978957,0,0,0.949277885728523,0,0.0777814089822968,-0.186823185807583,0.342386003772177,20.987738640942,0.591683194965497,-5.79821425657892,0.556957057415593,0.858017859794089,0,0,0.955497718898725,0
"Q9NUU7","DD19A_HUMAN","DDX19A","ATP-dependent RNA helicase DDX19A","=""DDX19A""",19.0541868917556,19.8110985326831,20.0860541910574,19.4013386961632,20.2685605007057,20.5662960462217,19.7065860920044,19.7189795607527,20.0906338505351,19.3982033753172,20.1315351873114,20.5850498566827,19.6136958390245,20.0914065336121,19.8955729668057,19.799212701167,20.1576452330683,20.4660710466596,20.0494055025466,19.5632747196647,20.036541088333,19.6523800286799,20.3680042042598,20.3243317742635,20.0944475360561,20.0585695526954,19.6413004408262,19.7213660148444,20.1470402330744,20.1372865955705,19.8212632461326,19.846549510051,20.128926895119,19.1254502634023,19.7483142870743,19.5934549117841,20.2553643710965,20.0010238853939,19.6907351060936,19.9655450471297,19.2576151971563,19.6660328206024,19.9611429625739,20.0901556715848,19.6434006504149,0.116290478810807,-0.128208544912758,0.360789502534373,19.8984677692878,0.957365646050671,-5.18811721552538,0.343383117704926,0.829368651170115,0,0,0.883111439703041,0,-0.228126789739985,-0.471200812287997,0.0149472328080274,19.8984677692878,-1.88907217400544,-4.32647026647714,0.0651900691556632,0.474471915813104,-1,0,0.536392898077085,0
"Q9NVA2","SEP11_HUMAN","SEPTIN11","Septin-11","=""SEPTIN11""",NA,17.842602915946,17.3544180634687,18.0850210328865,17.2043498581054,17.3611125668052,NA,17.8409009750972,17.6087189022892,NA,NA,16.659674374942,NA,NA,17.7937538149356,17.695597660836,NA,17.0748184239269,17.121675114665,NA,18.2045843182077,18.2651738425739,17.0066807161891,16.9026646618923,16.9449509042114,17.3103758862112,18.71283566938,18.5695241747297,17.3405418281898,17.4328485133276,18.4529405028459,NA,16.6116083653358,17.06971274567,17.4311643555759,NA,NA,NA,18.493871468642,17.2368114516218,NA,NA,17.2789772057782,NA,NA,0.0361451209042087,-0.452189108507164,0.524479350315581,17.5485486315271,0.15115458702387,-5.43609233926209,0.880864241996724,0.962924583781994,0,0,0.995425423184887,0,-0.0475367820866026,-0.572488179340002,0.477414615166797,17.5485486315271,-0.184926648903365,-5.72244499036996,0.854529406069167,0.962209177596919,0,0,0.99255486377439,0
"Q9NVD7","PARVA_HUMAN","PARVA","Alpha-parvin","=""PARVA""",18.3911616191628,19.0595890451128,19.3900901554774,18.9706244470498,20.4496544909363,18.7208039152731,18.328030634982,19.8928213102977,18.5735895318245,18.6281679698668,19.5127801378056,16.882860263298,18.6555324680986,20.1364688333275,18.9982114629935,19.5512218978583,19.1500053728992,19.2249598688596,18.759215548719,18.5248916986955,20.2173965999799,20.1657997926602,19.5854273877045,19.1819597121174,19.5531693011047,19.4943730696914,20.1640169699599,NA,19.7272136697513,19.6880732757434,19.9711469520542,19.1213565899679,20.0125677010999,19.1759028171072,20.2092627186759,19.8088540656427,NA,19.9183405047458,19.1999678757214,19.4260936396761,18.7273023611628,18.4977102519421,19.4484487081448,18.6633701670958,19.422085229872,0.505985856323399,0.0504255844422616,0.961546128204536,19.2832679077711,2.23838804212423,-3.50597474529102,0.0302994936346496,0.488872265797768,1,0,0.170462076926931,0,-0.0866817911556232,-0.546859948157239,0.373496365845992,19.2832679077711,-0.37961618435457,-5.86558860381938,0.706054759924329,0.919276513092966,0,0,0.970279912742435,0
"Q9NVE7","PANK4_HUMAN","PANK4","4'-phosphopantetheine phosphatase","=""PANK4""",18.8313044924763,20.0101690682821,19.8502246786591,19.3203065878997,20.4193205015307,19.5203959432801,19.5655683760477,19.3190577210933,19.8464826314705,19.5501763260638,19.4823907793265,19.6118708793623,19.3780727710571,19.7113402302229,19.575257748371,20.1207067633584,19.005446279704,19.8902692164701,19.8591721803267,19.4812605982627,19.6964946770392,20.2937476048619,19.3300364894891,19.5897840457407,19.8053636126247,19.7814461216943,18.959110926694,19.5218442635062,20.0838601848139,19.9663805540167,19.5339272862041,18.5366745432216,19.715304825203,19.093732692761,19.0437380801447,19.660351587202,19.6157155448397,19.1388059504579,19.8595845376332,19.7941769469717,19.6238926719602,19.0606479358315,19.8727658197313,19.8415891745694,19.6480296166776,0.0844301782432169,-0.178809902631844,0.347670259118278,19.5870177659368,0.645589562724045,-5.40477062932984,0.521749840542693,0.896077533266722,0,0,0.946553779102984,0,-0.223065753679574,-0.484771605832627,0.038640098473479,19.5870177659368,-1.71565624617103,-4.60419056218206,0.0929481951684471,0.537339073041768,-1,0,0.588640165241524,0
"Q9NVH6","TMLH_HUMAN","TMLHE","Trimethyllysine dioxygenase, mitochondrial","=""TMLHE""",NA,18.2929344577514,18.8086982142813,17.780392635196,18.9825532003656,17.7458050456226,18.934832696614,18.6464641220645,18.6464284083943,18.2797258017094,19.3450884764818,17.9703877426385,NA,NA,18.8461163152083,19.6248410867247,18.7693052481409,18.5978786836202,18.7613183239397,19.2922130528821,18.8515124211633,19.207148179998,18.1753960860521,18.2407564840347,18.414595083936,19.2106086043191,18.173943558665,18.5579708402651,NA,18.8879425520986,18.886540995327,NA,18.9349620263152,19.3424988746486,NA,17.944822798632,19.8852255582789,18.3435775732607,18.410584481359,18.2086275863374,19.5347396842594,18.8859228877655,18.6496163864598,NA,19.4523799222996,0.226811312095197,-0.126156189905049,0.579778814095443,18.7243251604503,1.29970541041345,-4.81175653373181,0.201324056740353,0.735164347255353,0,0,0.69520944579975,0,0.114363325890722,-0.236547023945393,0.465273675726836,18.7243251604503,0.659182298741688,-5.69210710501939,0.513648287119365,0.834663611429138,0,0,0.926639445914025,0
"Q9NVI7","ATD3A_HUMAN","ATAD3A","ATPase family AAA domain-containing protein 3A","=""ATAD3A""",NA,18.6997874740818,NA,NA,17.9068393861122,NA,18.6395800218939,18.3890913164887,18.3495688499028,18.8465271125293,19.0993161259314,NA,18.1309139268362,NA,19.2027724112039,19.097516495392,18.4132150170236,18.661851375128,18.9084618105286,18.2010946323439,17.9843214144129,18.6484648729976,19.6286259491972,18.6822633319137,18.3957641955514,19.2343360877997,17.6424054429171,17.838558796525,18.0712571675713,19.0369820778976,18.2045961999435,18.1452658833095,18.4205416770845,17.7356203455864,NA,18.6181121131067,18.5011430443903,19.1449936304483,18.4677563178921,18.9168757067368,18.9056389961941,18.3351728364435,18.4944857948347,NA,18.4541371885035,0.0149826856482136,-0.340521396577287,0.370486767873714,18.5419960818014,0.0853148782201106,-5.46559867813809,0.932458507799816,0.981644270287868,0,0,0.998952800138631,0,-0.0941987804024897,-0.412429393344606,0.224031832539626,18.5419960818014,-0.599215479953831,-5.76082596558768,0.552581395160562,0.856522355536481,0,0,0.945657871123535,0
"Q9NVJ2","ARL8B_HUMAN","ARL8B","ADP-ribosylation factor-like protein 8B","=""ARL8B""",20.195783751697,20.0996205975216,19.534609476615,20.3787836700476,19.5064719346399,19.9649760702071,19.9246316954293,19.8650722926873,20.2011729085441,19.3660432103762,19.2819317993345,20.2940826299995,19.9596233027186,19.6241418944444,19.3036487408574,19.2185630833648,20.1289505605131,20.1386169814785,20.0326110708262,20.0816115338621,19.7593174362197,19.5633343664895,20.2872981343508,19.8292859934256,19.5329285320069,18.9361593684736,20.2883318651512,19.7741490947507,20.3448620141601,19.6226676856881,19.6485856886158,19.8905511882689,19.8103919170309,20.0665042358132,20.2492873190911,19.6177055838045,19.8236318229546,19.7165098452549,19.5209593865338,19.5331088780552,18.9720272756969,20.3126586437057,20.0517759744704,19.6484582345096,19.7204419938504,0.00607512965358481,-0.23619474871575,0.24834500802292,19.813819548523,0.0504739089108836,-5.58636898221415,0.959963083612741,0.985435363040972,0,0,0.999751798276726,0,-0.0637393155403245,-0.304597184748152,0.177118553667502,19.813819548523,-0.532668929874438,-5.82969049956772,0.596824450874601,0.874267168578469,0,0,0.967637333828323,0
"Q9NVS9","PNPO_HUMAN","PNPO","Pyridoxine-5'-phosphate oxidase","=""PNPO""",21.3944288751649,19.9108707054594,21.5050911385461,21.3072015312499,21.5772540042121,22.2054876915419,21.4313454032295,21.2900970309293,21.606496353668,21.4640884988026,21.4991388023538,22.2510476558999,21.7768400774964,21.3353424708681,21.6149905543366,21.204740884214,NA,21.4063181617243,21.2190566841555,21.0345685146715,21.6050585478184,21.0185855188395,21.6063808264703,21.3763741713617,21.3603506140925,21.4224852080258,21.1536637218333,20.9502219767101,21.1923372513002,21.7146706445844,21.1535627170102,19.4127343762702,21.3383293137012,20.9613790288015,21.2291786439351,21.3825293838303,21.2754005946662,21.19017759253,21.287518944275,21.3869229286656,21.2931101742367,21.4624011106723,21.4359808577136,21.1849204780777,21.5646643684902,-0.210060481126757,-0.495068789396541,0.0749478271430277,21.3180305461917,-1.48442301903562,-4.63234912215008,0.144661967019577,0.712175410110782,0,0,0.666229155200554,0,-0.0963953161146947,-0.379738922750146,0.186948290520757,21.3180305461917,-0.685193696537078,-5.72657512501632,0.4967330936169,0.834663611429138,0,0,0.934776293012944,0
"Q9NWU1","OXSM_HUMAN","OXSM","3-oxoacyl-[acyl-carrier-protein] synthase, mitochondrial","=""OXSM""",NA,19.0761692388509,20.1946481839438,17.8213040711008,20.3302696150764,19.3479320487945,19.281168843721,19.3455340660112,19.7391626357033,NA,20.1290401435612,19.1186050015738,17.9910310951099,19.1498405335357,19.7496608428632,20.4180932346552,NA,20.2510106611825,20.2816680955364,20.2458561707284,19.7278895370393,19.8456302190225,19.7246201579467,20.08584468751,19.806325542171,20.3762367979793,19.3148174006713,20.3497163365855,20.0404746242054,20.5298816239971,19.5652501723591,NA,20.2177221436202,19.8302855653961,19.1089009642121,19.884086081789,20.3791984703088,20.0876384316329,20.2517075859332,20.2468257150344,20.2582060593848,18.9090857436014,20.0845076278521,19.7385709354848,19.4852814643767,0.73230874518049,0.348477436979286,1.11614005338169,19.7638950821966,3.85017098243652,-0.152855220007121,0.000395910754248891,0.187661697513974,1,0,0.00322396818396977,1,-0.210771294874618,-0.58570766242965,0.164165072680414,19.7638950821966,-1.13443623104511,-5.32997275248077,0.263038732365055,0.741757591163142,0,0,0.754669506022127,0
"Q9NWU5","RM22_HUMAN","MRPL22","39S ribosomal protein L22, mitochondrial","=""MRPL22""",14.1156442642816,14.2905567467852,NA,NA,NA,NA,13.4738008795871,13.5790201396331,NA,NA,14.0654963773274,13.0964938813955,13.3565528700096,NA,13.7921396406578,NA,NA,13.4132080784493,13.1137457705762,13.7854548319885,NA,NA,NA,13.9028778608651,14.3169457100974,13.4141612980417,NA,14.6901866196463,14.8334632890298,14.0606815073489,12.9831710679645,NA,NA,NA,12.8986736477893,NA,13.5946599264573,NA,NA,13.3810184359125,NA,NA,13.4168903534272,NA,NA,0.231106015887265,-0.20609322107101,0.66830525284554,13.7079474180578,1.09339653743285,-4.88317215603356,0.285519799328943,0.799489091675277,0,0,0.748504228025059,0,-0.731203587356449,-1.23044504340612,-0.231962131306775,13.7079474180578,-3.02951781801883,-2.19821785713338,0.00595428538848225,0.235314871610749,-1,0,0.0236019265804852,-1
"Q9NWV4","CZIB_HUMAN","CZIB","CXXC motif containing zinc binding protein","=""CZIB""",21.1189156735841,23.5697456174321,23.5867561750133,21.6540184509043,23.8008255231099,24.5893530830744,23.6815626356729,23.5494327744869,23.735383657748,23.730429990732,23.5105685748243,22.769783205628,21.4457449849,23.985770261647,23.1619778660056,23.4842563360142,21.1814251073387,23.6973535061386,23.4238038523618,22.898602147118,23.7925222924455,23.4365969374354,22.765188198896,23.418359083103,23.5063062489204,23.283091296377,24.0939859022844,22.5854901737868,23.3445352394087,22.9651482657911,23.7819193477828,23.3529632097255,23.20712069659,23.6020214331559,20.8603546919547,23.8674037270576,23.2831413959293,23.3168037123742,23.3690836362946,23.5524719259093,23.6546597909962,23.1255304393104,23.4201904196206,23.8469272440252,23.3833748840189,0.00301018122440766,-0.539817450830051,0.545837813278867,23.2309088803762,0.0111619868276507,-5.5874366765076,0.991142435059155,0.996080920886472,0,0,0.999973218696913,0,0.116486797821718,-0.423177099662272,0.656150695305708,23.2309088803762,0.434474359082316,-5.8748248680779,0.665973546561171,0.908886199875209,0,0,0.953751137155021,0
"Q9NX14","NDUBB_HUMAN","NDUFB11","NADH dehydrogenase [ubiquinone] 1 beta subcomplex subunit 11, mitochondrial","=""NDUFB11""",21.4302459070633,21.6403084163978,21.0581471680522,19.4534062626136,20.861607726437,20.8664248896311,21.6727620230646,21.3974543337279,21.8309134676235,21.822120492782,21.6456880274442,20.9256683840439,20.7743085058895,20.9762712094037,21.2478359950609,20.9285891106097,20.9576412314143,21.4863437238862,20.7286833748716,19.9637271864579,21.2508069977679,20.8295552348576,21.9425969590196,21.6702159550087,21.4478625781607,22.3346709181751,20.7328701046826,21.2891733605296,21.5843552418776,21.5291685501431,21.3328184941271,21.0520059005734,21.6190746173844,20.996418911961,19.3868653862233,21.5620093187025,21.2216670784075,21.7711960071024,21.8439630919119,21.724332393757,22.1487575124941,21.2565715520246,21.0621590545704,21.2232000850333,21.4605853267297,0.0833386262304678,-0.284762535708384,0.45143978816932,21.2431344015045,0.455711469088425,-5.49621253162448,0.650739604160136,0.937693137615552,0,0,0.964827371511966,0,0.0656909469026914,-0.300264829829722,0.431646723635105,21.2431344015045,0.361316442018731,-5.90254244594593,0.719515719157899,0.923201669288604,0,0,0.978608178686143,0
"Q9NX40","OCAD1_HUMAN","OCIAD1","OCIA domain-containing protein 1","=""OCIAD1""",20.8061974957232,20.535101479349,20.407317323419,20.070917424128,20.8801830109107,20.6723423218767,20.9010989766976,21.5388366273242,21.6534510857697,20.8751701929967,20.580507972977,20.7430695488211,21.3864074381296,19.2735291508387,20.8424496790175,21.2748823942547,20.2069327555523,21.0036058318961,21.0440195072664,20.3198574489141,20.9208125186024,21.235839494701,21.5168198373624,20.8143621923723,20.6556390900674,20.2431532439764,19.924762519562,21.5581196874471,21.1305312130808,21.3580553297672,20.7759775604072,21.1582904452917,20.6922580336038,19.2707873789,19.914244558895,20.9022722473591,20.9729986547676,20.4935747071789,21.4277851411616,20.3609871242812,21.5835450831931,21.006997592989,21.1206980110021,20.4310948266682,19.6440151409565,0.13080944389182,-0.25709209221074,0.518710979994381,20.7584333177657,0.678779019037985,-5.38560933717147,0.500675832256967,0.896077533266722,0,0,0.913480265906076,0,-0.230124437211153,-0.615765186597567,0.155516312175262,20.7584333177657,-1.20113170637338,-5.2866868804359,0.235842909090004,0.71583039766998,0,0,0.717175063047716,0
"Q9NX46","ARHL2_HUMAN","ADPRHL2","ADP-ribose glycohydrolase ARH3","=""ADPRHL2""",15.9570761786779,17.7024173807299,NA,16.5279671874346,17.9319960736083,17.3653903646316,17.9560966948928,17.388103220188,17.441988721497,16.3702940711673,NA,17.3752966222803,15.380290611747,15.8970324484553,17.6918467247003,17.7590291014456,NA,17.0987943304567,16.8884666320435,17.2420484130388,15.9341009645216,17.2346491967287,15.2502437098014,NA,15.9581545060215,16.9680066043821,16.1256597382399,15.6831163633058,17.6378493565374,17.139529433252,17.485474022409,17.951363114903,16.6709738897013,16.4964991295639,15.5914336067596,NA,16.9062312821587,NA,17.3176210430295,17.3211746045918,NA,17.4437861189129,15.3298235862261,NA,16.8171858493308,-0.278801087520183,-0.852874522844012,0.295272347803647,16.8442435377668,-0.983120409859721,-5.11581916694409,0.331759904416803,0.826372714395847,0,0,0.735199463458926,0,0.110401070635728,-0.484673265344718,0.705475406616174,16.8442435377668,0.375562104474089,-5.79614551774923,0.709328598493376,0.919870186920418,0,0,0.962794057300591,0
"Q9NX63","MIC19_HUMAN","CHCHD3","MICOS complex subunit MIC19","=""CHCHD3""",23.0101561519061,22.534388713047,21.9568775489539,21.8042195925097,21.5805660556467,21.6855109966767,22.464408381378,22.1476639815626,22.3010830551616,22.6140066089191,22.3113798677872,22.2170545191984,22.8721953599363,21.8775835391067,22.4042813594801,22.2261589535721,22.9183411553848,22.2272653488274,22.0875015358956,21.7317902391287,21.8840973911884,21.9961838353513,22.8062327158943,22.408713490006,22.2499214752332,22.2601943228073,21.1656203123083,22.9260781461972,22.4934383440711,22.4793300248802,21.8995436840831,21.9078597480681,22.3550958454943,21.3797757557423,21.3936623093001,22.2752931105956,22.2849361795796,22.1019035934441,22.487478077981,22.348966136806,22.6462066700297,21.8885963601101,21.9112941204683,21.8837673408416,22.1046812832754,0.00838733548092918,-0.267223412546695,0.283998083508554,22.1891400719519,0.0612545952639334,-5.58583824460005,0.951421587429309,0.983781746134092,0,0,0.999582414638246,0,-0.19945380499512,-0.473458224973032,0.0745506149827927,22.1891400719519,-1.4651954698751,-4.96366940162631,0.149663659442604,0.640249130251886,0,0,0.684658208435211,0
"Q9NXA8","SIR5_HUMAN","SIRT5","NAD-dependent protein deacylase sirtuin-5, mitochondrial","=""SIRT5""",19.8665142481258,19.0707471269306,19.405357119584,19.154004490632,19.7909756202798,20.3970511969566,19.4815214136209,19.2695675977912,19.5051920571413,18.64754399078,19.6569675986871,20.1399493871162,20.2101657880044,19.1221046066136,19.8351255253453,19.8048765310895,20.0119225379437,19.6515855923342,19.5197199777312,19.66730288517,19.4959927455789,19.7509662461376,20.0493524198726,19.5745853600636,19.4587682836833,19.9107766460774,18.7292155140204,19.9866393835029,19.3359441529726,19.9627933815648,19.3473602569071,18.7508171619909,19.4533233564726,18.6488871260967,19.5054977534033,18.9418070684542,20.0227586165336,19.0951518170185,19.4345538448848,19.0286701585455,19.7867147822391,19.0565706504949,19.6193560415284,19.0966024270155,19.3794008332387,0.0804383986354864,-0.192257255012613,0.353134052283586,19.5029044737817,0.593739592442401,-5.43282024477386,0.555592340031204,0.905137078267613,0,0,0.953824780875192,0,-0.382864650861251,-0.653970966355362,-0.11175833536714,19.5029044737817,-2.84260454364472,-2.4268249420213,0.00664910678368974,0.242564530166528,-1,0,0.146694230714634,0
"Q9NXJ5","PGPI_HUMAN","PGPEP1","Pyroglutamyl-peptidase 1","=""PGPEP1""",NA,17.9573926907685,NA,18.7777445250673,18.9001782620834,18.0458083691886,18.1414325637763,18.098406218329,18.2640095121164,18.290400599402,16.8740750339786,18.0889644515186,18.0851832009047,17.2817777249307,18.5939658574483,18.2097122786327,NA,17.8805732384909,17.4178286717959,17.6870730616673,17.6837116732503,17.7197330955566,17.348136728777,17.9447393800376,18.3911774963163,18.186007229689,17.2020700357394,19.3339639466121,17.6408626013101,18.502842882063,18.1232271622409,16.8795426786107,17.7730659388577,17.0363086439176,NA,17.5680448346335,18.3018088504082,16.4918992901043,18.4235055372115,18.0482671045011,17.3658556963516,16.8756889428416,18.1222999350663,17.8759619231613,18.3077426564522,-0.193981541786471,-0.590151461108024,0.202188377535082,17.8961217200929,-0.988109562130445,-5.12480995002081,0.328752059959498,0.826372714395847,0,0,0.805900459524212,0,-0.265713458469165,-0.652540650621514,0.121113733683185,17.8961217200929,-1.38618996011203,-5.04001186277157,0.172997417457796,0.656645627477197,0,0,0.627388959905791,0
"Q9NY33","DPP3_HUMAN","DPP3","Dipeptidyl peptidase 3","=""DPP3""",19.421940406576,19.0731281511932,19.4394549516367,19.0316573194861,19.1981028644049,19.4526338889325,19.5265011036943,18.5878638973304,19.1240920381027,19.4315961164222,19.1554748464072,20.0857647041016,19.5529216083331,18.8747042393382,19.6354904962455,18.9721790691455,18.5055923354637,19.09383967245,19.6387081636041,18.6778906313165,18.5065154692543,18.9295689562808,18.3518384695923,18.7986745331326,19.5458315955504,19.312114086989,19.7103906313589,18.9920922804134,18.8778378923796,19.5509507798566,18.9544343726699,18.7834387320644,18.9470992500309,19.4431341873285,19.3883623018613,18.5669207495907,19.332620322094,18.5680755448751,18.5870210433139,18.9919911153577,18.9179744138175,19.5857045127757,19.2194146961647,19.2281489697829,19.818222243292,-0.273851367394521,-0.523822781505415,-0.0238799532836267,19.1419536367558,-2.20513598618023,-3.56489441608608,0.0324778348945876,0.492623799681105,-1,0,0.39119751178067,0,0.0579025258821098,-0.190611992599764,0.306417044363983,19.1419536367558,0.468982409465474,-5.85999710659403,0.641295421155262,0.897151485200245,0,0,0.974603976234569,0
"Q9NY65","TBA8_HUMAN","TUBA8","Tubulin alpha-8 chain","=""TUBA8""",21.8793048400195,22.9100876248019,23.1490086814156,22.5630561830641,23.0403321255629,22.6974089406184,23.3019313220715,23.0016913243962,23.070499346784,22.7632810777916,23.1901690228907,23.0886068580334,21.7739205839135,22.4587422540731,23.0408870087215,22.9798583124076,23.3746872928626,23.4421099745251,23.2439540333792,22.9616901075221,22.8888032814426,22.9900469220473,22.9314415261353,23.1745264369108,22.999585770327,23.2425830458869,23.2116686920522,23.2707249125842,22.6111048032262,23.3334132092104,23.1019019393374,21.863990801032,23.3199741192902,22.6158441521157,21.5133448627911,22.8150659820299,22.9104191328142,23.0364000973349,23.1491742256728,22.9190824036471,23.2105174845066,23.0043514806276,23.0618222538616,22.5638253470079,23.4165308371774,0.322111603238998,0.0355337822686295,0.608689424209366,22.9130526807539,2.2624271468145,-3.46462994933405,0.0284338826850187,0.488872265797768,1,0,0.31766011512514,0,-0.276930213418208,-0.561837787507624,0.00797736067120841,22.9130526807539,-1.95648785112912,-4.21238881069242,0.0564890514392326,0.447521680709845,-1,0,0.451212582952887,0
"Q9NYL2","M3K20_HUMAN","MAP3K20","Mitogen-activated protein kinase kinase kinase 20","=""MAP3K20""",19.983621988956,19.7594953181524,20.1955490336675,20.0893185237845,20.2556318867315,20.7537618833362,20.5335627018328,20.6421079114683,20.5368644851222,20.2348993684862,20.1879058574618,21.3082998430628,19.9558993914397,20.9349631387422,20.5242648290755,20.3816921709246,20.0012902082197,20.1943645705542,20.1820823235337,20.6310952547022,20.1274100010168,20.564305949414,20.2456696914625,20.2770494659712,20.2213665014831,20.2052845345848,20.4409987943003,19.632676935419,20.3482170105437,20.1365403507143,20.2724891510139,20.4211605878283,20.3328363696386,20.1837858394069,20.3811558477692,20.3477464981315,21.0938958190135,20.2731503457847,20.2877852795252,20.6031652471617,20.525362088251,20.0738670669973,20.4611663697092,20.7577898441142,20.7140679248677,-0.162318974054173,-0.380259564153402,0.0556216160450551,20.3603469822973,-1.49913925570764,-4.62376014831995,0.140663635278472,0.708378884160682,0,0,0.727333765708081,0,0.209292034424607,-0.00737834366165571,0.425962412510869,20.3603469822973,1.94430309881412,-4.23325655050421,0.0579835110677553,0.452653170763506,1,0,0.551022692867475,0
"Q9NYU2","UGGG1_HUMAN","UGGT1","UDP-glucose:glycoprotein glucosyltransferase 1","=""UGGT1""",NA,NA,18.2350881546976,18.9824454069005,18.1798230853193,18.0303266207773,18.5357467986187,18.3251577065235,18.2392521246234,NA,18.0320936166286,17.9264809523334,18.2820429499728,18.3369263059445,17.5596598958133,18.6444014846256,NA,17.5693730962456,18.1963693522285,NA,18.3882958851515,18.4181983929001,17.8959018744881,17.5684964662502,NA,18.056798638167,18.8060397308931,17.9379568767186,18.2267735749188,18.0496346919293,18.6994372704927,NA,18.2761476349043,17.2566070079788,NA,18.4730465498404,16.8656111810762,17.8529266731483,NA,18.1072060125743,18.3897391183728,18.8153038985383,18.5998520171231,17.8325751953561,17.9159501609739,-0.0733818218695745,-0.422812531518868,0.276048887779719,18.1529912889736,-0.425492474162363,-5.41787182461972,0.67293973608013,0.942492860389654,0,0,0.971351864656078,0,-0.0639645957459614,-0.411360428753746,0.283431237261823,18.1529912889736,-0.373060714765192,-5.79828314866093,0.711229724525973,0.919870186920418,0,0,0.978439265649761,0
"Q9NZ01","TECR_HUMAN","TECR","Very-long-chain enoyl-CoA reductase","=""TECR""",19.0576470156727,NA,18.2570297511708,17.1546779142991,17.682813878875,17.1201224025083,17.725268460452,18.2649873657711,17.6318370695586,NA,18.2687131639013,NA,NA,18.6833699066603,16.2867801759432,18.6529499834856,NA,18.320096167457,17.4688981834767,18.2828320086876,17.3496639801751,17.9439684557548,18.1706772466437,18.1041047276927,17.540313755282,18.4403713391973,NA,16.9183990408201,17.5711781888467,NA,19.0001886007272,18.1595194491674,17.5814837912925,17.9503952005967,18.0756059530471,19.0982003680753,NA,18.7949389938831,17.6621063254798,17.41127054484,18.2936636190399,NA,17.4617736956857,17.7618561854753,NA,0.0776660184574851,-0.385393745121699,0.540725782036669,17.9470772259898,0.340145645472323,-5.428119025055,0.735721408805431,0.947417763940137,0,0,0.976445841057097,0,0.207164220233246,-0.243507434893038,0.657835875359529,17.9470772259898,0.932235045025291,-5.45767821073876,0.357418412927798,0.78897033269944,0,0,0.808042577850489,0
"Q9NZ08","ERAP1_HUMAN","ERAP1","Endoplasmic reticulum aminopeptidase 1","=""ERAP1""",NA,NA,19.2515105019538,20.964462912544,18.728764014797,19.5742674612757,19.2035628328845,NA,19.1769000314835,19.4273006001924,18.6544618392891,20.0469608559207,20.7529634109307,18.8544647644927,19.7108881872161,18.4689910521467,18.5283344576745,18.9393869845856,20.0711400115603,NA,19.6575708977251,NA,18.213497291746,19.002566261236,20.0831736001855,18.5418333429531,20.1134256984374,20.4164220283805,18.9325142623305,19.4573847087539,18.8541478103445,18.9568107391725,19.0353128872469,19.5696869535985,18.5057778373684,19.478313616798,18.9242325758589,NA,18.9608941283406,19.6147266852933,NA,20.3311410965811,19.7875720340516,18.9974672172182,19.0517680158609,-0.243288580139232,-0.678393916083567,0.191816755805102,19.3379105160113,-1.13094699696408,-4.97135987181524,0.264977135597447,0.789931838196162,0,0,0.723891022830339,0,-0.0393780408572368,-0.463430438784479,0.384674357070005,19.3379105160113,-0.187823322657293,-5.88433536746178,0.851987974536283,0.960892501602455,0,0,0.993712164231791,0
"Q9NZ45","CISD1_HUMAN","CISD1","CDGSH iron-sulfur domain-containing protein 1","=""CISD1""",24.9305000207582,24.3378246672585,24.4909827153908,24.9507615153941,24.5246155771222,24.7631947165451,24.9019672726909,24.2824232205385,24.7679234701335,24.4996180134786,24.9281283473995,25.0843685386408,25.4550503261742,24.4285398971454,24.9556873381541,24.5724456895644,24.2365937900685,24.7863915863563,24.8052403734562,24.6864854734434,24.7859288378801,24.8348183712406,25.4963169143293,25.0188992656813,25.0226892058027,24.8352562388152,24.217305353135,25.0872379956181,24.7977151327433,25.0164991300888,24.6482359321473,24.5440074537434,24.9064016748237,24.8456858765238,25.0689922839192,24.5564734719923,24.7013816666016,24.6047396500412,24.7960963284081,24.8604819232077,24.936055565615,24.4882634520535,24.8794269980721,24.7702038754346,24.5766557827227,0.062029105922214,-0.140821959873396,0.264880171717824,24.7707669095634,0.615501389134968,-5.42132809312992,0.541254425679073,0.899122088181203,0,0,0.962638287176184,0,-0.0677814281944507,-0.269450227481104,0.133887371092203,24.7707669095634,-0.676523384396113,-5.74727550573102,0.502093169635158,0.834663611429138,0,0,0.954374294640293,0
"Q9NZA1","CLIC5_HUMAN","CLIC5","Chloride intracellular channel protein 5","=""CLIC5""",21.7581811446573,22.6999515642657,22.5432016385915,21.7737529028884,22.805608664375,22.620430681481,22.2262793099251,22.4717523674219,22.871506734947,22.9505589546244,22.5506183476752,22.80086863361,21.2245485946748,22.5409690212083,22.1475423388536,22.9797754292208,22.7028998612933,22.7435456942394,22.6432961112515,22.1465200608398,23.002190643744,22.7236694851865,22.9363067341863,22.8176718590087,22.6619378431968,22.6004286175172,22.0169810394218,21.3133790499274,22.7512463583122,22.7095861033572,22.5978008444156,21.7427947709654,22.4358796707451,22.0874300864058,20.7141901260285,22.808977466559,22.4702722931337,22.2904508851732,23.075576285032,22.6286310880263,22.5714216236608,22.3872405382132,22.3923938609292,22.5812379808563,22.3639865524911,0.179168296378386,-0.146050483843668,0.504387076600439,22.4418553302786,1.10891014722973,-5.05370506240275,0.273227910477616,0.794236235660287,0,0,0.79258008389585,0,-0.240076721204506,-0.563400045415855,0.0832466030068427,22.4418553302786,-1.49459603511109,-4.92409671511381,0.141842742502482,0.630944175907517,0,0,0.625703572099704,0
"Q9NZJ6","COQ3_HUMAN","COQ3","Ubiquinone biosynthesis O-methyltransferase, mitochondrial","=""COQ3""",20.7120571028503,22.0474237938285,22.4967745282438,20.5301978175646,22.0595250941282,21.5737622817066,21.3649015637294,21.5760202398177,21.9008023280741,21.9784768591972,21.7898986337652,21.2022115238894,21.0329964340221,22.132866560269,21.5242497383506,22.237776924229,21.8102793534214,22.2579780988435,21.8392356330007,22.0622139293228,22.2061197655916,22.0686291464294,21.9972481802763,21.8944448560734,21.9051404640481,21.8425375394805,21.168706904063,22.5562926559569,22.1711681095928,22.4834553914416,21.6761436161759,20.594727930034,22.1231418121313,21.2165340847466,20.0022982854086,21.9409588417251,22.1311230863054,21.8016536179009,22.1646121663402,22.0896359338327,22.0080890811456,21.3544961233837,22.1864402533202,22.3396682672624,22.3740607938528,0.431026858139461,0.0731393115405237,0.788914404738398,21.7872661187727,2.42420060999361,-3.17098433580074,0.0193268344766473,0.473767971577395,1,0,0.182511083303408,0,-0.299842870547014,-0.655644559432279,0.0559588183382506,21.7872661187727,-1.69627605552791,-4.63378864866552,0.0965860452841145,0.54181532730108,-1,0,0.496173785260129,0
"Q9NZL4","HPBP1_HUMAN","HSPBP1","Hsp70-binding protein 1","=""HSPBP1""",NA,17.1071846739717,NA,16.4528853304189,18.6287921100418,17.5447898723218,17.5647909431182,17.6875046088035,17.4040778378964,17.8000632508054,18.0592361050133,17.3401033701538,NA,18.4219498252623,NA,18.1370067339757,NA,17.4568828319588,18.4793693297112,17.8189916812848,17.4819312484212,18.1367709920426,17.7096065087626,17.9503598869713,17.9640404788027,18.1021818330841,17.059425074993,NA,18.3211803803803,18.2979223902604,17.5823357967389,NA,17.5362297589223,17.6877741961715,NA,17.8096473607115,18.0346287539319,18.0107964174165,18.0782479974758,17.7461217550808,17.2735324440089,NA,17.7238504408607,17.5366900699018,17.9878009113399,0.261761664403995,-0.0758548509992721,0.599378179807262,17.775963977806,1.57089379263791,-4.47563539856417,0.124711408003738,0.687402872621279,0,0,0.579886365460965,0,-0.169919516645244,-0.498131226016534,0.158292192726046,17.775963977806,-1.04894726826951,-5.36870731581237,0.300998565926525,0.754001885643784,0,0,0.815451093386971,0
"Q9NZL9","MAT2B_HUMAN","MAT2B","Methionine adenosyltransferase 2 subunit beta","=""MAT2B""",17.859931365666,17.6722452078649,18.0843371587867,16.8603617380942,18.3658465723177,18.4410827924105,16.7201477950848,18.0945566509018,18.1017999929512,NA,17.4492225983168,18.6822494316409,18.0242388386305,17.599118667387,17.7508862915916,18.5727856692425,17.4586769418631,18.3329834056753,17.4108806261232,16.9603312584684,17.9082895834082,17.9992888950968,17.9561738291713,17.8469842434388,17.805637751103,17.2100216312629,18.0096027019829,17.5027458188911,18.4100971236935,18.5418470842054,18.3005368622919,16.889608279686,18.3353506808738,17.296822860352,16.3727929209254,17.5278068742912,18.2487261316189,17.8834978132243,17.4972414532139,17.7606293382188,NA,17.7170210599919,17.4577635632474,18.204344697355,17.7836701376593,0.00189140647305308,-0.347822428262571,0.351605241208677,17.7885624264703,0.0108997089378673,-5.57311644381467,0.991352688667074,0.996080920886472,0,0,0.999983573428059,0,-0.211911039003443,-0.559582655740031,0.135760577733145,17.7885624264703,-1.22836430257127,-5.24200935292849,0.225834289647314,0.710460443550504,0,0,0.729559879413131,0
"Q9NZM1","MYOF_HUMAN","MYOF","Myoferlin","=""MYOF""",20.5294288284053,21.6715067680192,21.5344874321109,21.7757990245322,21.1258693365638,21.7463048582354,21.5642379230874,21.9264729194991,22.0947188804261,21.1666227437611,21.1301622595268,21.6343133657232,21.5573372094541,21.0833500663135,21.6515060013636,21.6403832794017,21.4601633528317,21.8235287813409,22.0074433982467,21.2468196570246,21.5475595307312,21.05570744327,21.4654817010198,21.1924944833876,21.5201064863901,21.1864061920587,21.5365680400405,21.5374028427192,21.6692768323498,21.7059249059918,21.7597579995434,21.7927471037089,21.9327519522772,20.6213397347553,21.2621870710039,21.4986188351254,21.4720912478669,20.8624419253693,21.5611383212227,21.6973938510942,20.9908691943778,21.8247650202639,21.4848052008287,22.0313112836689,20.829375025429,0.0324564890204009,-0.232207386573652,0.297120364614454,21.4757550735636,0.246841217825596,-5.56066211796809,0.806128455008445,0.948679518362231,0,0,0.993029637889809,0,-0.0649115440179209,-0.328032892659906,0.198209804624064,21.4757550735636,-0.496565637632769,-5.84733873627045,0.621858067942135,0.885234347493014,0,0,0.96963477355408,0
"Q9NZN4","EHD2_HUMAN","EHD2","EH domain-containing protein 2","=""EHD2""",23.2002986583218,22.6320814998615,22.3392899413012,23.2666843823113,22.8327166885741,22.9384387080886,22.9494059333045,22.8646043859766,22.1116017634716,22.3528155583961,22.43007510207,22.0407548640923,23.0734432200969,22.7283852764087,23.3861579413945,22.7945007432271,21.9102500770027,22.1617031365167,22.4722408124546,22.7225596311426,23.2624406203232,23.2544560188929,22.0768648090727,22.6780504839429,22.8283269204437,22.6759806544086,23.1769980804867,23.2265924477031,22.4235237722568,22.8605257275015,22.8329061618173,22.6202877663423,22.1543775804,22.5671524376846,23.8608693797406,22.7664442420898,22.2444844338547,22.6146081923426,22.0768660659131,22.6953338888963,22.4048555805785,22.2072291173621,22.1283003479365,22.4639908514392,22.5285704792131,-0.0415097880652198,-0.331460668077787,0.248441091947348,22.6630676529924,-0.28816212278684,-5.55093782983164,0.774515932226952,0.948679518362231,0,0,0.9894495916175,0,-0.157249160651016,-0.445510134754848,0.131011813452816,22.6630676529924,-1.09802769955551,-5.39659264765665,0.277901697642917,0.747796548567826,0,0,0.817621603323584,0
"Q9NZQ9","TMOD4_HUMAN","TMOD4","Tropomodulin-4","=""TMOD4""",22.8494213129291,20.8374718335254,19.6880745429922,20.1385009686766,18.8107038974045,19.5068833980654,20.7873415038368,19.7820855522462,20.1476140057669,20.1304562518541,21.5215768584074,19.1477700982432,20.5728801665185,20.5888151762251,20.3713651845667,18.9125814770818,19.8869628960167,18.992300291691,17.6195700930065,20.6093670794175,20.5920882578347,19.1222331162903,20.6787577956161,20.4354441789807,20.5999376011197,20.904764947835,17.9783663254459,19.9748113979408,19.0621771351091,19.1299236494218,19.5460981941596,19.7933523527238,19.8356478712379,19.1374787473105,19.8846794160816,19.5636880311908,19.6898635089173,20.953013890933,20.2515474447841,21.2522461511945,20.5940343024848,20.0278696254469,18.5993440710441,20.0706969072675,19.4448570570886,-0.678370970347231,-1.27402342264185,-0.0827185180526085,19.9561036570207,-2.29237218724295,-3.41143561863402,0.0265037679561463,0.488872265797768,-1,0,0.0851956970659415,0,0.276342088603837,-0.31583875291781,0.868522930125483,19.9561036570207,0.93929820589887,-5.54747634168359,0.352479582945126,0.786466622673627,0,0,0.749642247914249,0
"Q9NZU5","LMCD1_HUMAN","LMCD1","LIM and cysteine-rich domains protein 1","=""LMCD1""",24.9145834584722,25.2244019791553,25.0551389497109,25.5944256768734,25.1307172515847,25.6978441448031,24.8965009032944,25.2546143630051,24.9608671094827,25.141572412876,24.713663535712,25.5089571046403,25.1432475440609,25.0567141210373,24.9088222184586,24.9726849638504,25.5121041083209,24.8035857736839,25.3298053181031,24.9040025969546,25.2276811093667,24.9297838272735,25.4334776282903,24.8454788752827,24.509969049239,24.9547284808643,24.781697372585,25.161290908359,25.2617148188243,24.9908388563779,25.0383039927301,23.9353459383144,24.9166632280723,25.726869225066,23.6416336189222,25.1920703664633,25.0832708950053,24.9718846683046,25.2016061234041,24.5242650494073,25.0617764504109,25.1814912495121,25.479512742694,25.2355619260369,25.1156754082736,-0.10895071395116,-0.371396014222827,0.153494586320508,25.047263229848,-0.835607040248775,-5.28243254016864,0.407691594211407,0.869020715339718,0,0,0.906870692074313,0,-0.0875275203172272,-0.348443224046095,0.173388183411641,25.047263229848,-0.67523542100884,-5.74809875682442,0.502903449157821,0.834663611429138,0,0,0.94161135810743,0
"Q9P003","CNIH4_HUMAN","CNIH4","Protein cornichon homolog 4","=""CNIH4""",18.4526104425124,19.5491301466891,18.7802908274409,19.8802928891519,19.3104290861668,19.1641228500751,18.6345657627766,19.479176013614,17.8592400224231,18.9936015504766,19.1316144929836,17.939511418963,18.3860321089229,18.245905761165,18.7769295325249,19.0134467461229,NA,19.0540871089792,19.1723893297956,18.9274166209551,19.4035650830766,19.246300219597,19.1089351766171,18.2605584774002,18.66431744523,19.1211481370981,18.2498311600648,16.2312958126722,18.6511646563333,18.8406503858691,19.1383195960725,NA,19.1221273836989,18.5267393350031,19.166666012438,19.6978574380941,18.308482667364,19.5223065152381,18.5260519549702,18.3655800249161,18.8406763176162,18.6883563888617,18.1373257037041,NA,18.5900807093397,-0.121952123159573,-0.527063682040653,0.283159435721506,18.7895030788813,-0.607075045435375,-5.41172756160213,0.546990492611045,0.902432241314529,0,0,0.929064953093395,0,0.0998599574098229,-0.316929546027782,0.516649460847428,18.7895030788813,0.483172550616037,-5.80636051304139,0.631422055246017,0.89122592172745,0,0,0.955124396961228,0
"Q9P032","NDUF4_HUMAN","NDUFAF4","NADH dehydrogenase [ubiquinone] 1 alpha subcomplex assembly factor 4","=""NDUFAF4""",19.4681745083736,17.095727659584,18.5039530953905,16.4930592719237,17.6127553728616,17.3718900359103,17.6061451672237,17.5836945739349,17.77499304999,18.3340755092319,18.2542022544975,18.562436581588,NA,17.6625998674281,18.4542291971417,17.2729087362816,18.1123252644486,18.2529816286996,16.9399905921337,17.8444302747402,18.1000906835731,17.7079553482938,18.0237150979623,18.4355669171631,17.8149297207945,17.9382634511354,NA,20.1685583983498,18.2988476373498,18.3177238971719,16.9588172459998,16.4585385929038,17.7470206988942,NA,16.4721219201028,18.2199504240088,17.318001566798,NA,NA,17.2352842405738,18.2423518058097,NA,NA,18.1020568604446,17.7387089736957,0.156944870470117,-0.325579827669623,0.639469568609857,17.8552388453265,0.65787368581678,-5.37035982833056,0.514479903604112,0.896077533266722,0,0,0.900950132131566,0,-0.642559105795236,-1.16657988478378,-0.118538326806688,17.8552388453265,-2.48015892829853,-3.17648962230213,0.0175514856756296,0.324435639911382,-1,0,0.0744505480782006,0
"Q9P0J0","NDUAD_HUMAN","NDUFA13","NADH dehydrogenase [ubiquinone] 1 alpha subcomplex subunit 13","=""NDUFA13""",24.7724417905349,24.5914960434323,23.9377437188301,23.6571938984014,23.3773513528813,23.4571476061778,24.3431756088172,24.1731824883692,24.1028175516258,24.5153316704687,24.3634102357533,23.4433213418392,23.9500160709796,23.6783495537414,24.2655015139696,24.2233976655313,24.3819853473606,23.9996858332538,23.4042368968906,24.3012145496912,24.0011633218426,23.8186595686939,24.1510387101932,24.3274478367022,23.9705659550205,24.7670387997147,23.8502617848041,24.4059217191716,23.8977913120566,23.8660416801062,24.0839216599295,24.2100724886084,23.9798428975367,24.0452897287897,22.7980427055522,24.5872485334864,24.0496432284367,24.5075769974393,24.3528306863814,24.4460587095438,24.4098739374503,23.6752604990369,23.6017678009376,24.2405042270706,23.7604137338432,0.0559776901311295,-0.21787362670803,0.329829006970289,24.0609617613533,0.411444205178636,-5.51304952524439,0.682655914466102,0.943378727279687,0,0,0.97885644113305,0,-0.0412068764660276,-0.313462119658432,0.231048366726377,24.0609617613533,-0.304652154164222,-5.92052861389591,0.762003975165868,0.938041233542927,0,0,0.988862314914385,0
"Q9P0J1","PDP1_HUMAN","PDP1","[Pyruvate dehydrogenase [acetyl-transferring]]-phosphatase 1, mitochondrial","=""PDP1""",NA,NA,17.1357652524795,NA,NA,18.291895941558,NA,NA,NA,NA,17.6381916479957,17.9699423492164,17.8455178689583,NA,17.8471460590623,17.8366676947174,NA,18.2121769365058,17.584383973198,NA,17.236152728027,NA,18.1827444976907,NA,17.509775113661,17.7052822131387,17.1656045862485,NA,NA,16.9464766477499,16.9270907666306,NA,18.0790091566661,NA,NA,NA,NA,17.3848669387726,NA,NA,NA,NA,17.4188172005934,NA,NA,-0.194096512814486,-0.649880553956491,0.261687528327519,17.6272372406774,-0.888195023383698,-4.98812711792632,0.384972228326046,0.860654333525107,0,0,0.830870409603008,0,-0.181359308395447,-0.699031342679915,0.336312725889022,17.6272372406774,-0.730692860895681,-5.28716805043175,0.473423367849768,0.834663611429138,0,0,0.873179454645033,0
"Q9P0L0","VAPA_HUMAN","VAPA","Vesicle-associated membrane protein-associated protein A","=""VAPA""",20.5171762956407,22.4129023584821,22.2247603837385,20.3216649240367,21.7739823175595,21.8282213360164,22.4746148576583,22.3270320480487,22.486032891217,22.7503873360456,22.0178674046406,21.9571470290013,20.7896944070997,22.2562366066848,21.5971836108122,22.3424597562893,22.3632574543116,22.506451296745,22.3138410542726,21.5374924898056,22.0168828940797,22.0836525226328,22.6110011027056,22.2509283946957,21.7664811891201,22.3239998980077,21.9101679013636,19.8994672754476,22.0909712982816,21.7405670372538,22.5686677768902,23.7454346120126,22.2713911598435,22.7541026299803,21.5076240498785,22.4388786216456,21.9060346327782,22.4623095179949,22.8228776158763,22.1127473712904,22.4912294487987,22.7029074579907,21.955057214846,22.108461110612,21.5078599176291,0.146625555366285,-0.274119135359794,0.567370246092363,22.0632913002169,0.701458263208699,-5.37197613305399,0.486547752979233,0.896077533266722,0,0,0.899755683098934,0,0.373197438203658,-0.0450950477251935,0.791489924132509,22.0632913002169,1.79584727787173,-4.47862224678807,0.0790828370488841,0.510272591434467,1,0,0.387942281190239,0
"Q9P0P8","MRES1_HUMAN","MTRES1","Mitochondrial transcription rescue factor 1","=""MTRES1""",NA,18.9826152465534,NA,17.8410569974739,19.1185741527404,18.6006029386404,18.5306250781227,18.6803164218322,19.5082497253925,NA,19.5668744883294,NA,18.9041837440705,NA,18.696291739403,19.3261775266719,19.1712301012389,19.1842264205764,18.9561612753034,18.8684682809369,18.5866463494441,19.7245962329219,19.1295396164966,19.3363611708856,18.3622100459926,19.586023322902,NA,20.2814532682584,18.8503212562736,19.4336271607289,18.8497029576059,NA,18.73983980204,18.3494772763083,17.9148084455522,18.8247121891148,18.9981124109806,NA,19.1645246513196,19.5207699025506,18.8952609772265,NA,18.9995536727174,18.8562436191022,NA,0.347476613127924,-0.00567821830220339,0.700631444558051,18.9811268133059,1.99540633750496,-3.88574593675298,0.0536002305647295,0.573502080861745,1,0,0.361755493102137,0,-0.373031772594242,-0.714869813699564,-0.0311937314889204,18.9811268133059,-2.21307612224295,-3.70911742932161,0.0333111577289862,0.374370545660385,-1,0,0.28111176824772,0
"Q9P0S9","TM14C_HUMAN","TMEM14C","Transmembrane protein 14C","=""TMEM14C""",21.0003338209001,NA,19.8732258230934,23.5294553538584,21.5368555493134,20.784733899982,20.2361011678034,NA,20.1628458271676,20.6354629526471,22.2038451096511,20.1065063003153,NA,21.0798705847864,21.625372839076,21.0697337825085,NA,NA,20.6620441857883,NA,19.4816880214867,19.9696386260396,19.0654727289643,NA,21.7549216480637,21.6592860253902,21.3685178558415,NA,19.7237596709524,20.3274116359753,20.5193248040435,19.8261284666816,20.6101508589539,20.9402197350239,22.6534728378133,20.0261079320858,20.8152955023745,21.5519527288415,19.7897374852609,20.8202714163425,NA,NA,20.4117699549705,20.8317865615023,20.8588447689868,-0.573479899161821,-1.26197327442823,0.115013476104583,20.7860613274996,-1.68923221031496,-4.3061036868491,0.0998094799913624,0.661354198276587,-1,0,0.266713587316287,0,0.302647354110157,-0.370144428007335,0.975439136227649,20.7860613274996,0.912277834360971,-5.45130936917091,0.367684657137556,0.791831108546088,0,0,0.738741185751626,0
"Q9P0U1","TOM7_HUMAN","TOMM7","Mitochondrial import receptor subunit TOM7 homolog","=""TOMM7""",18.5814720038307,17.6341317936658,NA,18.3473683233088,NA,NA,NA,16.9718444585371,17.1578887379764,NA,18.610479043531,16.2368913318266,17.8502660406296,18.2686306319252,18.3388645403241,16.4900124781406,NA,16.1507298135949,NA,18.690940424332,16.0897303656531,NA,14.9202350303402,19.3403499106827,17.6783215445446,18.9602959803222,17.4227963146307,18.243618456597,16.6319435228665,16.1889785442787,NA,NA,NA,NA,17.7481174528076,NA,16.8790469844745,18.6004836008162,NA,18.1610271303085,16.6470493004847,16.4464399628548,NA,NA,NA,-0.563663198449763,-1.41381803541731,0.286491638517785,17.4745697758316,-1.35592942973544,-4.70312842828464,0.185572168552592,0.733010065782738,0,0,0.386979188330985,0,0.175997522833715,-0.811609560465071,1.1636046061325,17.4745697758316,0.364449866458173,-5.61980484122769,0.718162504512206,0.922379330439848,0,0,0.943399313903942,0
"Q9P2J5","SYLC_HUMAN","LARS1","Leucine--tRNA ligase, cytoplasmic","=""LARS1""",19.3792523203282,18.717315039657,18.6400649314371,19.783947377604,18.7405557770629,18.579797811009,19.2182977057465,18.7249396622921,18.6641853124538,18.6983776864932,18.9499497783142,19.0591892234757,NA,18.7063501625988,18.721551282987,19.0174369508789,18.9667304401783,19.1990804319557,18.8629902577943,18.9388923875041,19.1733279503076,19.1211850466519,18.5004704763756,18.8971427825586,19.3617459199239,18.9213584160482,19.1909689753538,18.52888454743,18.8590353137077,19.4334771493758,18.8446012313685,19.9773712072955,19.4278700273719,19.1945986329721,19.5289814999057,18.3244627406483,19.1469497198298,18.5520133231376,19.5516780159766,19.3225827647481,19.047842003356,18.849553761516,19.059155782055,19.303620033068,19.2703813773749,0.108813401498193,-0.140391817872329,0.358018620868714,19.0217764372302,0.879419512204778,-5.23708331453149,0.383841776124482,0.860241143654867,0,0,0.901052696650288,0,0.161929004971995,-0.081737877312706,0.405595887256696,19.0217764372302,1.33844024098747,-5.12604795298837,0.187470395872873,0.67048191514958,0,0,0.76254717237073,0
"Q9P2R7","SUCB1_HUMAN","SUCLA2","Succinate--CoA ligase [ADP-forming] subunit beta, mitochondrial","=""SUCLA2""",24.2871941877393,23.9495061804716,24.1804744602278,23.8801606192342,24.2882533345524,24.0397016709998,24.1745678417021,23.8722690883097,24.0179141315956,24.1518340275599,24.0834067726891,24.1281301518825,24.6070778436003,23.740036549916,24.3564338139949,24.2734040860841,24.6246759253209,24.3324556156466,24.1224641499276,24.2064072046418,24.2555439969711,24.196924367673,24.4272474806903,24.1446519338299,24.4378018599923,24.0447345816818,23.9462156853654,24.8208234858104,24.3640159559459,24.6011637645158,23.8677451195601,23.6419431586187,24.367103516017,23.9247726431833,23.5075575248353,24.1002115209204,24.5048280722337,23.9637792390355,24.2092197346753,24.1978711711628,24.2394022696064,24.0061049720873,24.4403923691093,24.1224330992939,24.4305468209592,0.200509385962633,0.0210345499103471,0.379984222014919,24.1795422666638,2.24875401454629,-3.4887398878393,0.0293560529958897,0.488872265797768,1,0,0.4929002056004,0,-0.218307924186572,-0.396736736216096,-0.0398791121570481,24.1795422666638,-2.46272163720555,-3.25355348644088,0.0175895438785447,0.324435639911382,-1,0,0.413928347228884,0
"Q9UBB4","ATX10_HUMAN","ATXN10","Ataxin-10","=""ATXN10""",NA,17.7002634289993,17.3039404441133,19.2558900964249,NA,17.8897902554481,16.3087553581339,17.8768330195572,18.0030335581153,17.4566881993769,17.4437062229071,16.4246524831396,NA,18.5416156121347,18.6155576643008,NA,NA,17.3632457560452,17.6658985612442,NA,18.0416238538104,17.958707263639,16.0137050312219,18.574231398211,18.0663804196316,17.819222581927,18.430642124329,NA,18.3117433699159,17.6339906243791,16.4474822288488,NA,17.0528701257133,NA,18.8748315815413,16.6275052233958,17.933489860176,16.9051597885145,NA,NA,17.3894438792033,17.7659407053653,17.6275900108122,18.1418500112028,18.3023761565693,0.039948668511812,-0.529141840938419,0.609039177962043,17.6990781440691,0.142502315634695,-5.46889660658458,0.887499491318267,0.963182196760887,0,0,0.99524358080351,0,-0.225179286339085,-0.80214797545739,0.351789402779221,17.6990781440691,-0.792277182830917,-5.53398106633963,0.433530313884802,0.82110113969254,0,0,0.828446186884207,0
"Q9UBC2","EP15R_HUMAN","EPS15L1","Epidermal growth factor receptor substrate 15-like 1","=""EPS15L1""",16.5795361224434,16.2809807348272,16.8251098591776,NA,18.873097764118,17.9412111161492,16.3375967422127,17.5083480825726,16.7160150590555,17.2253752702604,16.7464390474388,17.4526119200156,14.2856057151877,16.951631518535,16.817637995893,17.0919053277435,17.3584210050843,16.7461429326229,16.6266421116078,16.1244646191263,17.1272353238495,17.5626118640857,16.7207273879236,16.5358292938844,16.5415252693071,16.6888709509413,17.2667521265457,NA,16.855583262601,17.1020692729245,16.8180738381837,17.5198617891445,16.964839664698,16.9831997267383,15.8505149723072,17.7512104215303,16.4998968713233,17.4383044012381,16.4297875437858,16.5538487310943,16.8746743349919,16.129376797223,17.3608228438353,NA,17.6029132958963,-0.0475032190686413,-0.549022428938161,0.454015990800879,16.8968405459077,-0.191013084795364,-5.54351566599332,0.849413533985273,0.95848719206779,0,0,0.992277017722264,0,0.0556950122684334,-0.442883560824131,0.554273585360998,16.8968405459077,0.225273623077453,-5.91023019876797,0.822832623177442,0.952784992278144,0,0,0.989198098965203,0
"Q9UBF6","RBX2_HUMAN","RNF7","RING-box protein 2","=""RNF7""",18.9235813247055,18.8862760357453,18.1563765828457,18.4215610843197,18.363525612721,18.6484976242137,19.2867989044117,18.7065535997905,18.9024980167467,18.0421454790249,18.4851961840915,19.4184853067747,19.6722852419664,18.544018443303,18.0003855685522,18.6068110504957,19.2370164326155,18.6457297547871,19.0495907169578,19.1468395202413,18.5809972050684,18.1058578472538,19.5462514070508,18.9367149052818,18.5928793215194,18.3691834140485,17.8476763497691,19.4924369026293,19.4105817736583,18.2288991881524,18.2607675760241,18.7549257668785,18.5292067966948,18.8541884191147,19.1085345203537,18.8108650962937,18.865082791842,18.422063671523,18.6348491319161,18.2974862971772,18.8480944269671,18.7609944006568,19.0523780451247,18.1488145877457,18.0686094062045,0.101587016707075,-0.201462766292905,0.404636799707056,18.7038335940724,0.674737797569465,-5.38799268476789,0.503216703529059,0.896077533266722,0,0,0.93261454654791,0,-0.158706990334196,-0.459990523758005,0.142576543089614,18.7038335940724,-1.06030661233553,-5.43447502906842,0.294535926304429,0.754001885643784,0,0,0.823661058157765,0
"Q9UBF9","MYOTI_HUMAN","MYOT","Myotilin","=""MYOT""",24.18799662639,23.7607120447502,23.1251883765124,22.1847590185834,21.5291501253525,20.5552492834697,24.5169127252543,23.6280175583248,23.5977920840793,22.8570799415826,23.6539791963082,20.8110269893649,22.9117981090035,23.0737428963132,21.1544924793132,23.0212368729078,22.5615898968941,22.9433719089233,22.5426619367013,22.5675094759115,22.8060344673315,22.4973900359345,24.9789218982874,23.3723985532428,21.514162822622,24.1925203542408,20.513716293605,23.2059838063459,22.5882999290785,22.2053045585202,23.0406715536806,22.9571151775044,23.4245986300592,22.741205863942,21.0650324252598,23.9519493873404,22.4384573688881,23.5862512955513,23.4570132162545,22.5978729376543,24.7753914938667,22.48903198821,23.050882433334,22.5459533386541,20.9106574057796,0.0274371607154436,-0.63669937493838,0.691573696369267,22.8020241062473,0.0831558112335733,-5.58444472601755,0.934088144999173,0.982200119705315,0,0,0.998130960529614,0,0.101398780362146,-0.558867002232539,0.761664562956831,22.8020241062473,0.309118324035458,-5.91922156446595,0.758626100694071,0.935704624848279,0,0,0.972377639264682,0
"Q9UBG0","MRC2_HUMAN","MRC2","C-type mannose receptor 2","=""MRC2""",NA,NA,NA,15.5151356849679,NA,NA,16.9183275796584,NA,17.0837694214854,NA,NA,NA,NA,NA,NA,NA,NA,16.8324245493245,NA,16.2666337442605,17.0390888348461,16.7906297411357,16.4770693330199,16.7348133812333,16.827859463346,NA,18.021976314021,NA,16.2030802121289,16.4524257353271,17.5342941653278,NA,NA,16.9114831780481,15.3570898869949,NA,NA,NA,NA,NA,NA,16.2591754620618,NA,NA,16.3837950139671,0.305521644908819,-0.486777598946814,1.09782088876445,16.6449484278419,0.806981629728375,-4.90748714436185,0.429642492740453,0.873144117382484,0,0,0.772513925205529,0,-0.280098626449984,-0.92933807472977,0.369140821829802,16.6449484278419,-0.902852875271042,-5.2358700744015,0.377884258718083,0.795820049946075,0,0,0.761410358340752,0
"Q9UBI6","GBG12_HUMAN","GNG12","Guanine nucleotide-binding protein G(I)/G(S)/G(O) subunit gamma-12","=""GNG12""",NA,19.9137580208948,19.8748217096276,19.0035259007426,19.4273279639533,19.3443942836864,19.4035064103296,19.7231380817614,19.6984304508464,19.7933627814541,18.5470312751495,19.4825396767028,19.4049050258342,17.6477625445594,19.0566383125143,19.4568276725659,19.5980757946987,19.3355999084351,19.2637193592605,18.4232454494449,19.9485331043268,19.9339308497994,19.283406879537,18.1632882838563,18.410132421645,19.0295297838384,19.7346161374201,19.2900105943175,19.4790446757544,19.1186631057618,19.7069842275475,19.3702861832945,19.635031951976,17.7634680158231,18.7481777099929,19.3729731158103,19.4294482545485,18.7808991890014,20.0297257969351,18.0576871288968,19.2910853737593,19.5827076833141,18.7938623337691,19.3381834889032,17.0644135824862,-0.0998936398139776,-0.54729149059426,0.347504210966305,19.1762431930631,-0.449691614295634,-5.48466167337207,0.655089575308143,0.940190493291371,0,0,0.958626890246498,0,-0.233579332306899,-0.671034212729853,0.203875548116055,19.1762431930631,-1.07540485151592,-5.41935955344211,0.28792058463956,0.751286587429498,0,0,0.747648182550714,0
"Q9UBQ0","VPS29_HUMAN","VPS29","Vacuolar protein sorting-associated protein 29","=""VPS29""",NA,17.4160504415864,NA,16.2838232277432,NA,18.7509751804987,17.6236797415307,NA,17.501806594941,NA,17.8017110813933,NA,18.8351594274343,17.1724012785211,NA,18.3172134934425,NA,17.3056492575046,NA,17.6739040260981,17.4502522749028,17.445861717929,18.158248953079,17.6370549684315,NA,16.7683309064717,18.6185552809165,NA,NA,18.3917778567652,NA,NA,NA,17.8554354104904,16.7591717163545,NA,NA,NA,NA,16.837687789044,16.0846639709286,NA,18.6045836568263,17.8793903662174,NA,0.100901853164146,-0.532871508327233,0.734675214655525,17.6322245257938,0.327867990864796,-5.3304483639381,0.745737086303136,0.948679518362231,0,0,0.970831066365844,0,-0.3970673856881,-1.08339788756363,0.289263116187433,17.6322245257938,-1.19141969278207,-5.02368411535685,0.244659297192292,0.72771949909063,0,0,0.571765309686148,0
"Q9UBQ5","EIF3K_HUMAN","EIF3K","Eukaryotic translation initiation factor 3 subunit K","=""EIF3K""",20.5540322055753,20.8344042579218,21.3254709117194,20.4646372093051,21.2162135712443,20.9990684269435,21.2553670490875,20.9531436486523,21.3285917716162,21.0551410963186,21.4129320528608,21.374120738924,20.3512388268381,21.098265672544,20.7034073869123,21.2559058675144,21.3497219296051,21.4603106090166,20.9485920363024,20.9824703292992,21.2593459751883,21.404426773323,21.4843929522973,21.6577290456564,21.3011151345851,21.3674682170027,20.8635889282881,20.9766985457954,21.182536116523,20.8749389545904,21.2856425098217,20.8061293068467,21.217194884648,20.949044537367,19.839276988176,21.5625977925907,21.1824979056195,21.2345437866157,21.5884843954476,20.9414895585854,21.1526826533945,21.2354007065858,21.3045381866349,20.904262680979,20.6731064477508,0.229633498164095,-0.00577064418018708,0.465037640508376,21.0927148573892,1.96350472622754,-3.96517853933323,0.0556435472410199,0.582873842922507,1,0,0.515116206341707,0,-0.166156604928254,-0.40018875332973,0.0678755434732219,21.0927148573892,-1.42906801869551,-5.01132081449786,0.159734780342101,0.651333371176197,0,0,0.73729207126643,0
"Q9UBQ7","GRHPR_HUMAN","GRHPR","Glyoxylate reductase/hydroxypyruvate reductase","=""GRHPR""",23.6358512100759,24.1005890770427,24.2063705072064,24.5049958721572,24.0039828534729,24.3137644885189,23.9205246154605,23.8341062844165,24.2053927588181,24.0125055404632,23.9258568749242,24.1357862285458,24.056260795633,23.6758059037523,24.4053379456246,24.0913860083961,23.6735882528388,24.2258999310352,24.4501654807273,23.8684694542124,24.0591681987796,23.914541284182,23.9077999764246,24.0975298301196,24.3253214813792,23.8632930251284,24.1660865543384,24.2409602877209,23.7049493012838,24.3496636690743,23.9303792741398,23.609241584021,23.9733575521733,24.0278903783259,24.285068517449,23.7676459749398,23.8068710095491,23.9013264331648,23.8467291073606,24.1345927966946,23.71503026655,24.0893816565668,24.1213742563645,23.512433605183,24.4201072911163,0.00133060423290132,-0.167969337962017,0.170630546427819,24.0226085198967,0.0158198696519327,-5.58738129539937,0.98744645319838,0.995819552007982,0,0,0.999983190606979,0,-0.119826202136132,-0.288139422122614,0.0484870178503511,24.0226085198967,-1.43299401351482,-5.00619481517036,0.158615334586828,0.651333371176197,0,0,0.802011136654754,0
"Q9UBT2","SAE2_HUMAN","UBA2","SUMO-activating enzyme subunit 2","=""UBA2""",NA,16.5439922672307,15.4727679643788,16.8560627590092,16.7524806568353,15.5005744493923,16.2140018222422,16.5751900611182,16.4949971483292,NA,15.9108846965457,16.3036791665336,16.5301190963505,16.8721174590031,17.0645915928433,16.5734187795187,NA,16.4755981695015,17.3136024052264,15.7816164234337,16.8662185104394,16.9002500098171,15.7377594496319,16.6372288071583,16.5510985896545,16.3551615452867,17.007034566659,NA,16.7550624488607,16.8076660128218,16.971999789717,NA,16.6066171671642,16.7002149630824,16.9663289668548,16.0957668972046,15.4812212380013,16.3914476512454,NA,16.7282180758477,NA,17.1988875647819,17.1782444428311,16.573898339915,16.3389372049683,0.21884826738756,-0.129866829065873,0.567563363840994,16.5285515041957,1.26936728387276,-4.84661960638945,0.21182516997943,0.752472233109963,0,0,0.712018630800893,0,-0.0110320678714508,-0.36463964800722,0.342575512264319,16.5285515041957,-0.0631030420477525,-5.88100100998312,0.95000643262364,0.987878263296057,0,0,0.999434363627464,0
"Q9UBW8","CSN7A_HUMAN","COPS7A","COP9 signalosome complex subunit 7a","=""COPS7A""",21.5952589903289,21.0687549698285,21.3188675556687,21.3019172371707,21.2282805409974,21.6589790477607,21.1083386754813,21.4559164696023,21.4020849637347,21.4678551592091,21.2473086172598,21.768615020694,21.4876325965183,21.6481592993855,21.3812580808516,21.0172849667032,21.2580999330484,21.5880718019971,21.5219158232037,21.1501423747267,21.5679379092895,21.2710785438716,21.5809261684146,21.2319568767362,21.5995415679484,21.4037122482183,21.4197461080081,21.6194983925563,21.5727162349284,21.4760938168922,20.8532469051808,21.5169075101907,21.3509925274395,21.1831203592991,20.8897232752594,21.3752088980749,21.1370921247831,20.8669616060432,21.0275634519692,21.5956295273608,21.0833463459761,20.924249260507,21.1255262230607,21.2415866462615,21.3209400512773,0.00733035992950448,-0.153288730329088,0.167949450188097,21.3313343267493,0.0918626453898317,-5.5837733512271,0.927205710683448,0.978287160520767,0,0,0.999446126102802,0,-0.252441870257261,-0.412124832473504,-0.0927589080410177,21.3313343267493,-3.18209849781762,-1.62098157549051,0.00261919028163838,0.150502513137304,-1,0,0.222965290934232,0
"Q9UBX5","FBLN5_HUMAN","FBLN5","Fibulin-5","=""FBLN5""",NA,18.2554156992554,18.7906436824977,NA,18.5952934809691,17.2321390921386,18.648298118326,19.1110352104018,18.3320934441601,NA,17.9668857131167,17.4004946920196,NA,NA,19.0537199514964,NA,NA,18.8934921365207,18.20487798292,18.6238469270463,18.6769058977751,19.3534513556862,18.5719077359279,17.2442249939889,17.9650261873662,17.7238393124796,20.5835440194868,NA,17.9295886688695,18.7218606722307,17.5975668806619,19.8508953136121,19.0443146218857,NA,18.2799322581511,NA,17.4967051409216,NA,NA,17.8619067186887,NA,18.0207791949173,16.9025669157493,NA,18.645034916451,0.264753214551249,-0.35805203998835,0.887558469090847,18.3734931269586,0.865852645874188,-5.14395735218684,0.393008325189813,0.866140483702139,0,0,0.780938006640319,0,-0.40722836434443,-1.0444061236223,0.229949394933436,18.3734931269586,-1.30176450685276,-5.02332600653508,0.202278704209298,0.690148744397553,0,0,0.521630792079083,0
"Q9UBY9","HSPB7_HUMAN","HSPB7","Heat shock protein beta-7","=""HSPB7""",25.3950287637312,26.1293874551215,26.3856928476149,27.123144838544,26.3666596249932,26.1090341278146,26.4721879926458,26.4553254903488,26.3384842399805,26.2155080774873,26.3246414300234,26.2466591766177,25.6112580054534,26.3378023500527,26.3475648423951,26.224605203526,25.9291343646597,26.4283114415585,26.3773684342012,26.3196230128972,25.7218567208892,25.9361046714383,26.1748352500277,26.0975509247517,25.7114707095137,26.365034869378,26.3125417764646,26.6345216135031,26.3892664462777,26.246969850407,26.4032550120032,24.8547901306951,26.2861625303482,24.7152448219483,26.5155329776086,25.9646187114146,26.1047843670377,26.0872532606299,26.2356573290228,25.8275546482635,26.256053693609,25.7583982647523,26.1505497885574,26.5211686629354,26.5261783238144,-0.0614330479052327,-0.353069096671734,0.230203000861269,26.1541061572213,-0.42400567279433,-5.50844489613822,0.673536239789226,0.942492860389654,0,0,0.976013199648712,0,-0.177466184456872,-0.467402505731636,0.112470136817892,26.1541061572213,-1.23203713372402,-5.25194463747479,0.22419043607635,0.709998759994718,0,0,0.766931350656432,0
"Q9UDT6","CLIP2_HUMAN","CLIP2","CAP-Gly domain-containing linker protein 2","=""CLIP2""",18.6228647462021,18.4708148357321,19.2476969508416,18.7121960087575,19.1258514046931,17.665092390676,19.073492203807,19.0708883223218,18.662689431879,19.0944346472131,18.8160729117619,19.1831679766005,17.8617931589706,18.5955091693318,18.4352047554711,18.3378140707334,18.2971728531842,19.0540153522925,19.2913259465956,17.7499574764061,18.5727866381591,18.9193328904121,18.9393911689136,18.2083671590197,18.9950540526379,19.0234498993629,18.7499788029497,NA,18.9838946466999,18.8563381164697,19.1723639086916,19.6356853487612,19.292836381437,19.3200787651369,19.1671618517271,18.1319497089985,18.8790178901983,18.7420869263478,19.0111600151625,18.9774739167045,18.5143292698929,19.2090537897118,18.2514125383308,17.7179186231444,18.6403857322144,-0.0105469056990444,-0.330212351582787,0.309118540184698,18.7563536966944,-0.0664508000100709,-5.57124066961967,0.947313018833385,0.983220575615884,0,0,0.999429304222322,0,0.1474729796094,-0.170325336177564,0.465271295396364,18.7563536966944,0.93461276538811,-5.53686480549417,0.354971750892315,0.786512137969417,0,0,0.858352622495309,0
"Q9UDW1","QCR9_HUMAN","UQCR10","Cytochrome b-c1 complex subunit 9","=""UQCR10""",24.3128786161514,25.3897090779748,24.7118323599612,24.0947620335787,25.2154901504354,24.8232119575003,24.9237955069313,25.4611340635909,25.2704116484438,25.5877458526916,25.7719902804005,25.3024514217158,24.7678553833343,25.4071762895602,24.7120930008245,25.7765495368956,25.7019621749439,24.4556567073528,25.0270270719751,25.5181410919907,25.3256275447214,25.5541638216715,25.3601938647411,25.3835932292621,24.9996108149672,26.1020063439454,25.2693001390382,21.6094966442339,25.3972965943024,25.6570147917799,25.6743873170929,25.5086028025153,24.8745425957973,25.152344544312,23.8088052211981,25.7366823857186,25.3636948722787,25.7984326449955,25.6480743552719,24.9742891409651,25.9808617876826,25.1789799329089,25.2672572770458,25.393748729875,25.5945450754344,0.0859593287626623,-0.39013263231934,0.562051289844664,25.1743428155113,0.363423475302643,-5.52938550934473,0.717951990154137,0.947417763940137,0,0,0.971918967068748,0,0.187840554084723,-0.285476624530335,0.66115773269978,25.1743428155113,0.798818112394493,-5.6621371818507,0.428497543700291,0.818304171032817,0,0,0.852834914233192,0
"Q9UDX5","MTFP1_HUMAN","MTFP1","Mitochondrial fission process protein 1","=""MTFP1""",NA,NA,16.7783173375868,NA,16.9661424058244,NA,NA,NA,NA,NA,17.0671942033577,NA,NA,NA,17.6348529670012,18.2418751537693,NA,15.7541281390248,16.4294330091788,16.3437988736574,NA,16.2110046388697,NA,NA,17.1394169108534,16.5345608011401,NA,NA,16.2480073929878,18.0156445500889,16.6804224859772,NA,17.0305506546309,NA,NA,NA,NA,NA,17.0068903040449,17.125480053982,17.4897532002595,NA,NA,NA,15.6726221861259,-0.364582658342208,-1.16124188386778,0.43207656718336,16.8615839614927,-0.954493850772332,-4.87104880308683,0.351205945946496,0.831991492349562,0,0,0.682841228238369,0,-7.80973423069042e-05,-0.694277401679658,0.694121206995044,16.8615839614927,-0.000234639863903678,-5.63366925761509,0.999815104421392,0.999903966701438,0,0,0.999999985558812,0
"Q9UDY4","DNJB4_HUMAN","DNAJB4","DnaJ homolog subfamily B member 4","=""DNAJB4""",17.6418720942946,17.6848587194184,NA,16.8871983683852,NA,16.6372032345607,17.5883997398428,18.1112070192544,17.8640820825935,16.8661358103732,16.7758624337031,17.8369388770774,16.6260318850679,NA,16.5498799054612,15.9023385122748,NA,16.9638138789473,17.3228332696298,15.6517472885284,16.7177365625483,15.7296773494251,18.6824981848485,17.6413728587075,NA,17.4105598671806,16.9842755009618,15.4375153156436,16.9118091118915,16.7673344409954,16.9885120442665,18.2781583024656,17.2625643591901,17.346349593909,17.0602755372885,17.2371835140175,NA,17.8680363335025,NA,16.7924110964886,17.1778981002646,17.9744977829981,NA,NA,NA,-0.433540999538213,-0.913646685524262,0.0465646864478358,17.119401970743,-1.83132002647825,-4.13766998302144,0.0753292019924329,0.615621409386435,-1,0,0.325924925920316,0,0.58025010488485,0.0794794150624389,1.08102079470726,17.119401970743,2.34988844409525,-3.43293684258663,0.0243741753768097,0.344080314270748,1,0,0.115881984414375,0
"Q9UFN0","NPS3A_HUMAN","NIPSNAP3A","Protein NipSnap homolog 3A","=""NIPSNAP3A""",21.2682846629953,21.2034597498408,20.8542459472508,20.7299786821755,20.6958976652275,20.904992296964,20.9420518745055,20.7190737189303,20.757090489978,20.0576093084769,21.4736886895866,21.7062277397298,21.5876231545762,20.255721459189,21.5284330213974,21.271313942934,20.0670332743675,21.3878862307954,22.1761227488444,22.3751475556002,20.9426890525564,20.7363770095883,19.5512708125283,20.5295574081701,21.3564946246555,21.2778072212356,21.8189563633994,20.3702674626784,20.1453658134686,21.5198071821724,21.3755716832668,21.759305726862,21.3138595771196,22.1689309966001,21.8758661322343,20.4503451828193,21.1697048282018,20.5027155674872,20.4275552276126,21.3435264949719,21.2970894375068,NA,21.0501013284633,20.535062904225,22.1143794815581,0.0597905172926403,-0.347243051464159,0.46682408604944,21.0816929484715,0.295850922584438,-5.54894440839542,0.768703674964049,0.948679518362231,0,0,0.984395158260153,0,0.22376595511437,-0.187675844121219,0.635207754349959,21.0816929484715,1.095358911194,-5.38493680102782,0.279182160648338,0.747796548567826,0,0,0.751637646268967,0
"Q9UG63","ABCF2_HUMAN","ABCF2","ATP-binding cassette sub-family F member 2","=""ABCF2""",NA,NA,16.5845159172852,17.3495117456284,16.8049481826279,NA,17.1552819279314,17.0415578446399,17.9806148503342,17.350247509346,17.3157943130328,NA,NA,17.4668558752136,16.0609166032373,17.5939386184099,NA,16.9239389598344,16.1831282889415,17.4124160752168,16.9416275794227,17.2855954263462,16.4111607654898,17.7927767145742,15.5677818764434,17.6386629157197,16.5101865937847,NA,17.6025804021827,16.495846914766,17.914145176463,NA,17.8358144490167,17.4262592061051,16.3260295877513,17.529463136002,15.9421613999133,17.7575842015559,17.6507961578223,17.2007881049555,18.1812377366685,17.641477258029,17.389216348622,17.1269116034051,NA,-0.161512486124039,-0.632028296228604,0.309003323980527,17.1497713962977,-0.695498735040313,-5.26743453961759,0.491083492010179,0.896077533266722,0,0,0.89149257496889,0,0.409071108909316,-0.0280718017894432,0.846214019608076,17.1497713962977,1.89600654274239,-4.27335076435645,0.0657807663989702,0.474471915813104,1,0,0.328487175042314,0
"Q9UHA4","LTOR3_HUMAN","LAMTOR3","Ragulator complex protein LAMTOR3","=""LAMTOR3""",NA,18.832308055209,19.8816632421406,19.1172129510899,19.7767260153864,19.3377395403401,18.6103958727757,18.7227138977877,18.8862110128638,18.8761999396455,18.9779477287111,18.1195358799575,18.6210363916984,19.1471686084336,18.521670851114,18.9806260577049,NA,18.7260271867611,18.8091458215068,18.5148608150041,19.2803003994109,19.2895451414628,18.9197818525935,18.9444570996301,18.6187008939608,18.1400374969955,19.1479731930435,18.7857281557113,18.8694783838098,18.8109594573278,19.0571037963506,NA,19.1560243417412,19.3272364293482,19.1247442680144,18.7029285504587,18.529535577275,18.6911573953822,19.1094597497626,18.7853619672387,19.2788215087668,19.4753383334341,18.9986602064119,18.824175782375,NA,-0.122294892940744,-0.394371334858537,0.14978154897705,18.9347975572838,-0.907075786399418,-5.20316298496609,0.369536775654125,0.845390519787498,0,0,0.885373951388464,0,0.152914482513502,-0.122570842358522,0.428399807385527,18.9347975572838,1.12015041137433,-5.32967928015175,0.269008224227606,0.747177584994456,0,0,0.81809341195374,0
"Q9UHD1","CHRD1_HUMAN","CHORDC1","Cysteine and histidine-rich domain-containing protein 1","=""CHORDC1""",19.0003029977805,NA,NA,NA,NA,15.9404309613977,NA,NA,16.765985746283,NA,NA,15.8725452394615,NA,NA,NA,NA,17.4750780168977,15.9676526084023,15.6830678464362,NA,16.6561083288962,16.3102491261541,NA,15.6427855982389,17.0129482021652,18.2208960628519,NA,18.7178775763384,16.614087192606,16.3696590481326,NA,NA,15.9142032573277,NA,NA,16.9898011061661,17.9080536349954,15.7700798658097,16.6680481133728,NA,16.1778510719288,NA,15.7621206606233,NA,15.2706020484821,-0.0923777519527214,-1.17651329176897,0.991757787863525,16.6395841004673,-0.175846183963553,-5.20114234193106,0.861887584438095,0.95848719206779,0,0,0.986363683591408,0,-0.473652816815608,-1.32562947581328,0.378323842182064,16.6395841004673,-1.14731208432558,-5.14731152909651,0.262542669739022,0.741757591163142,0,0,0.530765144995219,0
"Q9UHD8","SEPT9_HUMAN","SEPTIN9","Septin-9","=""SEPTIN9""",NA,17.7670618438732,NA,NA,18.2219341287899,NA,NA,18.6661519562557,NA,NA,NA,NA,18.8813654645025,NA,18.3300969752039,NA,NA,NA,17.7994318230322,NA,19.0729195706794,19.4183684083562,18.8094228434424,NA,NA,NA,20.1841028872568,NA,NA,18.8357261820531,18.5023098313639,19.6671169047815,18.6238638265331,17.8885162499119,19.2054565734985,18.6481833807858,NA,NA,18.3152057790945,NA,17.8305192646426,18.3282884439383,17.6363458667448,18.6395175890942,18.0552984800723,0.676513698395883,-0.00369007221831463,1.35671746901008,18.5794436640829,2.05251670374131,-3.81703984143539,0.0511589189139693,0.5672357325198,1,0,0.133834355936612,0,-0.581924410859244,-1.14566885485646,-0.0181799668620314,18.5794436640829,-2.13026406430661,-3.78151600209,0.0435817898978296,0.402966196550617,-1,0,0.161502184207719,0
"Q9UHG3","PCYOX_HUMAN","PCYOX1","Prenylcysteine oxidase 1","=""PCYOX1""",22.5695958662486,22.8614196737866,22.6374770535759,22.573323901011,23.1074994650924,22.6392089928352,22.5975964432399,22.9390248424337,22.9206299599658,22.3013618862525,22.8071214040743,22.4428475805113,22.3291882498022,23.2369941875313,22.1137588580886,22.8108821292033,22.3362034825641,22.902741083331,22.5312177346464,22.6575381596893,22.883154552308,22.8436072780876,22.6018778904353,22.7991971529335,22.5709326760373,22.3970469297829,22.4985933897111,22.2685152942299,22.8835955700567,22.4289306877091,22.4979465838531,22.3612103045234,22.6173933136168,22.023641573642,21.9728788034079,22.6264701139368,22.6654238304757,22.8981869191182,22.3834552335983,22.6033926941248,22.0448376217859,22.3373408575653,22.3384887641925,22.8710624584112,22.2604722284853,-0.0499445767585662,-0.241202713811424,0.141313560294292,22.5776285261314,-0.525628888393828,-5.46615742279367,0.60166866426927,0.923983206133899,0,0,0.974944959716231,0,-0.194122180665865,-0.384265617684409,-0.00397874364732054,22.5776285261314,-2.05496595543395,-4.03976845521454,0.0455815849932602,0.407484700279197,-1,0,0.549087147140268,0
"Q9UHP9","SMPX_HUMAN","SMPX","Small muscular protein","=""SMPX""",21.764602670578,23.8741358903816,21.1515367030108,22.0988715575943,25.0933251910294,24.7689392176277,24.7997282233035,23.1497964375978,23.7225803186473,24.1445778542547,23.474719149004,24.7621386437778,21.071069592643,23.5419838822349,23.5418170222601,24.2727262333189,22.4005948690504,23.7565255408475,23.9625792427035,24.3254332331007,22.7479030298238,24.3699274195044,24.3965215758295,23.7099789093635,23.4787014861456,23.2523249588345,24.2208196543083,21.9261754930338,23.9558228175243,24.0058352150471,24.3007171759006,23.4794094910549,22.5100391832688,24.2968126735438,21.9587489613109,23.5041892100241,24.9459008548987,23.738641707272,23.8098547028406,23.5736999749445,23.9150905165768,23.6186512528939,24.2161125165392,23.9607619599331,23.9473022109398,0.251970741497836,-0.394915887223378,0.898857370219049,23.5892805427627,0.784030124396132,-5.31865498805822,0.437037620762575,0.873144117382484,0,0,0.811748063649241,0,0.0662708475670541,-0.576845564846795,0.709387259980904,23.5892805427627,0.207416710325793,-5.94428427541152,0.836599139092532,0.957194551784399,0,0,0.988246223298663,0
"Q9UHQ4","BAP29_HUMAN","BCAP29","B-cell receptor-associated protein 29","=""BCAP29""",NA,NA,NA,17.0435694254465,16.2173778158924,16.0584704499057,16.3890411411265,16.6033537124594,NA,17.1978407795208,16.4847615185058,16.1161750705002,16.4029796755267,16.3883992695662,NA,NA,NA,16.6929570296086,16.3414784688521,NA,NA,NA,16.0409068507009,NA,16.2374133352084,16.2553404347645,NA,NA,16.9523150377589,15.3250051419206,NA,NA,NA,15.2820428514949,16.3175037413797,16.6404464279314,NA,16.5321656746077,NA,16.488566305098,16.7412685506662,16.0086413790163,15.6923500076725,NA,NA,-0.25066443442876,-0.684768804657402,0.183439935799882,16.3380148038052,-1.18683124390902,-4.79444399284578,0.246008846843256,0.77352035425342,0,0,0.703611627905691,0,-0.0185024621025391,-0.470254326535898,0.43324940233082,16.3380148038052,-0.0841821435623163,-5.65067983148539,0.933555445689642,0.983221640851135,0,0,0.998728673477407,0
"Q9UHQ9","NB5R1_HUMAN","CYB5R1","NADH-cytochrome b5 reductase 1","=""CYB5R1""",25.680648593708,24.8316877300371,24.96327457714,25.5820102118137,25.1102077153747,25.0960519887516,25.002544453029,25.0234680900783,25.3355271586154,24.9333306656724,24.9577611564526,25.3751119653785,25.7310972042485,24.649934872979,25.2331984104779,25.277599704685,24.9875516699128,24.8242001467188,25.2333859544503,25.1926882535397,24.9270215430584,25.244053205993,25.0194952716127,25.4567971893973,25.3820482832145,25.0490415513192,25.3051048924532,26.2855732128214,24.8168646998185,24.9995470369902,25.2077745002276,25.73100745371,24.8269655113832,25.2217400662051,26.36550257784,25.2560650225809,24.9854506849652,24.8508842245804,24.9750583324742,25.1665448251974,24.7973773927837,24.9154861925442,25.0979999124151,24.7583871836616,24.8335843126035,0.0320030184958249,-0.21724482101491,0.28125085800656,25.1665923467314,0.258446318380882,-5.55808219935814,0.797214362326788,0.948679518362231,0,0,0.992773341106629,0,-0.0674096281875336,-0.315204789242143,0.180385532867076,25.1665923467314,-0.547570345750462,-5.8220500002496,0.586631806815436,0.870161621650437,0,0,0.964685190974001,0
"Q9UHV9","PFD2_HUMAN","PFDN2","Prefoldin subunit 2","=""PFDN2""",20.0796922936797,20.2440633074195,20.3607470148169,20.9276230361947,20.7365042318547,21.1209368671682,20.9211519254424,20.4206758528708,20.9125749308753,20.3858314622514,21.1418515080674,21.28948130714,20.4367114214353,20.2978995188323,20.0078183676131,20.2991831861425,21.0206015013435,20.9621246974211,20.8624640867481,20.5575373538725,20.7121523250088,20.278033345494,20.7562512983669,20.7896861886177,20.7107312264605,20.2853269917657,19.2682746738448,19.6545721670101,20.6267361008868,20.7381191274488,19.7283919930841,20.5889264707499,20.4587351200312,20.6173759753574,20.3876582943402,20.7429333499081,20.8995795550314,20.4288320694192,20.4498333802402,20.9832312272379,20.1058183177425,20.3306196204363,20.9278136607738,19.4425797059324,20.1639156124633,-0.116348075151052,-0.422298004760744,0.18960185445864,20.5124800370854,-0.765454983883774,-5.33115237880726,0.447906983577125,0.881517989469525,0,0,0.910786062014062,0,-0.0843699945122509,-0.388536771769371,0.219796782744869,20.5124800370854,-0.558324974147533,-5.81640655935929,0.579327731842661,0.869847439875183,0,0,0.954988025474843,0
"Q9UHY7","ENOPH_HUMAN","ENOPH1","Enolase-phosphatase E1","=""ENOPH1""",19.8765236864757,20.2118279580218,20.9474303973322,20.4899037696947,20.7524127944137,20.7661089372023,20.3238959946868,20.1571768036623,20.3888295987182,20.9206106575525,19.6619798494366,20.4864044427498,20.630202639511,20.1178780804677,20.5497884951669,20.4120276300599,19.9633277051839,20.1504521860714,20.5030709744381,19.7699543023369,20.4614294867754,20.3014385294791,19.8631020027112,19.7853230448588,19.9768542930371,19.387380053572,19.7140360862054,21.1642051506589,20.3568217643335,20.4052760905613,20.2278476286571,18.9099949297909,20.5504595537507,19.8608387939752,19.2792811406652,20.4612716038446,20.349544606172,19.9242978944823,20.2963296124458,20.1089777985697,20.2158001519985,20.370391218703,20.3022257932214,20.2596216987339,20.1192568477555,-0.276803987312427,-0.555969700825207,0.00236172620035424,20.2162625039587,-1.9958186359095,-3.91382353521677,0.051889004591112,0.568679495403169,-1,0,0.440887443817076,0,-0.065237335167815,-0.342776001407068,0.212301331071437,20.2162625039587,-0.473133310934987,-5.85813793686528,0.638353629260054,0.895678132179233,0,0,0.971141963884497,0
"Q9UI09","NDUAC_HUMAN","NDUFA12","NADH dehydrogenase [ubiquinone] 1 alpha subcomplex subunit 12","=""NDUFA12""",20.5967122080949,20.9867242022194,20.1401724360452,19.822260173056,19.3930967580577,19.6595838563861,20.9410978706846,20.7104768482191,20.7888885248549,21.1411954712582,20.9069431343701,20.5146084422278,19.9592175235458,20.0226371309222,20.8052596343238,20.868212799801,20.7312998932629,20.5418649457837,20.0564388473152,20.7689543268477,20.6109550954217,20.1351387569191,21.2811542174985,20.8078656151769,20.3986088611674,21.3290106373507,19.7137273753285,20.1911618863733,20.6405236329767,20.6032651432784,20.5415191365813,20.4119319139576,20.7630405107911,19.9865866335391,19.0182709486238,20.9595292238605,20.6831480132113,20.896495009475,20.6042183589121,20.8303479603256,21.0439963742338,20.0683211843562,20.4389935097719,20.3879562655328,20.0265449439147,0.161410960891359,-0.161510128554653,0.484332050337372,20.4828434719079,1.0061145366069,-5.14692232589904,0.319619132062156,0.826372714395847,0,0,0.831844786499483,0,-0.134485469827659,-0.455524494776794,0.186553555121475,20.4828434719079,-0.843195629410424,-5.62785187819644,0.403478482225375,0.80778374683241,0,0,0.885092311921617,0
"Q9UI12","VATH_HUMAN","ATP6V1H","V-type proton ATPase subunit H","=""ATP6V1H""",18.1067190688049,NA,18.8363776523532,18.4647252906889,18.9600529557972,18.4351613493668,18.0064061662883,17.1824714254151,18.8864267857652,17.2792092916334,NA,17.5177017934263,16.7813697661621,NA,17.1320149599997,17.8474117036414,NA,17.3454687304873,17.2412522194748,18.4469448640507,18.195030705381,18.2740527927386,16.4528977967758,18.610209157121,18.3015169024788,18.1559177619395,NA,19.3789829519673,17.3405878940133,17.1607560777786,17.6385998547272,18.0669944996872,17.2741626450902,16.908087069382,18.2671975796484,17.9578851124849,17.6692637284669,NA,NA,17.8033337211363,NA,17.1687118194908,16.7328515373128,NA,17.9085581590763,-0.0738446197318119,-0.574234898900632,0.426545659437009,17.825980883057,-0.2990022506797,-5.47341000604239,0.766609526314799,0.948679518362231,0,0,0.98056508794638,0,-0.333382945398423,-0.841897277390853,0.175131386594007,17.825980883057,-1.32832591278783,-5.048720873533,0.192197079463732,0.677542943761827,0,0,0.577049930711195,0
"Q9UI30","TR112_HUMAN","TRMT112","Multifunctional methyltransferase subunit TRM112-like protein","=""TRMT112""",NA,NA,NA,18.7295430680795,NA,NA,17.059250678818,17.1685864999706,17.5990324592844,NA,NA,17.8320477378945,NA,NA,17.0638381762531,16.7517438094026,NA,17.0921630185447,16.8919584922701,NA,16.8347184889459,NA,16.3442982394144,17.234191241191,17.8312075414755,NA,17.957926998591,NA,16.5535808095323,17.301261135558,NA,17.037187781684,NA,16.7670878251284,NA,NA,17.4062321396441,NA,NA,17.5069618353444,NA,17.5768117060343,16.2646182120706,17.7425491819647,16.5010178695081,-0.521197139814277,-1.04464332029518,0.00224904066662523,17.2103256227752,-2.05051923027488,-3.80210017047746,0.0509188713973488,0.5672357325198,-1,0,0.211850216911325,0,-0.00315922778751698,-0.481016167461775,0.474697711886741,17.2103256227752,-0.0136149766606585,-5.72919875795133,0.989245051660728,0.999903966701438,0,0,0.999965839218924,0
"Q9UIA9","XPO7_HUMAN","XPO7","Exportin-7","=""XPO7""",NA,NA,NA,14.9534080143093,NA,16.4335687048018,NA,15.9057067353853,NA,NA,NA,NA,15.2493871933952,15.7937255049758,16.1377127660928,NA,NA,16.3568190246779,16.0934455636463,NA,16.8160492909037,NA,NA,16.4342730380846,16.3466098031134,NA,16.0689036041819,NA,16.4081686056975,16.3037684777449,14.8529323499835,14.681296472064,16.2019819027997,16.1825311896045,16.6054562727217,NA,NA,NA,NA,15.3445468126625,16.9869463136669,15.9691514942781,15.7950809428784,NA,NA,0.610866337820523,0.0518851187112528,1.16984755692979,15.9965856555508,2.25526779142999,-3.53393470683282,0.0334935615882947,0.500029864341786,1,0,0.125588111629449,0,-0.454638468473988,-0.955046197154479,0.0457692602065035,15.9965856555508,-1.8749569984914,-4.19567343957326,0.0729978264144815,0.498910158863055,-1,0,0.304240458483519,0
"Q9UIC8","LCMT1_HUMAN","LCMT1","Leucine carboxyl methyltransferase 1","=""LCMT1""",16.4555712868707,17.5269634006589,17.4234722371767,17.2207602305305,16.9545774815779,18.246968638349,17.6386334282033,17.5329987135135,17.3082732012418,NA,17.381901348825,17.7008391577616,17.1578124803696,17.4882277979358,18.0263731006805,17.5447432432967,NA,18.1024624076193,18.0158539697695,NA,17.942212564007,17.0697151737059,17.2476146181794,17.8751192851185,18.3434310989547,17.4903412909267,17.1360483050797,17.0568804964194,17.7009929808447,17.8630459200977,17.3510548976818,16.2632683156133,17.7831055581016,17.1145736214057,17.1950020177169,17.3658322302276,17.2261893103693,16.9458609139698,17.0211645345113,17.7222081877824,NA,17.1358939786101,18.0611138202939,NA,17.3238321697847,0.190670858251135,-0.120068808087654,0.501410524589924,17.4490233353446,1.23915922288857,-4.88954058011632,0.222326449719782,0.752472233109963,0,0,0.750741180385286,0,-0.358208639874693,-0.672483364853298,-0.0439339148960884,17.4490233353446,-2.30179206688646,-3.54741837309921,0.0264955848070501,0.344080314270748,-1,0,0.272374927448005,0
"Q9UIJ7","KAD3_HUMAN","AK3","GTP:AMP phosphotransferase AK3, mitochondrial","=""AK3""",23.1951868254782,23.0637965779074,23.2931200403328,22.5189381322615,23.9039049750893,23.7485098317007,22.9259211114008,23.3440000526965,22.7338407990532,22.5857733590326,23.3746977994082,23.0531792045273,24.0808035635318,22.9177799859446,24.0039360431435,22.7715991068889,23.9107705513536,23.031017019232,22.5483289586642,23.3406565627185,23.6322894074879,23.8417966648316,23.7912797228382,23.0397718604224,22.9641949822863,23.5212920768255,23.1373445491675,24.3082838643525,23.2065020604853,23.7864920691409,22.5881978380333,23.1646898636236,23.2602246380805,22.4581868411372,23.3349861058321,23.5732183007632,23.5485707349892,23.434658671024,23.1418046522246,22.5265744907352,23.5251850304559,22.9369897023752,24.0621390080236,23.0068933500341,23.6562092204883,0.126646526625851,-0.160194255023496,0.413487308275199,23.2843008045783,0.888716403189253,-5.24280767852886,0.378775300843781,0.85393337740762,0,0,0.884307891488786,0,-0.174206067258346,-0.459375069426444,0.110962934909751,23.2843008045783,-1.22962241251008,-5.25468879063316,0.225085285440357,0.710460443550504,0,0,0.77121405568542,0
"Q9UIQ6","LCAP_HUMAN","LNPEP","Leucyl-cystinyl aminopeptidase","=""LNPEP""",NA,NA,NA,19.1262156912633,NA,18.5431056552167,NA,NA,NA,NA,NA,NA,NA,NA,NA,NA,NA,17.8486056980079,NA,NA,NA,NA,16.9083238363281,17.4210772579075,NA,NA,17.7883801047084,NA,18.8788590026646,17.9827449148049,NA,NA,NA,NA,NA,NA,NA,NA,NA,NA,NA,18.2127322031019,NA,NA,NA,-1.02999553750306,-1.96115021540317,-0.0988408596029512,18.0788938182226,-2.4632889243578,-3.71445240944412,0.0333971867284058,0.500029864341786,-1,0,0.0301597522225204,-1,0.411133106865918,-0.81978656851828,1.64205278225012,18.0788938182226,0.743797264748956,-4.89068518611694,0.47404471882608,0.834663611429138,0,0,0.735730206146775,0
"Q9UJ70","NAGK_HUMAN","NAGK","N-acetyl-D-glucosamine kinase","=""NAGK""",18.2417893833397,18.013251154811,NA,18.6065050787561,18.5690272552438,18.432650059242,17.0959872277061,18.2729899664255,17.8000646565027,18.3576778549636,NA,18.1802267576484,18.2453950143156,17.7017119615026,18.8091495755757,18.0525815079427,17.094288818414,17.6025736579662,18.2202476992237,17.2499407454059,17.807493571355,18.3752213918839,17.8751411339497,17.5422467869604,18.6246856054348,17.4971577867879,18.9110201593707,16.0636005993516,17.6017864948495,18.5914271876722,18.5386429394057,18.607077724223,17.7631900156671,19.2517226953244,19.2210016568013,18.1387669840318,18.1198236235931,18.3700167666559,17.7422018285611,16.9392274712469,NA,18.4871812241415,18.1169221510424,18.2390505775996,18.7531442834472,-0.377171749831632,-0.790788064515175,0.0364445648519114,18.0886621198653,-1.83894671820561,-4.14266420880087,0.072828580648616,0.612150491830663,-1,0,0.372299451611791,0,0.494036293718676,0.0904373599299135,0.897635227507438,18.0886621198653,2.46851911736595,-3.24016739020063,0.017615640965141,0.324435639911382,1,0,0.135959691815844,0
"Q9UJS0","CMC2_HUMAN","SLC25A13","Calcium-binding mitochondrial carrier protein Aralar2","=""SLC25A13""",24.0543400324991,23.8887255101266,22.8905803535879,23.2491039109748,23.2286077459761,23.2829811047589,23.4957941104514,23.83026015553,23.7294910292036,24.0346975468389,24.0444438516357,23.6271764221954,23.8430658230589,23.5406195187304,23.9684048223194,23.745935795456,24.4807332080612,23.5983754136515,23.7326311514215,23.5574071468222,23.5706932698806,24.1089510107211,24.619157425985,24.1476703698175,23.970940972952,23.9875238755923,22.9321384326057,22.2751237568433,23.9219368320527,23.8797501233918,23.6243147363239,23.3882282010877,23.8272567834564,23.6140566345504,23.1212099093181,23.9705744016209,23.5017778782887,24.1718642972013,23.8505440296443,23.9704902167536,24.0479326709872,23.360447729103,24.0080901058282,23.6149340052344,23.41689421851,0.117908488632285,-0.17183161473771,0.407648592002279,23.70501947869,0.819119512970777,-5.29425447188261,0.41693818881621,0.872297158372813,0,0,0.901993121074966,0,-0.0693568644897375,-0.35740829040974,0.218694561430265,23.70501947869,-0.484652248208399,-5.85289374735301,0.630220885307711,0.890511953844643,0,0,0.968486226510903,0
"Q9UJW0","DCTN4_HUMAN","DCTN4","Dynactin subunit 4","=""DCTN4""",NA,NA,NA,NA,NA,NA,19.3426802652563,19.3271952507287,19.7444294086474,NA,19.1670796359229,18.7044222265864,18.4632643194839,NA,NA,NA,NA,19.5060947822392,19.358734698737,NA,18.9066478823194,18.7651878579694,18.638523161424,18.8536186869119,18.8965081693369,NA,NA,NA,NA,18.9175224490018,19.2912667504327,NA,19.0042745482622,NA,19.3201049396736,NA,NA,NA,NA,18.5145547183946,NA,NA,NA,NA,NA,-0.171138409520193,-0.577014493742631,0.234737674702245,19.0401172084071,-0.882398855452675,-4.97674836689659,0.388565458595724,0.860654333525107,0,0,0.8506316831606,0,0.0324852311149222,-0.426673515979195,0.49164397820904,19.0401172084071,0.14805872497089,-5.49244213546201,0.883853086432901,0.975133831606227,0,0,0.99599726211455,0
"Q9UJY1","HSPB8_HUMAN","HSPB8","Heat shock protein beta-8","=""HSPB8""",19.09777890574,19.3794573546178,17.9897636332724,19.4618135047185,19.3182854436986,19.0213677192638,19.9362692161241,19.6178676493756,19.7039453655842,19.6813575699385,19.544896549668,19.9942979993964,19.1693449307944,19.2945843299362,18.7656672771134,19.4345910488592,20.3332506974389,18.6778726755852,19.3858505369554,19.1874135900951,18.5893875607662,19.4481648558489,20.0660809633854,19.0488933404588,18.4724249988538,19.498727643452,18.9015403630399,18.6957175352541,19.2350982340044,19.1000809965313,19.5226823508272,20.0283278430832,18.9993835737525,18.8174927172291,19.3403565808619,19.7347085912991,19.7163070356558,19.3816928252016,19.5393764960151,19.151602065659,19.5552508966808,19.1660038409685,18.6453958357144,19.606130050703,18.470811836274,-0.125953822856172,-0.441496273887323,0.18958862817498,19.2828292228821,-0.803460200289578,-5.3052714995136,0.425837545791857,0.872297158372813,0,0,0.898052772936558,0,0.106695166626455,-0.20700822444933,0.42039855770224,19.2828292228821,0.684599129488283,-5.74207858520299,0.497028882621653,0.834663611429138,0,0,0.928122683523525,0
"Q9UJZ1","STML2_HUMAN","STOML2","Stomatin-like protein 2, mitochondrial","=""STOML2""",19.005083114732,18.6112965276323,17.6802535084806,18.3488274340193,18.3248485914453,18.6536815622467,17.8454420907416,18.7994110252852,18.9513869136551,18.2217347513097,18.6208672551072,19.1559167295445,19.4006324486424,18.7488244665888,18.7813875086016,18.370046605281,18.8114521557764,18.5130681444079,18.8233349562628,18.5792155338533,18.3810170002878,18.4843407979037,19.4025628525492,19.6687760653827,19.5563503650519,19.5068588908363,18.3976046801848,18.2076112807975,19.1152203752618,18.7484304967952,18.4985619186858,18.8252209907372,18.6241969409125,18.9008995410687,18.389841094733,19.1317429105875,18.451104536121,18.7933824436177,18.0210513759153,18.7529397030867,18.6097352212485,18.7577540776593,18.5743579435497,17.8997545884178,18.3554610298157,0.223029971563495,-0.0806857967061102,0.5267457398331,18.6733664098849,1.47810980816406,-4.64990984674862,0.146187392647537,0.712175410110782,0,0,0.651253219482686,0,-0.265325725631715,-0.567271362797208,0.0366199115337775,18.6733664098849,-1.76872946915666,-4.5216402084952,0.083563596051639,0.523449990728398,-1,0,0.517587060299731,0
"Q9UKG1","DP13A_HUMAN","APPL1","DCC-interacting protein 13-alpha","=""APPL1""",16.6650426466189,NA,NA,16.7464472600189,15.7882318436191,16.8201581800388,16.4379257432044,16.3398006940606,16.0323148764775,NA,15.7612798633267,17.1138935052532,17.2118582029774,16.2847472051614,16.0812881035991,16.6126012538623,NA,16.4287412460566,16.9468555007529,16.7198411746678,15.6483445764742,16.2772399508155,16.8263954541331,17.1658866188944,16.9964529640219,16.2802411093926,17.1401454961615,NA,16.6860573630798,16.6985312597985,17.2335325037014,15.6269250239544,16.8263071640098,16.2182384866804,15.5941052229059,NA,16.9591491334362,16.7584094829209,15.9503046190196,16.8452539214088,16.0420754949042,16.119199545897,16.3596510265017,NA,16.1885119601536,0.200596901873634,-0.149123994774275,0.550317798521543,16.4850522546832,1.16015916523154,-4.94376836043038,0.253029726776041,0.782013090941701,0,0,0.75906341724929,0,-0.293031133891503,-0.633859470792373,0.0477972030093668,16.4850522546832,-1.73897367443048,-4.5211569175356,0.0899202479966848,0.533058470155347,-1,0,0.493682435395594,0
"Q9UKS6","PACN3_HUMAN","PACSIN3","Protein kinase C and casein kinase substrate in neurons protein 3","=""PACSIN3""",22.6227728517817,22.8605239119,22.4749437607497,23.5656116018433,22.5657034985266,22.4341058742093,22.6051303814417,22.953897052639,22.8479064665784,22.690475216947,22.8183797452013,22.2805314360996,23.1550695746919,22.7986834456618,22.7185115847352,22.7748802950223,22.5203187847698,22.7174978684796,23.3388414216762,22.1857968741685,22.5775887925667,23.0083829556538,23.2515020667922,23.1918497493046,22.1008409616297,22.7350118244026,22.2950275417965,23.2889067260634,22.8026581260429,22.6672280285263,23.2341128535681,23.4993187773259,22.6485929015743,23.3284609159596,23.5708885616015,22.7775595451728,22.2250085438908,23.1079629652724,23.2664049074538,22.2403731009615,22.7667769979778,22.7617201972069,22.8726429988703,22.6733161061363,22.1308480693058,0.00661526231026954,-0.252202287080147,0.265432811700686,22.7989459080484,0.0514474861344611,-5.58632525909205,0.959191511932138,0.985435363040972,0,0,0.999724416222119,0,0.109843695025525,-0.147465401257316,0.367152791308366,22.7989459080484,0.859272284754957,-5.61498875087558,0.394642265965885,0.802565618275863,0,0,0.902912178752271,0
"Q9UKU7","ACAD8_HUMAN","ACAD8","Isobutyryl-CoA dehydrogenase, mitochondrial","=""ACAD8""",19.2452504789715,19.9782000684957,20.1303783611153,19.7523220999658,20.5721374542173,20.6239159146674,19.4581742993089,19.9495925581151,20.5623038790753,20.3586219661155,20.7493511148436,20.80352734872,20.0851630609058,20.0689080167756,21.1019531432371,21.098666298897,19.8946886265292,20.3581025564616,20.9871452468986,20.0631037477822,20.4101581748679,20.5360811852173,19.986209940378,20.3693943969749,20.5108992774465,20.3357264973162,20.5922681950732,19.8625642968474,20.2334127197789,21.2224303986488,20.602935164945,18.8821205028699,20.3832322318502,20.2686073321395,18.5347940951544,20.226547581134,20.211221096918,20.1772147378064,20.4153767207022,20.1501045544574,20.0928952476284,20.311326171809,21.1866713207306,20.0302666936439,20.7783676964937,0.189736360846844,-0.168404423012088,0.547877144705776,20.2700518327096,1.06636920939766,-5.09332123012047,0.291816901030484,0.799489091675277,0,0,0.79161133034897,0,-0.28061136072234,-0.636664810937807,0.0754420894931278,20.2700518327096,-1.58635675104104,-4.79605601245519,0.119503485348996,0.593891809164898,0,0,0.55093771925864,0
"Q9UKV8","AGO2_HUMAN","AGO2","Protein argonaute-2","=""AGO2""",NA,NA,NA,NA,19.5407028633267,NA,19.5861420148641,19.8357506116893,19.8192764021709,NA,19.7516608036352,NA,NA,20.2779888281376,18.0884735364273,19.8906923299998,NA,19.726986422045,18.899512388866,19.7895294599652,NA,19.2095176621136,20.0318488610282,19.8659265003609,18.8156617827351,19.308355019331,NA,NA,19.713835597516,19.1084061020054,20.0637964866187,18.2671983764829,20.0408316497771,19.808394847856,NA,19.3328099300666,19.6881456807358,19.3708315274806,20.3178336515603,NA,18.9138018642756,20.4560298054439,18.7303959081029,19.2062848056465,20.3005198240865,-0.0636118950158036,-0.59387926719418,0.466655477162572,19.5405529530436,-0.24434217906551,-5.33681738612816,0.808523774067931,0.948679518362231,0,0,0.986570587462083,0,0.109743172962336,-0.33823130016713,0.557717646091802,19.5405529530436,0.498975543407022,-5.74351733148726,0.621205320425628,0.885234347493014,0,0,0.949093438924447,0
"Q9UKX2","MYH2_HUMAN","MYH2","Myosin-2","=""MYH2""",28.9255726609532,30.0908379324993,28.6015650570606,27.7328078064576,26.3155274595563,26.4799492307116,31.3331127060335,29.0045120134427,29.1056943890692,28.8806342044371,29.6070903676175,27.7332946845097,28.4300277295068,29.0568651096818,26.7434315776338,28.044764091533,28.785664023819,28.651100965908,27.4633579739719,28.480533485447,28.8611033649347,27.4113038614365,29.3147315299718,29.2949651615829,27.7787747068875,30.05921584201,27.0489310254177,28.656898614285,28.090585701722,28.0585920264068,28.7733403096584,29.6840815597351,29.104737371556,28.0453028765281,27.2817697065082,29.6347647874372,28.6192618178514,29.7159810647497,29.5228407305966,28.8654925315977,30.7191324689194,29.2675522570805,27.9262278722578,28.4896610286956,26.5595888988243,-0.0875072646398074,-0.764936706750779,0.589922177471164,28.5833595685889,-0.260010478615348,-5.55772543902363,0.79601495961215,0.948679518362231,0,0,0.980234283522004,0,0.413947527110803,-0.259533687573077,1.08742874179468,28.5833595685889,1.23717351991518,-5.24609082958917,0.222295731038035,0.708994793604851,0,0,0.53661616743047,0
"Q9UKX3","MYH13_HUMAN","MYH13","Myosin-13","=""MYH13""",22.5402303390895,22.4509296149711,21.2666699246655,21.1400742352335,20.5615376065709,19.6283856316595,22.2475844774322,20.3125973013351,19.846179005795,20.530909398384,21.0083082634035,19.518394681187,20.9015733051744,22.0385989452473,NA,NA,19.9428421593409,20.2472064997673,20.609179843774,20.6119020191509,20.5961835738023,19.9254317452356,22.1657753855441,20.9214010461659,20.8108293874774,20.7786869993377,20.4117124351549,18.93145234845,21.155520995942,20.2787499598083,21.6524266403178,NA,20.9426778281274,19.1059974481718,20.5219130590506,22.3619473518759,21.0327860632217,22.8723849384226,22.4104237948878,20.8964632823075,21.8684277219127,NA,20.9547828094249,NA,19.6220350785426,-0.401188719258915,-1.05621426766446,0.25383682914663,20.8905278286341,-1.23688681706267,-4.90369239628106,0.223160248870296,0.752868028217225,0,0,0.54786356997987,0,0.651402402082638,-0.0252150522826059,1.32801985644788,20.8905278286341,1.94422107328507,-4.18903770036524,0.0587450702428935,0.456718845290037,1,0,0.157799284905799,0
"Q9UKY7","CDV3_HUMAN","CDV3","Protein CDV3 homolog","=""CDV3""",NA,17.8048221670187,17.2755771501815,NA,18.4774597786645,17.7420337594205,17.8230570791101,18.1709927510063,18.7423696307582,NA,17.7926678600815,18.8150552710802,NA,NA,17.683920722105,18.1386963494076,NA,17.2102498177114,18.3785841990473,18.4077427890809,16.8555397340252,17.300348886014,17.405105597296,18.6827349586674,18.4202660195708,18.4738909872531,17.5797015093175,17.4199126822167,18.2118878478123,18.3574839853088,17.499311490511,19.5497528309588,NA,18.4674521595582,18.2609998498475,17.2923765242702,18.8259174268556,17.893640903314,18.8577314572492,17.6645684700477,18.1570232848072,NA,18.0133818076326,18.4534627182151,NA,-0.103668080209715,-0.532222433052498,0.324886272633067,18.0584922348728,-0.49012133609266,-5.38238895595685,0.62693868577051,0.934833173270874,0,0,0.952749461999115,0,0.301930329057782,-0.103243337789021,0.707103995904586,18.0584922348728,1.50983674902193,-4.84868963838751,0.139569163522407,0.626842806368387,0,0,0.551805474679234,0
"Q9UL25","RAB21_HUMAN","RAB21","Ras-related protein Rab-21","=""RAB21""",22.688097509434,NA,21.2382506670942,22.76674878134,21.7473182523173,21.0774253534417,20.1810219755027,21.1843986397867,19.7873721291583,20.8825153866642,21.6423089485521,19.9550604704999,21.9818702313815,21.9658195540789,21.5711174306867,21.4082521632188,NA,20.2319713163548,20.8471974771506,21.6292899405379,21.3405686988251,21.0294197118333,20.4577856275647,20.8959248897203,21.1155082512208,21.6600437303218,22.0301180737425,22.0672620135405,20.0791728111245,20.8696137699618,21.0929282718791,20.8668819248635,20.665309067728,21.7959035007648,22.8439610598726,20.8795281205109,21.1192541520166,22.014017497739,20.105574919103,21.9999494153551,19.6679328477389,19.9412683895762,21.0679192383932,21.4417772652232,20.3655008964262,-0.230317062606382,-0.780069654699998,0.319435529487234,21.1674223342383,-0.844309489596541,-5.2502679357203,0.403059607257761,0.868410244728084,0,0,0.811166134894525,0,-0.057471201904086,-0.595166113564768,0.480223709756596,21.1674223342383,-0.215405702477077,-5.92683860140516,0.8304454942856,0.954760668278656,0,0,0.989379058782011,0
"Q9UL41","PNMA3_HUMAN","PNMA3","Paraneoplastic antigen Ma3","=""PNMA3""",NA,17.3753746811512,NA,17.70973793754,NA,17.8221530479229,NA,15.5024328919827,18.2411067907286,NA,NA,19.2590943328719,18.2167754931742,17.8816176464375,NA,17.8529822733894,NA,NA,18.5021500818025,NA,NA,NA,19.1519879119653,18.9678373378059,18.628106380942,17.3474831407529,18.6587698054418,NA,NA,16.7961065189945,18.1316973418854,NA,NA,17.897037819039,15.0785719154267,NA,NA,NA,NA,NA,NA,18.8176255896702,17.5053902944925,18.147063543465,NA,0.550113635092718,-0.36499874768999,1.46522601787543,17.885959217131,1.24343708628144,-4.73610680731885,0.226210523179534,0.753445779529677,0,0,0.441477619688084,0,-0.665926905891851,-1.64727539642499,0.315421584641288,17.885959217131,-1.4036186897865,-4.76278207708102,0.173767055874303,0.656645627477197,0,0,0.311798391844466,0
"Q9UL46","PSME2_HUMAN","PSME2","Proteasome activator complex subunit 2","=""PSME2""",19.9382690224242,20.4095447160577,20.6863861003058,22.4729686106724,20.3768202816739,20.0612720988895,19.7442781609757,20.7205836501791,19.0497379363433,19.661796544921,20.0435411590723,19.7199394916298,19.5607571447807,21.2714393820802,21.0576072762803,19.7914398650933,20.128987620975,19.9037748752373,20.6992457723138,21.1995008536941,19.9336578099175,20.2341292323706,20.7261144302962,20.3450598360892,20.3361595549397,20.9219105447711,21.4155332982118,19.9042772517748,19.9551446146119,20.3085481218935,20.2296458828282,20.6890235534043,20.3538048494518,21.7925636073104,22.622029420908,19.8510474633352,20.1864603117826,21.143760466255,19.5471946006992,20.6100186063132,19.8846633651927,20.3930493133111,19.9300402226842,NA,21.5651247262893,0.0676323504732217,-0.403990396407621,0.539255097354065,20.4403829920055,0.28882220707577,-5.55075225036636,0.774042593040107,0.948679518362231,0,0,0.982826608850861,0,0.247102093402336,-0.22962839379005,0.723832580594723,20.4403829920055,1.0439371269693,-5.43602681658182,0.302085223620033,0.754001885643784,0,0,0.743941706871697,0
"Q9ULA0","DNPEP_HUMAN","DNPEP","Aspartyl aminopeptidase","=""DNPEP""",22.10384992595,21.2591883751942,21.4171706170723,22.1525602950244,21.8593652643191,21.907299465703,21.4059648025806,21.354709012598,21.0399350984705,21.3953648162428,21.7412480628691,22.2441473698332,21.5809227342075,21.563224275312,21.599181339964,21.5880598651737,21.5401415780586,21.3722953235391,21.7209635540596,22.2000346407446,21.3757578651666,21.5830575466054,21.6052052455946,21.6382065034096,21.6939117749925,21.5754764059695,21.8241388226871,20.8657844252751,21.5617581442459,21.1101893064972,21.384892271994,21.0577145536925,21.5457493283203,21.8251491069769,22.1195171776482,21.3349613324554,21.9258851830563,21.4795014916075,21.1984264874984,21.5443658525341,21.3440489241259,21.2790871093103,21.3367719024778,21.4149573123298,21.829930675375,-0.099117755738277,-0.316741917649832,0.118506406173278,21.5666682481503,-0.916758949610428,-5.22093835536689,0.364046262311217,0.843804050540426,0,0,0.904696322048665,0,-0.0422681528410997,-0.258623946961938,0.174087641279738,21.5666682481503,-0.393238063520455,-5.89107038647543,0.695958711870367,0.915228679438145,0,0,0.984796041629575,0
"Q9ULC4","MCTS1_HUMAN","MCTS1","Malignant T-cell-amplified sequence 1","=""MCTS1""",21.703124596737,21.2957728889657,21.1266313098396,22.7792972915973,21.5863353556036,21.4021647263059,21.2171671291083,21.1324572860418,21.2323420730257,21.1813793312749,21.4230511963423,20.6767719512603,22.0823709110096,20.7735091419956,21.766321249851,21.2250016203171,20.6846212424614,21.2905785444489,21.4421289927994,21.8774487796101,20.9743877464436,21.0053561608184,20.6863585882103,21.7432174343315,21.5759130100935,21.7736089439418,21.7299651877071,22.2756230980032,20.97707771412,21.029193261795,21.2340899327236,21.2291575227242,21.043557248615,22.0983701608467,22.4029296134381,21.1348142762964,21.3109584419771,21.4510239239045,21.1937569222699,21.4236804770766,20.9134600141692,20.7215816998306,20.8635735609241,20.9682074310941,21.3367819058507,-0.0717407543585828,-0.385985721527481,0.242504212810315,21.3554471087956,-0.459524232142227,-5.49468273478518,0.648020250865038,0.937693137615552,0,0,0.969355820682042,0,-0.0643024795573552,-0.37671594882983,0.24811098971512,21.3554471087956,-0.414294130354064,-5.88297575192497,0.680582595398618,0.914300764132198,0,0,0.975559637263148,0
"Q9ULT8","HECD1_HUMAN","HECTD1","E3 ubiquitin-protein ligase HECTD1","=""HECTD1""",NA,NA,NA,NA,14.9157201904142,NA,15.6243656345056,NA,15.7342740161827,NA,15.4355185595545,NA,NA,15.373277964846,15.5672081127694,NA,NA,15.2879944782123,14.7784588993115,NA,14.9506370329401,NA,14.7395207665917,15.4362075636964,14.3314823618463,NA,NA,NA,14.526355793297,14.9019268584864,14.0549700495815,NA,15.411854916146,15.126104171387,NA,15.6185596675479,14.3378793621324,NA,16.0058923988021,14.5328287877997,15.5605649489256,15.0275690755553,14.775357118544,NA,NA,-0.564233126507387,-1.02125052685016,-0.107215726164617,15.0856053637115,-2.54249262988037,-3.11945195421645,0.0175655687449988,0.473767971577395,-1,0,0.102230450385524,0,0.209204100444699,-0.19037131071443,0.608779511603829,15.0856053637115,1.07821481654658,-5.20125429577765,0.291215200840638,0.753663350606672,0,0,0.772522932336611,0
"Q9ULX7","CAH14_HUMAN","CA14","Carbonic anhydrase 14","=""CA14""",16.3314930785096,NA,NA,NA,NA,NA,NA,16.0021317268133,NA,NA,16.6663498332296,NA,16.3030684714326,NA,NA,16.9316802831096,NA,16.7106722060246,NA,18.3039690420458,18.1214613878914,16.090186512954,18.855363431909,17.8310077318874,17.8592370735073,16.881635488762,NA,17.5068646993001,18.6681737089908,16.2493313551638,NA,NA,16.2797025369197,NA,NA,17.7428734877778,17.7263195494816,18.2518996599363,NA,17.4226018606482,NA,NA,NA,NA,NA,1.20685827578576,0.383980352276463,2.02973619929506,17.273143958395,3.04127840846106,-2.49127876584266,0.00598360840852711,0.416167334657996,1,0,0.00207543720060272,1,-0.000790893152206706,-0.753392727006275,0.751810940701862,17.273143958395,-0.00217915368487545,-5.62129933334646,0.998280891581308,0.999903966701438,0,0,0.999998639199832,0
"Q9UM00","TMCO1_HUMAN","TMCO1","Calcium load-activated calcium channel","=""TMCO1""",18.2667183385508,21.5418847141512,NA,19.0321450270547,20.62334762675,20.1605809555751,20.8805034524464,20.2021841138936,20.6538269124409,20.4731624015878,18.9542996370789,19.3569607187671,19.3948660446272,18.9072164257706,NA,20.7526110041644,NA,20.5655963848746,20.4859407934148,NA,NA,20.262603485801,20.4996879497436,19.0253326125824,18.7726998294183,19.43027654312,NA,NA,19.8438035186601,NA,21.0749557318673,21.2802721096946,18.4788905692774,NA,19.394742894841,21.1055006651827,19.9689065492461,18.5724005273785,20.0800890707655,18.294659871175,20.031643255509,19.4981831609319,19.5203468321674,19.8318072654118,NA,0.167536910893681,-0.549746251519859,0.88482007330722,19.8633899141121,0.47368625919062,-5.35299787813982,0.638580576408365,0.936572189071119,0,0,0.92761217647045,0,-0.254312690061987,-0.967405328255364,0.45877994813139,19.8633899141121,-0.72325758751729,-5.56719429839536,0.474189703765599,0.834663611429138,0,0,0.827161880472308,0
"Q9UM22","EPDR1_HUMAN","EPDR1","Mammalian ependymin-related protein 1","=""EPDR1""",NA,20.3512756928504,20.8311025259372,19.0004644889514,20.8171685192457,21.507893298223,19.9784615736473,20.486277894045,20.7634287432485,19.8017062783209,20.6715200644992,20.9935508544139,18.7823510137849,20.9581731768254,20.2543364503363,20.6609510279558,20.7715312912977,20.9479010185354,20.955217536471,20.5691652463103,20.951492414893,20.7717022389047,20.6589016061349,20.3869060935768,20.3826245440895,20.9112595021464,21.4756340657911,19.8517663794903,20.8404985314095,21.1667848993222,20.4153048876889,21.530101440402,20.7702569868042,20.0992536325351,20.6068389743715,21.4265958732363,20.8126560960504,20.4702185702034,20.5416554229176,20.0276909586741,20.6401534388175,21.0834675275508,21.0380784181146,20.5210199825194,20.919223199749,0.380507780903276,0.025431387907958,0.735584173898594,20.622785508643,2.15830385912389,-3.64179433803224,0.036271834112417,0.51629413593959,1,0,0.283077266472434,0,-0.0266547324462181,-0.373839907269651,0.320530442377215,20.622785508643,-0.154626526563897,-5.95339984884565,0.877806577344517,0.973800629954707,0,0,0.996532142098297,0
"Q9UM54","MYO6_HUMAN","MYO6","Unconventional myosin-VI","=""MYO6""",23.0203749874803,22.8130667181398,22.0498182691331,23.0340404713742,22.4925117134645,22.6275438925609,23.0559985599698,22.0887309842111,22.3430006471512,22.6839822010737,23.1946756682738,23.0820277375072,23.2914640854346,22.260031375083,22.6614823884957,22.4493327419347,23.5971732136098,22.7306949609573,22.6313214648784,23.0975351251945,22.5444470050773,22.7613516622687,23.3657825255996,22.5098534288758,23.3299694011646,22.6634013751631,21.831274458537,23.440596497842,22.8393464649009,22.9969219310891,22.0190011726543,NA,23.0382782312653,23.0195355911555,21.3401861250996,22.5009014795285,23.1499203554208,22.2279133297471,22.7524392043457,22.6571109642328,23.0224025979458,22.8575721056825,22.8752589245391,22.4947371078695,22.375251356598,0.138888543663278,-0.172844011140662,0.450621098467217,22.7231422841484,0.897336038426443,-5.23606430520764,0.374311207210702,0.847902089452199,0,0,0.872422644080839,0,-0.247805764470193,-0.562914426442676,0.0673028975022895,22.7231422841484,-1.58387866165258,-4.78684711801785,0.120218479029689,0.593891809164898,0,0,0.591577390163623,0
"Q9UMR2","DD19B_HUMAN","DDX19B","ATP-dependent RNA helicase DDX19B","=""DDX19B""",NA,17.7786821157892,18.1956765959793,20.8652401194593,17.3173540951268,19.342879518987,NA,17.5631516927677,18.8040146820506,19.6606498658661,17.296883446777,17.3317377604483,17.4521448258572,17.4647841830714,17.3921125903892,18.0355613665628,NA,18.235387030694,18.2382167132828,NA,18.8698291375707,NA,NA,NA,17.4182605411917,17.3130443133506,19.3019395529734,19.3248321802396,NA,16.7578291002788,18.0810305154315,NA,NA,NA,20.0248245433769,17.6118549190206,NA,17.0138084690241,NA,17.5316703840028,18.3240525723598,18.129085482586,17.3822853747437,18.4074382647851,20.9848340469162,-0.048460460328311,-0.941448023045486,0.844527102388864,18.23284675003,-0.110403439764031,-5.44038763721338,0.912757312151938,0.96897416788358,0,0,0.995586045151564,0,0.262873356065825,-0.674317175598188,1.20006388772984,18.23284675003,0.57063598726125,-5.60907886293123,0.57210715455465,0.863690188970478,0,0,0.863470022735288,0
"Q9UMS0","NFU1_HUMAN","NFU1","NFU1 iron-sulfur cluster scaffold homolog, mitochondrial","=""NFU1""",NA,17.7215099235735,17.045983850594,16.6914868021239,18.5192285401726,17.5034844638795,17.74193235511,17.7266029996609,18.123199744979,17.5679306226338,16.4819492544351,17.6955716468365,16.8339088181903,16.7957500357603,18.3221170638658,18.0944868685146,NA,18.2046618687343,17.4705425001562,17.6620003026972,18.0605837153454,18.2150733036208,17.5157752229245,17.8124476106661,17.9500459093283,17.219148959512,NA,18.3809644356198,17.8533895202829,18.3839393292139,17.5357703150878,NA,17.8712206162104,NA,16.1832681856155,18.115883779096,17.8823075802855,NA,17.2568533367765,17.7318023785973,17.6737863311167,17.0945236571829,17.6458591453591,17.3092443295449,17.3120882551932,0.419588467039514,0.0487605332168035,0.790416400862224,17.6206749635512,2.28675563285856,-3.42298794707674,0.0275737483140021,0.488872265797768,1,0,0.221640961946303,0,-0.457880804590623,-0.840443828965814,-0.0753177802154313,17.6206749635512,-2.41890104167388,-3.31113718886277,0.0202043608526813,0.342026657891323,-1,0,0.167531256789487,0
"Q9UMS6","SYNP2_HUMAN","SYNPO2","Synaptopodin-2","=""SYNPO2""",22.3746401751946,22.4858301637126,21.1843221296714,20.7724629838281,20.8239986983436,20.013968339084,22.8719328954099,21.4818759418857,21.2943743689103,21.7151747609557,21.7525566210144,18.9888602881859,20.918488141401,21.5875961379084,19.463421413936,21.232336065227,19.8780993504121,21.4005844507721,20.9131469809314,20.3851943005713,21.1701187148549,20.6475276704003,22.3291542909988,21.3223143504377,19.9774366976472,22.1325287751319,19.1315127584366,21.885241273941,20.1196451206518,20.050977648398,22.028960908421,22.7861031772578,21.4588847361608,20.5222686578848,22.1452129540377,22.5958219500275,20.1389404502194,21.8045288383959,22.1967250661788,21.5420159717275,22.8864172986312,21.8104191433499,20.6944928648223,20.9300762663886,NA,-0.303656277861243,-0.917219488023332,0.309906932300845,21.2237770407218,-0.996767336677614,-5.15488246759627,0.32420252404308,0.826372714395847,0,0,0.710323734554058,0,0.816240057759359,0.196031872216096,1.43644824330262,21.2237770407218,2.65064309987062,-2.8504196608804,0.0110467230914903,0.282187558578439,1,0,0.0252818454796814,1
"Q9UMX0","UBQL1_HUMAN","UBQLN1","Ubiquilin-1","=""UBQLN1""",18.7416259760237,19.1384169068887,19.2228298423212,16.9813476834716,19.8428922797029,19.0064272093456,19.1388356815567,19.3891628678296,18.9757542316456,19.5705452452011,19.1249317042195,18.763200755936,18.6109055809435,19.1673264153386,18.7296097689103,19.1363210982354,18.8820133804159,19.238419141963,19.3878523088426,19.0945683095791,19.5548379060972,19.7504933469714,19.1715650703913,19.0009172830891,18.9879940362277,19.3188787535145,18.5598618658184,NA,19.3536409532025,19.4838818981673,19.0961642376282,18.8570155907273,19.153426848371,19.215254231685,18.8128831796731,19.4867407253133,19.0450030551307,19.1953843471166,19.2033747292094,18.4067059155704,19.1852099300899,18.9695254257731,19.3914241833995,19.1108351589768,19.4058033295148,0.244897310927467,-0.0670907803720207,0.556885402226954,19.0877229179552,1.58094530095056,-4.50985626648669,0.120888334131096,0.685914930018244,0,0,0.596044116385536,0,-0.105735320036743,-0.415901123808434,0.204430483734947,19.0877229179552,-0.686589273805359,-5.72567193774889,0.495861325883333,0.834663611429138,0,0,0.928514771477086,0
"Q9UN36","NDRG2_HUMAN","NDRG2","Protein NDRG2","=""NDRG2""",24.6940207020697,24.4641227398239,24.9667582114692,25.1825743622863,25.0996907147557,24.5939467558926,24.4310744862207,24.419469173545,24.7029275336207,23.963026822226,23.7174111726383,24.563557030019,24.0806436995898,24.656893679281,24.4250141224855,24.5744878636282,24.2949177734663,25.0454544244883,24.5860298400446,24.499475747645,24.8443612828214,24.6211521379962,23.8202749362216,24.4130569809347,24.0816445185832,23.435453448047,24.2162871359681,23.4608928413791,24.3204715378534,24.1390237702043,24.2353451795311,24.3697923084661,24.6353763178229,24.1938878017422,25.4329683166377,24.2352992830362,24.3091894101936,23.6827404023313,23.9027668196155,23.7735880277942,23.5818198261692,23.928447296174,24.2715551695315,24.421675699612,24.1400131745812,-0.24644801079765,-0.516307523367244,0.0234115017719437,24.3428573439654,-1.83822384537201,-4.15769294136107,0.072485905056295,0.612150491830663,-1,0,0.523735193825343,0,-0.0825679470695242,-0.350854651221361,0.185718757082312,24.3428573439654,-0.61947408988058,-5.7822654613692,0.538657727524567,0.848424887660454,0,0,0.950200068300597,0
"Q9UN37","VPS4A_HUMAN","VPS4A","Vacuolar protein sorting-associated protein 4A","=""VPS4A""",18.8511008663359,18.8551686501052,20.0555244802637,19.0028332564784,19.500339025803,19.8859961724013,19.476231609334,19.8608926662964,20.1161483453708,19.7033588114705,19.470270520917,20.0788032379117,18.8812299763746,19.0672254515518,19.3439328998988,19.463158927114,NA,19.821468153152,19.4975552080103,19.2912897147527,19.3170541112413,19.5680755244364,19.346654425739,19.8722253461544,19.8139589029756,19.5642720654832,18.8423037409956,19.410896515217,19.7645016801769,19.490619292932,19.2204393922895,18.5717991278646,19.6745975791256,18.0447224631644,18.6524548300644,19.6824260480741,19.6477621471388,NA,19.9521545973871,19.5558409528051,19.859683793342,19.5516027793552,19.9391369510369,19.3099995668392,18.889651378522,0.00805546207613261,-0.29736699320342,0.313477917355685,19.4364037485094,0.0531535574909041,-5.57193467278226,0.957849937367681,0.985395269261597,0,0,0.999653158497115,0,-0.161083168206119,-0.469608707455514,0.147442371043276,19.4364037485094,-1.05220869419617,-5.41410930802631,0.29844295244453,0.754001885643784,0,0,0.823017365670459,0
"Q9UNE7","CHIP_HUMAN","STUB1","E3 ubiquitin-protein ligase CHIP","=""STUB1""",NA,NA,NA,18.2116151732081,18.3107618014777,19.4176080084778,18.6984383190202,18.6788492686128,19.3176653065287,18.7895188530478,18.7061040596159,19.6072084377478,19.1919051884932,17.7555300121051,18.3902687574808,18.1197544146757,NA,18.2348139822947,19.2673999576678,17.9551131905682,18.8845691355097,18.3399538725803,19.1170012120368,18.7166820925875,18.7362130216925,17.6830024616941,18.0985437191893,18.6198046129317,18.4797175463458,18.2630150190353,18.8945189616636,18.7311309828889,18.8210825518079,19.0723418277638,18.8210790524689,19.0896303074979,18.2265409079185,18.556386153451,18.1765899895188,18.2422071142521,18.2879749840303,18.8951372510311,18.7642415615716,18.2978428215333,18.6427802819978,-0.283029709503527,-0.603451058371542,0.037391639364488,18.6124522481469,-1.78252969541667,-4.20951150139099,0.0818854207057845,0.632228637420987,-1,0,0.49249879854008,0,0.167972553604045,-0.133659533433903,0.469604640641994,18.6124522481469,1.12379469553284,-5.35507186334865,0.267476339041755,0.745704534126612,0,0,0.801308336829247,0
"Q9UNM6","PSD13_HUMAN","PSMD13","26S proteasome non-ATPase regulatory subunit 13","=""PSMD13""",21.3355614926382,20.2768734936608,20.3208142247193,20.9540227197392,20.0088678493286,20.211199914031,20.1342319927844,19.899884301786,20.1066616223438,20.0197718086308,20.3608006752639,20.324447922621,20.955032227667,20.3382834419306,20.3791191735262,20.1743088532909,20.5856071647068,20.3806232055187,20.4561098040636,20.878125782297,20.3233481757629,19.8979055776325,19.7891965310329,20.4770019598546,20.5203224331666,19.8834126414286,20.579607813846,21.1844529382595,19.9196549734008,20.2413315296531,20.1613797940607,20.41194761287,20.3462167442126,20.9157898717159,20.7894997957213,20.065691795831,20.1234814024462,20.6183089331067,19.9582892132696,20.4558357394898,19.5415611401718,19.8233186055663,19.9626960245054,20.0967842849042,20.8453847059307,-0.0189108164977476,-0.29041961258129,0.252597979585795,20.3340615090753,-0.140196504763217,-5.57883248891266,0.889116279620269,0.963182196760887,0,0,0.997779931675052,0,-0.0783215813407985,-0.348247956571694,0.191604793890097,20.3340615090753,-0.584045839676167,-5.80247109890984,0.562040267003545,0.861916238080618,0,0,0.955875630206152,0
"Q9UNS2","CSN3_HUMAN","COPS3","COP9 signalosome complex subunit 3","=""COPS3""",NA,19.6522247781115,20.01679033728,19.2631323494954,NA,19.940561411791,20.7683992814121,19.4525248940019,20.2397257925114,NA,19.5757480638006,21.0525273204655,NA,19.4846916554928,20.1602538326867,20.3877106813426,19.3816955438577,20.693380709911,20.5701548896999,NA,20.6634461831148,20.1515645764486,20.7385290088448,20.2887947553422,19.9238635291932,20.059046553799,NA,NA,20.5265675325165,19.9363538698242,NA,19.7847972188653,20.2374611593881,19.7965988824844,19.156840315677,19.8130355602053,NA,NA,NA,20.566163018797,19.8797131109483,20.0376197152803,19.3475906157953,NA,NA,0.339747019162729,-0.0253425574838532,0.704836595809312,20.048359598387,1.89320089322442,-4.03796077859241,0.0671170586579611,0.612150491830663,1,0,0.399410962032086,0,-0.42637077163397,-0.809217303832267,-0.0435242394356719,20.048359598387,-2.26570408389327,-3.57573878314478,0.0301472808692676,0.359121672735319,-1,0,0.224696267881419,0
"Q9UNZ2","NSF1C_HUMAN","NSFL1C","NSFL1 cofactor p47","=""NSFL1C""",21.9516694709665,21.926894929007,22.4537317185679,21.9898626084448,22.2201211095511,22.5331029027278,21.8283351041903,21.9410243132784,21.9460444195376,22.3562648740646,21.881995901388,22.563694458991,22.371587099762,22.3507353642912,21.8247783174431,21.8985629039526,22.191846536419,22.0640300113243,21.9548835623442,21.8717613071156,22.2169836074226,21.843713969183,22.0967695708801,21.7870881275912,22.0235025507536,21.7350558626902,22.186700280112,22.4170888257291,22.2219177024168,22.0347167306734,22.0480397777708,22.3407823389718,21.9498729981761,21.9094477399968,22.7080801603438,22.1752216318796,21.9077474452478,21.793408277146,22.0056521715218,22.0772797113455,22.0501387214274,22.2482165898437,22.2067491839307,21.8602722270334,22.1376527131996,-0.106318592251917,-0.27661910130747,0.0639819168036363,22.0911783517479,-1.25662032929747,-4.9049133669311,0.215229499650411,0.752472233109963,0,0,0.849327249526179,0,0.0582626759484768,-0.111045279345897,0.227570631242851,22.0911783517479,0.692666003302033,-5.73682713623598,0.491998351513061,0.834663611429138,0,0,0.959517672043679,0
"Q9UPR0","PLCL2_HUMAN","PLCL2","Inactive phospholipase C-like protein 2","=""PLCL2""",NA,NA,NA,16.4052836992061,NA,16.3043654024385,15.3471771915141,16.0842633238639,NA,NA,NA,16.3027670760977,NA,NA,NA,NA,NA,15.6047135263418,NA,NA,NA,15.704647478392,15.3628262564415,16.0857465905909,16.09573975829,NA,NA,15.5165644502133,17.1295907783868,15.6484384551897,15.1124743836647,14.1245665291661,16.4027467326372,NA,NA,NA,NA,15.9096377650323,NA,NA,NA,NA,NA,NA,14.915403580663,-0.226381252043833,-0.889785033564459,0.437022529476794,15.7809418321183,-0.714123658334494,-5.04244474887558,0.483813748310435,0.896077533266722,0,0,0.848432033307851,0,-0.519991825845537,-1.17781343000951,0.137829778318434,15.7809418321183,-1.65424294273357,-4.42519115585258,0.114469294725812,0.589911579780187,0,0,0.323985801627291,0
"Q9UPY8","MARE3_HUMAN","MAPRE3","Microtubule-associated protein RP/EB family member 3","=""MAPRE3""",NA,17.2043686017811,17.5268119205372,17.3472353888006,17.1116913896907,17.9438608009185,17.5208794077626,16.9482062133647,17.6577662435594,17.4947540281179,17.6255994277052,18.7403395581225,17.778138417814,16.9787053049376,17.0475044421158,17.1542383019319,17.6019670057082,17.9126046382457,17.4701986369025,17.4952611392973,16.8833715355535,17.140114158443,17.5428360389877,18.0005727831634,17.407801523324,17.5510877694006,18.3325566971418,17.7044481659959,16.8932297266896,17.1405667748298,17.7150807254466,18.6217324257231,17.4725985120541,16.8854068997707,17.6493195209934,17.5769568813618,17.4553787772549,17.3753983630913,17.1426938167246,17.049584149503,16.5302837337197,17.3140062949534,16.9247625544533,17.5545185642793,16.4024562305564,-0.0109050149448144,-0.335282376151177,0.313472346261548,17.4278839429711,-0.0677090270741325,-5.57116413498141,0.946316948607816,0.983220575615884,0,0,0.999398467075237,0,-0.170711829715291,-0.487880228068036,0.146456568637454,17.4278839429711,-1.08403811639036,-5.41068607238812,0.284116703836295,0.747796548567826,0,0,0.806687696613519,0
"Q9UQ13","SHOC2_HUMAN","SHOC2","Leucine-rich repeat protein SHOC-2","=""SHOC2""",NA,NA,NA,NA,15.9205150632204,NA,15.6203085503586,15.2897439342518,15.8863481455956,NA,16.599174855161,13.6035856823409,NA,16.4308792820565,NA,16.2634053201118,NA,15.6012339728503,15.6339701969768,15.4331425717685,NA,15.7636490788449,15.3227717202888,15.5652200160387,15.5789215495357,15.5787870767094,NA,NA,15.6865004577188,15.4864710775263,16.2260218766289,NA,NA,NA,NA,15.8482084812118,NA,15.7909127343074,15.3511442337115,15.61092443547,15.7319366794559,16.166759935848,16.1957833226078,NA,16.1593967451504,-0.0433099416693707,-0.537416884301454,0.450797000962712,15.7165080368795,-0.179537141423613,-5.34687702786577,0.858807028062946,0.95848719206779,0,0,0.993429430410643,0,0.312283989035583,-0.144321628291168,0.768889606362334,15.7165080368795,1.40086450624916,-4.89095106820459,0.17222457292211,0.656645627477197,0,0,0.577357398913394,0
"Q9UQ80","PA2G4_HUMAN","PA2G4","Proliferation-associated protein 2G4","=""PA2G4""",20.8251707822409,20.9176980603459,21.4097487360579,20.9694705393049,20.4346272241113,20.237633900127,20.5103571988856,20.9432795987559,20.6570115382636,20.7198535436154,20.3918881387338,20.5531279108324,21.0663520818351,21.080183309424,20.1604275825821,20.3148178628722,20.762011879969,20.6693338312515,20.3595945911978,20.7323156953656,20.739003118882,20.2932752521972,20.846573208666,20.5127691124246,20.2068737989101,20.2829862044123,20.0231768660691,20.5768102996113,20.5369462219577,20.5264689220153,20.9299794890653,21.8877704771712,20.8084967259653,20.9037068168347,21.2391247917856,21.0775379564793,20.3463971818645,20.637838112991,20.8357935271384,20.0013371468693,21.1304826934719,21.4070550728128,21.1304388815603,20.6785190391281,20.4134605085481,-0.227678875684418,-0.476038516430923,0.0206807650620864,20.7041716762801,-1.84523857533592,-4.14719452575569,0.0714400527347806,0.612150491830663,-1,0,0.548361240124357,0,0.402998770392283,0.156086631458399,0.649910909326168,20.7041716762801,3.28527772695805,-1.36489495995477,0.00195266304482697,0.143933573669995,1,0,0.0809330926622562,0
"Q9UQ90","SPG7_HUMAN","SPG7","Paraplegin","=""SPG7""",NA,16.4725671070949,NA,NA,16.4767462425474,NA,16.8646389675001,15.9235858581517,16.8825083815293,NA,16.7138028506305,NA,NA,NA,NA,16.8840956679141,NA,16.1621920590801,16.9513997420606,16.5734175534399,15.6876492737835,NA,16.9978110470842,17.2450634911665,16.6841453051603,16.7756731844056,NA,17.4334624050308,15.900457297079,16.5132926723278,16.8021957451336,NA,17.1806221162909,15.1878277213601,NA,16.7406789384133,16.1338444972237,17.163666375228,15.8735211895256,17.1664061884262,16.065351213656,15.5479614935108,16.6378919833296,NA,NA,0.109452659720098,-0.425151671262711,0.644056990702908,16.539395743727,0.418102402264808,-5.26263554580846,0.67884595843713,0.942492860389654,0,0,0.958488517356873,0,-0.240181555340129,-0.683366585205848,0.20300347452559,16.539395743727,-1.10673434339657,-5.27606526924372,0.277192657146012,0.747796548567826,0,0,0.734795431093899,0
"Q9UQM7","KCC2A_HUMAN","CAMK2A","Calcium/calmodulin-dependent protein kinase type II subunit alpha","=""CAMK2A""",21.6615976491154,22.3031342051864,22.4442094251669,21.7876861173189,21.6803157104956,21.5544063271811,22.0143504697439,22.228548135136,22.5748747664987,21.975077093109,21.7819336270272,21.3397526414575,21.9884766514571,21.6389626355866,20.5960690018464,21.8766676115772,22.2868058297823,22.6132015894836,21.9858071392724,21.49832020799,22.0439333811871,21.8616754651985,21.2796222390339,21.9151977499718,20.8720681816762,22.170500830746,19.754158552198,21.8667253563136,21.9846254965459,21.0358982644804,21.8499815017184,21.7074018613206,22.445508964996,21.3967914335376,20.9600073392793,22.9456724770996,21.5732106655222,22.033259306152,22.303821207669,21.3227486560969,21.7466386541372,21.2616151286104,21.4675424249836,22.108768194707,19.5508880304244,-0.167304560132024,-0.57643620442273,0.241827084158682,21.7175212932897,-0.823105525459682,-5.29141728603214,0.414691105662555,0.872297158372813,0,0,0.863065193923865,0,-0.0247568032801908,-0.431503926499233,0.381990319938851,21.7175212932897,-0.122512636384099,-5.95766112597637,0.903026254020134,0.977865538778253,0,0,0.997477901507521,0
"Q9Y224","RTRAF_HUMAN","RTRAF","RNA transcription, translation and transport factor protein","=""RTRAF""",NA,17.2162775975024,16.0792997414863,18.0028042014565,16.6903865952693,16.0286546507038,15.4052204554693,17.0654002412668,16.5631261735777,16.2427711030626,16.3681774300823,NA,15.7334646308749,16.0009703603357,17.2412559362663,17.2244901399813,NA,16.5304943114141,17.3457365406565,15.4869594096747,16.7706084297135,17.378218515686,16.7616217530185,16.8047700986382,16.0852708532711,16.8921175057072,15.4297526420784,NA,17.0644126071219,16.3410131307416,17.4034494903714,17.7739388479463,17.1433901322548,16.4965950916374,17.023177839427,16.1742817413926,15.8989250706329,17.0028014660719,15.8400845819842,15.6474131454815,16.3635035096177,17.049843378684,16.1395715335453,NA,16.1323909354532,0.0956607660102478,-0.375280632395345,0.56660216441584,16.5710660454889,0.410210216412771,-5.4567599349526,0.683785361259605,0.943975789968502,0,0,0.964291417724344,0,-0.0546168808697907,-0.514784725624635,0.405550963885054,16.5710660454889,-0.239690109293435,-5.89032770256021,0.811763602187535,0.947477443017977,0,0,0.988674483910633,0
"Q9Y230","RUVB2_HUMAN","RUVBL2","RuvB-like 2","=""RUVBL2""",NA,15.8591281388776,16.5447128386909,NA,17.0648693974697,17.0200355593274,17.0400024829176,17.2319845517211,16.5960476205768,NA,17.5676145200803,17.7652171376949,16.042800927997,17.8156228121752,16.8309803492846,17.4447280517064,16.1350475014168,16.5839425645677,16.8799335688933,17.0770287339392,16.883444262471,17.0895198469881,17.5441145642767,17.1502375879312,17.1392211366569,17.1441492599066,17.6573623512529,15.5383658842098,17.1254677709087,17.261766643866,17.4685072618768,17.2606782597272,17.2532792670139,16.9512465044522,16.727930203801,17.2134236950073,15.6745944071437,17.8073052508758,16.7356044979843,17.5257628889987,17.5982651399653,18.0210841542954,17.0210358057377,15.8507008557382,17.3928162042011,0.0317848671937178,-0.378682893456229,0.442252627843665,17.0127519157767,0.156159712007912,-5.528640820336,0.876637285685518,0.962924583781994,0,0,0.99582388648282,0,0.123193644521827,-0.262508766675372,0.508896055719025,17.0127519157767,0.644115277092422,-5.7672793110156,0.522918591191061,0.837978453874493,0,0,0.92323629280644,0
"Q9Y235","ABEC2_HUMAN","APOBEC2","C->U-editing enzyme APOBEC-2","=""APOBEC2""",26.7555879482058,26.6050921778924,26.1858710309855,26.4949350444512,26.613538558348,25.7558065051683,26.620040043359,26.8876361118144,26.6798479441299,26.5028220865663,26.797586266614,25.1425246396451,26.2375198850842,27.0594348610581,25.4671200499305,27.2292213271267,26.5142704703647,26.6024879213886,26.8733808437385,26.6128415276189,26.6887663564855,26.7771237429126,27.0125615368524,26.895553086539,26.312540527954,26.5911890118904,25.1716711556555,26.1661933793077,26.8817312710331,25.9021580923582,26.6745694310622,26.0867241248084,26.3916377228249,26.9268926500331,26.3764656621558,27.2734596398675,26.2826150002396,27.1026752865154,26.3885728439985,25.9802344271037,26.3540219923427,26.0900742167243,26.7812738107184,26.4801263053667,25.1937567228403,0.163828591748164,-0.157206107729615,0.484863291225943,26.4537811831351,1.02718467607876,-5.1285149664199,0.309700012870707,0.8183740915589,0,0,0.825280564488303,0,-0.123239360974949,-0.442402990306181,0.195924268356282,26.4537811831351,-0.777225163159374,-5.67816882259864,0.44100126947415,0.822236277634361,0,0,0.904026149838629,0
"Q9Y237","PIN4_HUMAN","PIN4","Peptidyl-prolyl cis-trans isomerase NIMA-interacting 4","=""PIN4""",18.2796051006578,18.1792575240987,18.9129901775411,18.2543825105415,17.2175770324543,18.7197847059367,18.1644035982501,17.333484842804,18.3624548693953,18.1954525367172,17.9254128170602,18.3108437697636,18.7255204554452,18.6887500568999,18.1775239770983,17.6107026962801,18.3239436355995,16.66973111061,17.8111113751382,17.5968542577397,18.1215333664002,16.9419484205353,18.2968692917177,18.05495558822,18.2810160689515,17.5804911817466,16.4916443678967,17.9559437278873,18.7617126169202,17.5376255786092,17.5759231035574,16.7544512242537,17.6849749135427,17.5567561842157,18.2356390548011,17.692904053114,17.9701926525903,17.6059888196964,17.5209058177462,17.8405951785056,16.7477969669018,17.8760512308601,17.5985669402308,18.2362197807352,17.6299974075816,-0.49002187581106,-0.845799531122793,-0.134244220499326,17.8668997908277,-2.77234714087105,-2.48981475337774,0.00800608913098674,0.416167334657996,-1,0,0.0938923354682762,0,-0.100607997061303,-0.45431209163102,0.253096097508414,17.8668997908277,-0.572536561724817,-5.80878318825932,0.569743994852636,0.862573310642818,0,0,0.94497306468768,0
"Q9Y241","HIG1A_HUMAN","HIGD1A","HIG1 domain family member 1A, mitochondrial","=""HIGD1A""",21.1794912924282,20.1478181869175,NA,20.8238368335166,NA,19.605019554546,19.1218676898826,18.895819683639,NA,19.6640594866933,20.1307952394353,18.416677860528,NA,19.2562537659275,20.0985387965154,20.2931702705552,NA,19.9328313447084,19.5401898392035,21.7136788468789,NA,18.3389622654655,NA,NA,19.3796734009178,20.1539781769547,18.7976793419078,NA,18.053593655096,19.6844161893501,19.7310465494214,NA,19.2219971592989,NA,NA,NA,NA,20.033087612565,NA,20.0828150913264,NA,18.3863056273912,NA,19.4685431349676,20.3141913851247,-0.200123884898147,-0.852456878835966,0.452209109039671,19.6595120814701,-0.627400725291513,-5.274977186179,0.535298858403836,0.899103645978957,0,0,0.882440923838584,0,0.0897997946520803,-0.639422281453612,0.819021870757773,19.6595120814701,0.251843630940482,-5.6675206623577,0.802935685655579,0.946067699185487,0,0,0.980483640565978,0
"Q9Y262","EIF3L_HUMAN","EIF3L","Eukaryotic translation initiation factor 3 subunit L","=""EIF3L""",19.1869391144572,18.9139986729034,19.4603900927179,18.7826859422949,18.9059309328888,18.7221534923937,19.632320354676,19.5665072846279,19.9921713424538,19.4131034279689,19.6178480297089,NA,19.4769092022434,19.1055589012479,18.6463679376105,19.2386712090654,NA,19.6377522883375,19.5738143207538,NA,19.4215721522311,19.467010378226,19.2431775661679,19.1511858218775,18.4831335170218,19.0838168669959,18.0011927807385,18.3566117713382,19.6321351633447,19.3223144047578,19.5744662801953,19.4744118220413,19.6923410825887,19.2718087095304,18.6564732768671,18.8576681441123,18.9236714285197,19.0238051673654,19.6394040392307,19.253234275447,19.5478279352162,20.0390324783442,19.8622027718987,18.9453721346876,18.7567953881705,-0.124011215649418,-0.455569859911153,0.207547428612317,19.2274711405539,-0.754272475385121,-5.29855216949969,0.454792742684937,0.888955711474887,0,0,0.906911772312169,0,0.19035467571404,-0.13426071935862,0.514970070786701,19.2274711405539,1.18255700912533,-5.27711828795545,0.243476386170982,0.72771949909063,0,0,0.764203798592344,0
"Q9Y263","PLAP_HUMAN","PLAA","Phospholipase A-2-activating protein","=""PLAA""",20.4105536607831,19.3966641654212,19.1820956939871,20.197799013763,19.4106838832482,19.5030864694389,19.1893991082617,18.9791469818178,19.2196907705572,18.8095781900058,19.320202286097,19.813283098378,20.7758655567079,19.6340781854491,19.4598306443763,19.0258932447436,19.3783777125131,19.4571198479396,19.2800618485517,19.682823699855,19.4044630001715,19.418354077667,19.1106828629838,20.0692867564207,19.8679379709013,19.9885695361098,19.5537873023186,19.8701089827885,19.2211082950569,19.491903680352,19.499368419388,19.5091270496163,19.3620365056729,19.745680616494,20.1301719215586,18.8425552625364,19.0601680763638,19.7903220480916,19.5308812490204,19.4957418427725,19.2650799044214,19.1497593462619,19.3683800009479,18.9616498432064,19.6075835498218,-0.0318011264120628,-0.318550215530991,0.254947962706866,19.4986876036186,-0.223229335322839,-5.56554642623975,0.824344505678491,0.950125946970468,0,0,0.993875909017888,0,-0.100131545479915,-0.385209389524486,0.184946298564656,19.4986876036186,-0.706998127519162,-5.72734872047728,0.483130801310322,0.834663611429138,0,0,0.929747272012156,0
"Q9Y265","RUVB1_HUMAN","RUVBL1","RuvB-like 1","=""RUVBL1""",15.8383119988433,16.759172767803,NA,16.8454791339627,NA,15.6932349930371,16.3883963927845,16.2451909010044,16.3730757397351,NA,16.7224920872429,17.1519233667369,16.7557493186562,17.2907383198961,16.3904017950673,16.3692195895657,15.804792994375,16.6635360345896,16.8766537724049,16.8699361930775,16.1809352033387,16.3770354223182,16.3120923935277,16.826685347947,16.8321494358389,15.6835302634974,17.2382355622971,16.9284736827161,17.2445045379463,16.8726911424826,17.1935068952247,16.9194869745993,16.4717699742978,17.0179033028416,16.993430528203,NA,17.0077765450055,16.5041292607796,16.3383721029622,16.3365994814039,NA,16.847115332076,16.7389552793189,16.0271093471397,16.2822004567254,0.0579429726787346,-0.26065049035637,0.37653643571384,16.6053248467817,0.367285174980734,-5.48062306442656,0.715293506601617,0.947417763940137,0,0,0.980772740851249,0,0.0373086988552984,-0.272804919102475,0.347422316813072,16.6053248467817,0.242956628780516,-5.90370385995816,0.809249198787822,0.947477443017977,0,0,0.99213476854914,0
"Q9Y266","NUDC_HUMAN","NUDC","Nuclear migration protein nudC","=""NUDC""",NA,17.2821983090148,17.1489091496168,17.0195919842168,17.7937178731787,17.864087320046,16.8354148091279,17.2486564751092,17.2889577143813,NA,17.4110793348118,17.770144274662,16.120173161871,17.5977192957275,17.6271946501489,16.4502053626155,17.3144659445893,17.2839811289445,17.4497567190266,17.8577997614543,17.643320912965,17.2376681007837,17.2928360446798,17.7560475059485,17.4439870894406,17.6374379214448,17.6573056593401,NA,18.2127715947919,18.0431136574861,17.4033001826879,18.3393022676161,17.3201088285032,17.5139680254518,18.0653004419311,17.1419205325583,16.9612210495731,16.8686808302971,17.1793454364691,17.6382113276376,17.2368284449608,17.9383585039864,17.0543013566556,17.5250116339408,17.8825867300682,0.209156618721607,-0.0939362617988441,0.512249499242059,17.4370711273276,1.39162918268493,-4.7229515279012,0.171185522622429,0.726731884094588,0,0,0.691312733718041,0,-0.0305559472360031,-0.321814542932275,0.260702648460269,17.4370711273276,-0.211565403413636,-5.92791666791303,0.833444719999869,0.956145428959168,0,0,0.994448542694949,0
"Q9Y276","BCS1_HUMAN","BCS1L","Mitochondrial chaperone BCS1","=""BCS1L""",NA,17.3920362178547,15.0808227655688,18.4522946378729,16.3617981253916,16.2694686123577,NA,NA,15.5645407370604,NA,NA,NA,17.4062034831126,NA,18.1567204773853,16.9890700439835,NA,NA,16.2471243841994,18.7149388225407,16.6591331394129,15.9262462645349,NA,17.7111044370318,17.673350028536,NA,NA,18.518047686404,14.7772356482594,NA,NA,15.6105543798968,NA,17.4730871781971,18.6494981539251,16.0483225127163,NA,18.6953920706253,NA,17.7970178239281,NA,NA,15.2253436732535,NA,18.3715152217612,0.233185799352686,-0.879541417601034,1.34591301630641,17.0308346610324,0.430728688375462,-5.28145768705352,0.670209923952393,0.942492860389654,0,0,0.910908677199173,0,0.0488604846395724,-1.05697773698582,1.15469870626497,17.0308346610324,0.090814790247705,-5.70486762715712,0.92833470965971,0.98270698320557,0,0,0.996373183911446,0
"Q9Y277","VDAC3_HUMAN","VDAC3","Voltage-dependent anion-selective channel protein 3","=""VDAC3""",26.205066924628,25.8482125300022,24.9230249627586,25.37788587924,25.3124548092058,25.1307783939489,26.002671757575,26.2275275447678,26.0781375477769,26.0132511884317,26.1151226687148,25.7960608671399,26.3656352235225,25.7105842309852,25.5876850151051,26.3244656048851,26.1606868171761,25.5785691638493,25.3276771085733,25.8216981545915,25.4416006006678,26.0013850040877,25.6594920314604,26.0290514283599,25.6707493656544,26.3632016305718,25.7963997660756,26.4176799529765,26.2021512820657,25.5378687726869,26.153261992906,25.6415856426846,25.7950487477428,25.4097569695073,25.4617585834619,26.3668712111044,25.7155287221641,26.2709483277706,25.9042463491831,26.0011307628874,26.186870870679,25.735059423126,25.9042954893607,26.1001559615256,25.516299445834,0.112627256680334,-0.126928069316273,0.35218258267694,25.8486576606094,0.946342805856527,-5.19716121952973,0.348914241838435,0.831991492349562,0,0,0.888173193391141,0,-0.0113238789162899,-0.249483016838374,0.226835259005794,25.8486576606094,-0.0957059144576411,-5.96045566201884,0.924169503802133,0.979656818909501,0,0,0.999107400021574,0
"Q9Y281","COF2_HUMAN","CFL2","Cofilin-2","=""CFL2""",26.1908134178275,25.8630765364887,26.4589985882907,26.3910821632947,25.9694112032133,26.4304467013154,26.292153723544,26.1256665155794,26.4911932568871,25.7498417928727,25.73053838149,26.3697511460024,25.8241325604062,25.7477307136743,25.963091448403,25.4591697813682,25.7308209974469,25.9159551520145,25.9897669185827,25.6702073591153,26.3630862460588,26.0386382781958,26.4567851014127,26.1926577759347,25.806309661545,25.899964621868,25.6603916994322,26.1963533985168,25.8841098399111,25.7409998209426,25.5290653386424,25.6071539874148,25.8940118667161,25.9981274732746,26.1108412324079,25.9897621210675,25.8734801685473,25.7689567486003,26.0154119974684,25.6852284522184,25.796826826917,25.8556614996676,25.8823352176628,25.8404554590014,25.7129934071803,-0.171977042228544,-0.349636227429997,0.00568214297290889,25.9591879244094,-1.94846953291265,-3.98883823843101,0.0574687236011172,0.592177717107164,-1,0,0.611858091225819,0,-0.0963269903705566,-0.272950733614392,0.0802967528732793,25.9591879244094,-1.09776585095054,-5.39685993581253,0.278014844820432,0.747796548567826,0,0,0.883992829484187,0
"Q9Y285","SYFA_HUMAN","FARSA","Phenylalanine--tRNA ligase alpha subunit","=""FARSA""",21.6940097501359,19.6255241901041,19.6182264896472,21.2053049786176,18.6875508501749,18.615026658019,19.8775816653531,19.3516483749847,19.2317192113411,19.911369807915,20.3320560325243,NA,21.0693713116197,20.0769792232769,19.4175813669477,18.9621326446604,19.1397162974779,19.3593790910604,19.2960661452352,20.2737154023113,19.2093784793064,18.7071283641475,19.2797842782389,20.3393364083328,19.771967377333,20.5304678199123,19.2215494711142,20.9714423926214,18.6315612262732,18.3704153658843,19.3486551445203,20.3313470915234,19.8037796818763,21.1189439566086,21.1128910379766,19.9350994481567,19.6686225485294,20.4977797732423,19.6761305127129,19.653007722384,19.3485872452847,19.7052061245514,18.8316495738108,19.8236356732981,NA,-0.421091433321632,-0.958095710456849,0.115912843813586,19.7589145630011,-1.58030714868589,-4.51088972562487,0.121192775082337,0.685914930018244,0,0,0.411206435244197,0,0.429469014822118,-0.104399327467531,0.963337357111767,19.7589145630011,1.62121461692669,-4.73325771927695,0.112110316942533,0.586851679534715,0,0,0.390707927923308,0
"Q9Y295","DRG1_HUMAN","DRG1","Developmentally-regulated GTP-binding protein 1","=""DRG1""",19.7165164481515,NA,NA,18.8067124118857,NA,NA,17.2655750074238,16.5880854695032,17.0780644967108,17.2830405158554,18.1096199160685,NA,19.5083468326111,NA,NA,NA,16.9822182798679,16.5088695182175,NA,18.9493312022498,16.6460114137472,16.727474641915,14.6545060787075,18.3801660524375,18.487857108935,18.3551023420926,18.0828911975995,19.3584445220394,NA,NA,16.5402515462106,17.0096643632241,16.9159942166526,NA,19.5964237568985,17.2494357133709,17.068096092279,18.4691848679469,NA,18.4590562432436,NA,NA,NA,17.6232708607598,NA,-0.432428740024861,-1.40009609465501,0.535238614605289,17.7292932541645,-0.913910983517755,-5.0530393577951,0.368289380488348,0.845371265624585,0,0,0.649243694974814,0,0.179586891447251,-0.750844661323792,1.11001844421829,17.7292932541645,0.394735003647239,-5.70530204682106,0.695922691833185,0.915228679438145,0,0,0.936970718771286,0
"Q9Y2B0","CNPY2_HUMAN","CNPY2","Protein canopy homolog 2","=""CNPY2""",NA,NA,15.6329904876048,13.9360195841117,NA,15.8122210251817,15.415474922306,15.8630513278449,15.3278345679661,NA,15.0317722523298,15.9580481895778,14.9136141442479,15.5024266932523,13.9309013881043,14.847811973377,NA,15.6107922590408,15.230891004343,15.2554972931512,15.6212744151467,14.9812062006278,15.9012857943176,15.5250448498347,15.5357393880168,15.0452963308641,15.6721723871562,13.7740400465272,15.3937338506105,14.5291281988932,15.2457405913269,14.9846628323965,15.4172264399875,15.1435031921927,14.3243168764676,14.7818708287093,NA,15.771916760602,NA,15.144931672656,NA,16.0954057068315,15.0311046841696,14.2893707193542,15.3791221265444,0.0148004868138258,-0.404697597338424,0.434298570966076,15.1853362433965,0.0714209657112221,-5.50430668488191,0.943436899087275,0.983220575615884,0,0,0.999138601091002,0,-0.0742263933544933,-0.481572836345051,0.333120049636064,15.1853362433965,-0.368870674640827,-5.83359503580854,0.714269259532828,0.919870186920418,0,0,0.975332509698257,0
"Q9Y2H1","ST38L_HUMAN","STK38L","Serine/threonine-protein kinase 38-like","=""STK38L""",NA,NA,17.5876141168091,18.0748571877452,16.916798480874,17.5695310516189,16.9815691938833,16.6806171817515,17.289825222803,16.9483389959187,NA,16.4911771332329,NA,16.0171532987833,17.4455668791285,16.7445009635833,NA,16.4258480320899,17.3739735779803,16.6212906036739,16.9450303785075,17.0379651924407,16.2123756619978,16.9731036068022,16.9833037512341,17.3386237419567,15.8718249573264,16.2166226969691,16.8747720871412,17.4371465891599,17.5078514558878,NA,17.3659848517705,16.3235289625208,17.2626742604794,16.6467591093082,17.0608032037689,16.8165560264525,16.4756521027788,16.4626938701627,17.622118177721,15.6729924451923,15.1878152127876,NA,16.5455253386738,-0.315554186141259,-0.732177269589782,0.101068897307263,16.8423785684452,-1.53195339815502,-4.53101884482296,0.133597952072344,0.708378884160682,0,0,0.529837225237695,0,-0.113518673518683,-0.510121488024428,0.28308414098706,16.8423785684452,-0.57893053039792,-5.7571239722065,0.565961462786051,0.862573310642818,0,0,0.937425347225638,0
"Q9Y2J8","PADI2_HUMAN","PADI2","Protein-arginine deiminase type-2","=""PADI2""",25.0700521609916,25.2323689933465,24.9781627234037,25.7579374181654,25.34745639692,25.6795636430143,25.4152825541634,25.0807145674845,24.9714610696502,25.4989661310762,25.260057499671,25.3391446094449,25.3536520657901,25.435466064029,25.3411713379856,25.0866083243814,25.1032231682021,24.9114025953695,25.219646037248,25.1965431490427,25.5668775037606,25.0068075718238,24.3662750547198,25.2132189544739,25.6856271443573,25.2830949087383,26.4081946523533,25.575331047722,24.9902302563865,25.2705925229977,25.7783375295643,26.9652962500842,25.1693364585897,25.7190054670097,26.9750610387204,25.4959801201358,24.9904399371317,25.1253210020762,25.0497391051866,25.5717249781218,25.082161546194,26.1858847023474,25.3858218953743,24.9830012645472,25.4669828230492,-0.0480860336739397,-0.361902205571309,0.26573013822343,25.3908716498855,-0.30842846029221,-5.54562164596371,0.759147552931643,0.948679518362231,0,0,0.986836857067742,0,0.337361415103711,0.0253742419771788,0.649348588230243,25.3908716498855,2.17655417142888,-3.81711087436091,0.0346794881125377,0.37833073328471,1,0,0.321719105735961,0
"Q9Y2Q3","GSTK1_HUMAN","GSTK1","Glutathione S-transferase kappa 1","=""GSTK1""",21.1286121978321,21.4667663972499,22.4154727492117,21.2634090802114,21.7625333926325,21.2278418295208,21.7690888193715,21.0413326773325,21.7728233305909,21.9263886434341,21.8111315637773,21.6403933949056,21.6508503337698,21.1252222000018,22.2011548797066,21.8860755731231,22.0922852955459,22.2471866962839,22.0631464775837,22.0874780788599,22.1610058558711,22.0850032530279,21.6843338334815,21.7307777896145,22.1345092209317,22.1857774634891,21.9356566900476,22.339886918183,21.6171048914783,22.673700072887,21.6245497747417,21.7467276228986,22.2537442895265,21.3961217816077,20.6711000322094,21.8479398512009,22.1076352633614,21.0775175301345,22.0826709435901,21.8975108278565,22.4326419157207,22.0268594660571,22.2699061911074,21.6263106596097,22.2564694824089,0.446739664606952,0.192097208968003,0.701382120245901,21.8321034495997,3.53129915109742,-0.809515222761158,0.00095209385530008,0.300861658274825,1,0,0.0446947394962665,1,-0.240414831891801,-0.493573167908901,0.0127435041252985,21.8321034495997,-1.91152434951253,-4.28885046627947,0.0621732381154236,0.467370238367444,-1,0,0.512819327854129,0
"Q9Y2Q5","LTOR2_HUMAN","LAMTOR2","Ragulator complex protein LAMTOR2","=""LAMTOR2""",NA,17.6470175170478,NA,NA,NA,17.4136745444084,NA,17.5037944265735,NA,NA,16.2858503619011,17.327175022845,NA,NA,NA,17.006659185818,NA,17.6394910656314,17.9729956337782,NA,18.0830332355718,NA,17.7505195545481,17.850079913066,17.7635079125783,17.6364273600847,17.9518176447971,NA,17.9250286308644,17.803310783093,17.7945797992076,NA,17.4302428642256,17.8770825880573,16.7718276524188,NA,NA,17.4032712055485,16.6456033577245,NA,NA,17.499848180945,17.7212435018401,NA,17.4555067071383,0.545625581949061,0.133627024395973,0.957624139502149,17.5263835459885,2.722008262628,-2.84389655882888,0.0114182841531992,0.424491504989523,1,0,0.087131929524995,0,-0.361452103716683,-0.701952707238795,-0.0209515001945708,17.5263835459885,-2.18184191765025,-3.73753231527435,0.038336084372264,0.384780698699391,-1,0,0.307639461400349,0
"Q9Y2Q9","RT28_HUMAN","MRPS28","28S ribosomal protein S28, mitochondrial","=""MRPS28""",NA,17.6641571576167,17.7116177298326,NA,NA,16.4137062645085,NA,17.9743918419373,17.3670244427337,NA,17.478683043722,16.316791332055,NA,NA,16.7414565011709,16.7466057607523,17.4737859686671,17.7603736860828,16.8779095049876,17.9634644345176,17.5743080589635,17.3359603648412,17.7288039419305,17.158133142551,16.5520981389498,18.3236353756251,17.0668750711947,NA,16.8067097894628,18.355040434434,17.3176872033481,18.2542611963432,18.2753710800187,16.7338230547085,NA,NA,17.7201756550594,17.63067869968,17.6313070484606,17.4474375078901,NA,17.2920760861884,17.7353358211631,NA,17.0870687336212,0.262757809817689,-0.169746158445581,0.695261778080959,17.4095986082733,1.23458848370556,-4.80795768432328,0.225438401114949,0.753445779529677,0,0,0.676087687404303,0,0.154499333954622,-0.2366676839491,0.545666351858344,17.4095986082733,0.802640495201012,-5.57251837830979,0.427751070676263,0.818304171032817,0,0,0.877039738090394,0
"Q9Y2R0","COA3_HUMAN","COA3","Cytochrome c oxidase assembly factor 3 homolog, mitochondrial","=""COA3""",NA,19.6196419363998,20.1360379530811,17.0579993724473,19.3172393554578,18.6213738440201,19.4723961485894,19.5042974796359,19.4738808411573,20.585148519664,19.4164100811862,20.0417049432818,18.0489604931348,19.2726861905901,19.2607528519338,19.9067404787439,20.3341101669807,19.2823578897567,18.8687934096922,19.3404243160125,19.5368289534531,19.8019466898238,19.2812711368272,19.1054142875005,19.4342554545824,19.8370975023531,19.0909349687788,17.5759169970998,19.1488724269484,19.6637776748706,19.3460402252227,19.4624854296209,19.9361074114173,NA,18.202307279912,19.3633535844331,19.9494307832411,19.5650122234645,20.2902801888271,19.606600653109,20.0379126434062,19.5170817995731,19.6741988745283,19.4210707657119,19.2902775635195,0.0617629507016062,-0.386386444232036,0.509912345635248,19.388358878837,0.277746161046342,-5.539333355118,0.782506946883795,0.948679518362231,0,0,0.984966629801938,0,0.169536558978965,-0.275995785470293,0.615068903428223,19.388358878837,0.76687921891611,-5.67058729946676,0.447244940272516,0.826545291371117,0,0,0.872478383523629,0
"Q9Y2R5","RT17_HUMAN","MRPS17","28S ribosomal protein S17, mitochondrial","=""MRPS17""",NA,18.5012218917591,19.3789063770624,18.401685711605,18.8038467314997,17.3937531940027,17.8207409977591,18.278768299748,17.8797818365772,18.6942089593575,18.2654155519019,17.7870259322154,NA,18.1159967825875,17.2179822480144,18.6705162178619,18.9732883994336,17.8929717591836,18.6393746865002,18.6859215075495,17.3265361931237,18.4100686618653,17.8255742238686,17.2050965467742,17.5699034719696,18.544520734417,18.3494809807493,NA,18.6934653629524,18.6826078493195,17.8368775605691,NA,19.0292685628013,18.0688391325402,16.7190596420521,17.9463670947571,19.0818324215701,18.0528621520443,18.5871542053896,17.6897108874114,19.0851655273457,19.0519159854262,18.1976065110859,18.8131919402799,18.7360567247988,0.0376806541413011,-0.401559884287733,0.476921192570335,18.2659651087251,0.173117993818271,-5.53054366698681,0.863389502453448,0.95848719206779,0,0,0.994480402308663,0,0.115701506826312,-0.313050525813508,0.544453539466132,18.2659651087251,0.544576649073756,-5.79322356036751,0.588921867206782,0.870161621650437,0,0,0.940579106053831,0
"Q9Y2S7","PDIP2_HUMAN","POLDIP2","Polymerase delta-interacting protein 2","=""POLDIP2""",NA,NA,15.1871657721961,NA,16.9079829489958,15.4564765286003,15.8360452222869,16.2353763848234,15.3989395484845,NA,16.7588216607517,14.7146828034563,NA,15.6305820615002,14.3469399820214,16.3694066686558,14.4823606401081,NA,15.6259552936789,15.3991759933625,15.5712967607274,16.4870835383787,16.8669489301204,15.6729635404334,15.9405957502845,16.3680813766087,NA,NA,16.9675853214536,16.6269282714979,NA,NA,NA,16.5367064598508,13.3993514175254,15.5123904421704,NA,16.6888054496178,15.7237983906997,15.4170841309934,16.9486305078213,16.4573657874074,16.5992069632252,NA,16.2135679403725,0.393932161366806,-0.266506803779228,1.05437112651284,15.8858844527535,1.21347052055608,-4.84992356697972,0.233553604161977,0.764797294457873,0,0,0.563880606000013,0,-0.0870428490540043,-0.743474281001074,0.569388582893065,15.8858844527535,-0.269764134492199,-5.78798726517222,0.789019433901776,0.942584418301806,0,0,0.979585211799982,0
"Q9Y2Z0","SGT1_HUMAN","SUGT1","Protein SGT1 homolog","=""SUGT1""",18.2564179485851,NA,NA,NA,NA,NA,NA,17.8206949370106,18.774457293692,NA,16.760606263791,17.4804288300594,17.4915193339823,NA,NA,NA,18.7742012628816,NA,16.6228687590731,NA,17.5691454464062,NA,NA,15.6319699128604,18.3284847214205,17.628267153665,17.4366418501095,18.3524630390637,19.1194923003587,17.1503513321546,18.3382806157779,17.725663216564,NA,NA,18.1354245551738,18.1722685571583,NA,NA,NA,NA,NA,NA,18.0064881439987,NA,16.7277961158281,-0.112944267649013,-0.908643835627851,0.682755300329826,17.7410877995279,-0.29360328493913,-5.27384894821931,0.771689450702492,0.948679518362231,0,0,0.971152165143905,0,0.128153154190457,-0.662791207905277,0.919097516286192,17.7410877995279,0.335142267699563,-5.60135397545502,0.740549914978628,0.93045109399261,0,0,0.962239048030216,0
"Q9Y2Z9","COQ6_HUMAN","COQ6","Ubiquinone biosynthesis monooxygenase COQ6, mitochondrial","=""COQ6""",23.2323718276327,22.9063555329221,23.2535181948711,23.461399636716,23.2606608076819,23.3514551063287,22.5950660126561,22.8276693571157,22.6324599190888,23.0756676831505,23.2502141071624,22.3142265279241,23.5371397803869,23.7333059257821,24.072025383803,23.2449264140391,22.23561202976,22.7302819762842,23.221498426613,23.2872311622148,23.3730761635902,23.2077134819821,23.4496770243442,23.0914576973571,23.5478564274755,23.215460174054,22.5402810085746,22.8710199567444,22.7700926169162,23.6147327581493,22.8056791011492,22.5799016948445,22.8608029366213,23.1683346465266,23.5406437006283,22.964988848784,23.4073775537793,23.3163912901193,22.8057663711258,23.600135883167,22.675234340537,22.0501922233532,23.1217249385384,23.1790904488994,23.4551234145461,-0.0860411717950953,-0.354636062911784,0.182553719321593,23.0985742336431,-0.644791611111881,-5.40521973615352,0.522262251301408,0.896077533266722,0,0,0.945642119476262,0,-0.0579686616986095,-0.324998114926182,0.209060791528963,23.0985742336431,-0.43696325460792,-5.87379297236668,0.664180654146238,0.908399928561942,0,0,0.976558287760936,0
"Q9Y305","ACOT9_HUMAN","ACOT9","Acyl-coenzyme A thioesterase 9, mitochondrial","=""ACOT9""",23.2726316765282,21.4653683004537,21.792680857075,22.4249048917024,22.6650691974954,21.8537129275344,22.0004875795468,22.01514329298,21.4898509565154,21.4380031044508,23.2617462952539,22.1868657431104,23.023582374487,22.3707643862409,22.9358237402977,22.4063234512208,22.8317673623699,21.7245447435156,21.8594697633283,22.7601062719587,21.740596246658,22.5006733008573,21.8371390503748,22.1787096987615,22.2708013501666,23.238100213993,22.5289234356006,21.686565228387,21.9387160889768,22.6198590080399,22.3080279594598,22.7090574795052,21.8648127575348,22.4334758294582,23.8646597706801,21.670813986529,22.3370725668434,22.6977006915757,21.8470037963531,22.3141914392183,22.6865254108047,22.0962919166908,22.0813021349166,22.3507255514829,22.6899779876921,-0.0103140370965811,-0.360237423853742,0.33960934966058,22.3171237737028,-0.0593289319255993,-5.58594055802007,0.952946889582542,0.983781746134092,0,0,0.99950302710063,0,0.121956270969086,-0.225927675180549,0.469840217118721,22.3171237737028,0.705635722660324,-5.72825789445163,0.483969873767404,0.834663611429138,0,0,0.915296114303779,0
"Q9Y316","MEMO1_HUMAN","MEMO1","Protein MEMO1","=""MEMO1""",15.255947780132,NA,NA,16.7441634591935,NA,NA,16.039243140707,NA,NA,NA,NA,16.4047339927366,NA,NA,14.7608463884848,16.0318747122926,15.5793592920242,15.1919643635444,16.5700400260731,NA,NA,NA,15.5853312525043,14.6559231389858,14.8951035015761,NA,NA,16.6022790641973,15.0158527159643,15.9807501045989,15.5024990238275,16.0625246985635,15.0598552273744,16.6448750987725,16.5891753528568,15.515208399018,NA,15.3558370833341,NA,NA,15.6639906755342,15.8792294048633,NA,NA,16.0906105793982,-0.120094560054682,-0.739149938791991,0.498960818682628,15.7470887390623,-0.398734895278029,-5.20380438024893,0.693339379679411,0.945624054281237,0,0,0.956970309868238,0,0.182485793155767,-0.319845398993469,0.684816985305002,15.7470887390623,0.746671067842613,-5.5227548661736,0.461950664873406,0.831474716578483,0,0,0.868547273681963,0
"Q9Y333","LSM2_HUMAN","LSM2","U6 snRNA-associated Sm-like protein LSm2","=""LSM2""",16.8607568374491,NA,16.5420559204497,16.25831385791,16.6014532535049,16.3025814254435,15.4883862517623,16.5857032711518,NA,16.6739796376946,15.6155787045733,15.6536402452094,NA,16.1423285172555,19.5149167894822,15.1760589489824,NA,15.3994186272468,15.7666685541674,15.6299707643554,17.101758143506,16.6876850973066,15.1063762809824,15.1270346196665,15.7291252938736,15.9198847059756,16.1340129853345,NA,16.5612548052175,15.879162377698,NA,16.770579884586,15.8140778136583,16.3219569107841,16.6178892142917,16.6677762970289,16.1028692738755,16.0204789342261,19.4860752101753,15.6255480079625,18.3636845221535,16.2426992364536,16.2025125566755,16.3661284130763,16.260401317035,-0.704896646763814,-1.38889096989211,-0.020902323635518,16.3415585514918,-2.08277139172366,-3.75346773667792,0.0437031532892987,0.541576330957584,-1,0,0.110078375744046,0,0.770877133689464,0.115834813166202,1.42591945421272,16.3415585514918,2.37839761330811,-3.41038476950291,0.022247587410938,0.344080314270748,1,0,0.0532057042385531,0
"Q9Y371","SHLB1_HUMAN","SH3GLB1","Endophilin-B1","=""SH3GLB1""",18.845138187619,17.8376597986874,17.7291171191613,18.6174256526864,18.699960415518,19.3865018818175,18.1924886824528,18.7807141516908,18.088170712933,NA,17.4422160390886,18.421286626207,19.1282599017809,18.6118511200432,18.3505419124779,18.0048116419961,18.1763559619338,18.2022937348482,18.3488289206489,18.6066710505285,18.4880406208244,18.2903783343138,18.670613137115,18.6199923098364,18.3853752145339,18.2950241098631,18.0536449817562,17.9401615029025,18.8621470294516,17.9273679920928,18.0034896150246,19.2925246452446,18.0275506893928,18.5501353879448,19.2291898208526,18.83361192334,18.1381536246956,18.6666611546947,17.5962364762013,17.8567669852902,17.8940866266418,18.5391248262595,18.6271027195123,19.0254378257294,18.2260388808329,-0.106689734873388,-0.416593713239973,0.203214243493197,18.397935226056,-0.693372046873257,-5.36347888173425,0.491636411224062,0.896077533266722,0,0,0.927046640381297,0,0.108960310600782,-0.19405636138929,0.411976982590854,18.397935226056,0.724223567307808,-5.71561682264096,0.472673727338074,0.834663611429138,0,0,0.921595012970824,0
"Q9Y376","CAB39_HUMAN","CAB39","Calcium-binding protein 39","=""CAB39""",23.1877769357032,21.8979936067485,22.2148276723024,23.4744305267767,22.4838390006671,22.4424785139866,22.2182940040608,22.1311113343089,22.1888348724814,22.4733122966193,22.3315370400007,22.1692585130088,22.7712902487609,22.4506710837763,22.8938626883022,22.3267924661192,21.9314257881293,22.1599382422807,22.467682874082,22.4652708721187,22.2974953189924,22.5258026258326,21.952455431273,22.5083660712537,22.4826320816771,22.2238574421907,22.275900945692,21.4770241770293,21.9866577794729,22.1919044218,22.2556435623041,21.2968747700223,22.2456582353154,22.9098814268583,22.4657470663328,22.3149525507869,22.1730912223852,22.5757118364831,22.2337374766105,22.0734008772181,22.1361762479448,21.7336225739759,21.9780780883129,21.949578425759,22.2336304561875,-0.277191937644307,-0.518358371109523,-0.0360255041790918,22.2928557709321,-2.31352684642716,-3.37353448129881,0.0252115772664661,0.488872265797768,-1,0,0.36052585166205,0,-0.0464947814297751,-0.286255636885074,0.193266074025524,22.2928557709321,-0.390334322487947,-5.89215379846459,0.698089504445378,0.915820048362989,0,0,0.98342825320479,0
"Q9Y394","DHRS7_HUMAN","DHRS7","Dehydrogenase/reductase SDR family member 7","=""DHRS7""",22.227677029403,22.7802190371564,22.8062758892143,22.6777370140971,22.3391084405818,22.9567823153235,22.0976224016591,22.7628685913849,22.3986326896625,22.7801551274097,22.4285328291527,22.5404925520604,22.4693376102544,22.8345497595241,22.5723489651097,22.65984706359,22.3401464635508,23.0409454566281,22.5904091768788,22.2810651795922,22.5438860823142,22.1129498558915,22.4108613471481,22.4193161871921,22.6202890146636,22.4547664324862,22.9164825718559,23.2822581083823,22.7692731798505,22.688342827614,23.0809956298809,24.0476680266726,22.9572770707445,22.6403607909206,24.0924257534347,22.567193874512,22.0724132774138,22.6581747209229,22.509804810906,22.4717526357384,22.7053228260345,23.2808740947318,22.4464356581692,22.3741557449747,22.5481301260528,0.0378169932836094,-0.245312972331026,0.320946958898245,22.6723592053498,0.268851194363669,-5.55566868252375,0.789245306817953,0.948679518362231,0,0,0.991089482035958,0,0.221476406231414,-0.0600034074615874,0.502956219924415,22.6723592053498,1.58376602741256,-4.79976443590322,0.120092689806368,0.593891809164898,0,0,0.625366536599461,0
"Q9Y3A3","PHOCN_HUMAN","MOB4","MOB-like protein phocein","=""MOB4""",NA,NA,NA,NA,16.0513609451257,16.5871807883326,16.9746329392433,16.400367080508,16.4460006687004,17.2465435559996,NA,16.8933581159827,15.5303333983122,16.4400827434883,15.9028100063135,16.6284560687518,NA,16.3287871203059,16.8737709637885,NA,16.7922600233041,16.1205447394254,16.3874261617234,16.3469789471156,16.5880920072066,16.4592488553395,15.9209769215017,14.7665321756691,16.6846427530854,16.3484101075744,17.0252664801026,17.010773755573,16.8369911881146,16.8555064590665,17.0771536160583,16.2394887788512,16.4285967986361,16.5154752511868,NA,17.035916623052,16.8935952094295,17.2027497436869,17.1728449217193,NA,16.0876085034019,-0.127339839254088,-0.492813920822559,0.238134242314384,16.5305767893243,-0.705947130364561,-5.26219847348372,0.484637692724178,0.896077533266722,0,0,0.911887106987053,0,0.474761657110573,0.135348746455366,0.81417456776578,16.5305767893243,2.83407763087142,-2.46854244247322,0.00739786038964611,0.255158930166521,1,0,0.0973494037120954,0
"Q9Y3A5","SBDS_HUMAN","SBDS","Ribosome maturation protein SBDS","=""SBDS""",22.083881938622,21.7637382277033,22.239961972888,23.4600433740942,22.1405358067004,22.27142843005,21.7667899102894,21.9685152218882,22.3209409114034,22.4476651420216,22.0374625352883,22.6172887479945,21.9251567360722,22.2238395123415,22.2134989743876,21.7224297403743,22.5990755096566,22.2510453175997,22.2247632220081,21.8676073111396,21.9222369005996,21.695175447495,21.4610076802793,22.2409783791364,22.0227047529874,22.1244725199047,22.3204036229348,23.0141099313297,22.0287123281295,22.1956648480389,22.3108785723406,22.6063497641568,21.9263954960184,21.8188674985413,22.2234332197707,22.0675759233904,22.3454486503617,21.9813469198307,22.3786930202509,22.1387907796021,21.8020429869282,21.8417717277757,22.0149856564422,22.3037963852479,21.7071250806838,-0.123504362399434,-0.37745364732282,0.130444922523953,22.1475252585489,-0.97891754778668,-5.17014544853667,0.332736699016684,0.826372714395847,0,0,0.872925845299217,0,-0.0148590553514865,-0.267328260624511,0.237610149921538,22.1475252585489,-0.118465965276151,-5.95812695469293,0.906213820333246,0.977865538778253,0,0,0.99853775041865,0
"Q9Y3A6","TMED5_HUMAN","TMED5","Transmembrane emp24 domain-containing protein 5","=""TMED5""",NA,NA,NA,NA,NA,16.9934849896775,NA,18.5635152629157,NA,19.0501327330701,18.8316301047979,NA,NA,18.5555966871071,16.9600765277696,NA,NA,18.0979683771074,18.4496871012939,NA,18.7520486426,18.385812927262,18.4427473184775,17.8268175629663,18.4858814161302,NA,18.3423455140156,NA,18.8027249430559,17.9415267358277,19.0665028467453,NA,18.6190736646258,18.1268413726432,NA,18.6760770052105,NA,19.0184458705031,18.25167919779,18.1568955354195,NA,NA,NA,NA,17.9614775729664,0.235060685665172,-0.282343847986753,0.752465219317096,18.3482912462491,0.935585811157767,-4.96974372655068,0.358422078039549,0.838764416179628,0,0,0.785698140315493,0,0.140866073030164,-0.331810330540371,0.613542476600699,18.3482912462491,0.613728573487124,-5.55397023726691,0.544930157271334,0.852211466070668,0,0,0.91803527690199,0
"Q9Y3C4","TPRKB_HUMAN","TPRKB","EKC/KEOPS complex subunit TPRKB","=""TPRKB""",NA,NA,NA,NA,NA,NA,13.780736849057,NA,15.027872467053,NA,13.7684001058032,NA,NA,13.7674336651295,NA,NA,NA,15.0395452110845,NA,NA,14.7729520798271,NA,13.5128244301443,13.7317063275408,12.9824703274734,13.6505639607929,NA,NA,NA,13.9786640949366,14.1355663063293,NA,12.6774259646775,NA,NA,NA,NA,13.7768456674875,NA,12.9346748148648,NA,13.4648674366761,NA,NA,14.1457774655621,-0.167549659962848,-0.931060955011701,0.595961635086005,13.8322545396729,-0.460964259191948,-5.09047191714935,0.650332789369843,0.937693137615552,0,0,0.930445504559746,0,-0.42073057589535,-1.09227529202453,0.250814140233831,13.8322545396729,-1.3160376306013,-4.84008295261757,0.204639081507483,0.696948541507531,0,0,0.512993458951948,0
"Q9Y3C6","PPIL1_HUMAN","PPIL1","Peptidyl-prolyl cis-trans isomerase-like 1","=""PPIL1""",16.7131938014847,16.7364851769956,18.0626806230141,17.1611177825146,17.2309229842291,18.2326009548371,17.4997772227955,17.9288788785856,17.5988077006006,17.2171309374608,17.591966684424,18.6821559139335,17.2023545702246,17.6268666936836,17.8817786101731,17.32595373039,17.2946841357891,17.4472123077114,17.7901268152405,17.1692391024661,17.8802657699638,17.4905960140207,18.1132010251075,17.6567531249749,17.4514501927949,17.8125483785039,17.3890658121107,15.5558275227399,17.1992566656708,17.4976629642508,17.8411638044748,17.9967714123514,17.64231051983,17.5625560866414,17.3609446130832,17.5366423359494,16.686346814413,17.7602709816385,17.2648676446513,17.4267663061555,18.1004177418718,17.8493035223776,17.3254155425252,17.2862317001921,17.9048673690377,-0.14506859313596,-0.475898678962363,0.185761492690443,17.5107875220419,-0.882631070872663,-5.24746717230639,0.3820209257664,0.8581891886885,0,0,0.86970901378748,0,0.164735522230533,-0.164166403499231,0.493637447960297,17.5107875220419,1.00816508005649,-5.48476679700682,0.318644476614335,0.766782772877355,0,0,0.828279513162168,0
"Q9Y3D2","MSRB2_HUMAN","MSRB2","Methionine-R-sulfoxide reductase B2, mitochondrial","=""MSRB2""",NA,NA,16.9387677951756,NA,16.9482267446501,16.697707827117,NA,16.8614242394585,16.127575202304,16.9963608249595,16.8191803193294,NA,17.5368761059313,16.4852268916039,17.5930741937559,16.9723188348638,NA,16.602239680916,16.7366706627417,16.5309618168548,16.7233029679411,16.6376569842608,17.5340278756897,15.7351320515109,17.5527832045082,16.8057695787548,15.7820360352785,NA,16.9771364257335,17.6023556265482,16.9471200997922,17.5110520405629,16.9334685997736,17.5250023937961,15.8373991779207,16.6287274547418,16.5997396555172,17.0308062458679,16.5487155146916,16.2405844705331,16.9133563732919,NA,17.3701309298449,16.6444208903345,17.6055582091947,-0.0922641067164527,-0.474298884589855,0.28977067115695,16.8522403769122,-0.488888229131997,-5.37033544906175,0.627727698325064,0.934833173270874,0,0,0.957947148313567,0,0.0601132804830833,-0.288713994185577,0.408940555151743,16.8522403769122,0.348850776072182,-5.85815685410345,0.729124875532992,0.926345276578894,0,0,0.981188779309667,0
"Q9Y3D3","RT16_HUMAN","MRPS16","28S ribosomal protein S16, mitochondrial","=""MRPS16""",20.3137971196064,19.1352682333125,NA,NA,NA,NA,NA,NA,18.5131575724218,NA,20.0590852056733,NA,NA,NA,19.794750493957,NA,NA,20.3376282520497,18.4208267293393,NA,18.7030131650018,NA,20.2592394248343,19.6415889876075,19.6371535713355,19.8786145321861,19.2295287699453,20.1995098525957,NA,20.1256369780967,NA,NA,19.9912685690771,19.7968379144849,18.9584709183435,NA,NA,19.8254995420694,NA,20.1650400583487,18.6561347544158,18.1596712013296,NA,NA,NA,0.081671157216995,-0.615502027322718,0.778844341756708,19.5364419020924,0.24231141497702,-5.23905794725642,0.810682712412832,0.948679518362231,0,0,0.983005048989349,0,-0.286155049858785,-0.907987144200898,0.335677044483329,19.5364419020924,-0.951862286208726,-5.28254924134825,0.351046093934676,0.786466622673627,0,0,0.74114580410637,0
"Q9Y3D6","FIS1_HUMAN","FIS1","Mitochondrial fission 1 protein","=""FIS1""",24.2960878704882,22.655534477489,23.1719665993486,24.817608187052,22.9700403812718,22.9440099318103,23.0639128508709,23.071671883781,23.1492680564654,23.0898761595063,23.8263574521991,22.4376743217841,24.4255683978799,24.2579883050595,23.5248924661983,22.9508106711462,22.6115056207996,22.9105474458095,23.0340102267532,23.351806647552,23.2382124098157,23.0460962409377,21.9684530761188,24.2501976232872,23.3466538069065,24.0598631072214,23.5149639839269,25.2421058009442,23.228865562556,22.8560830038339,23.0641313456761,23.3444607667268,22.9792941740841,23.7202838992719,23.8755766090666,23.1525644440609,23.1279972519531,23.636773661356,22.9011269064228,23.6864508725246,22.8996289114407,22.8577806400677,22.8215938519857,23.5849247272199,22.3301531993269,-0.140841618865661,-0.574779843237647,0.293096605506325,23.3176749739999,-0.653301884096699,-5.40040190870564,0.516811113631574,0.896077533266722,0,0,0.911224090456154,0,-0.108495597761674,-0.539904722137962,0.322913526614614,23.3176749739999,-0.506213357334016,-5.84274244749642,0.615122370394413,0.882668030739941,0,0,0.948643977925018,0
"Q9Y3D9","RT23_HUMAN","MRPS23","28S ribosomal protein S23, mitochondrial","=""MRPS23""",NA,17.972822148638,17.1249829076545,NA,17.9301454868879,17.6552958105641,17.7379374774749,18.2226483933216,17.137567332196,17.6250005412099,18.5731663520006,16.5860010105445,16.4672989253402,17.5599796216836,18.5500465053298,18.7359847556791,NA,18.3095952178455,18.5700903542236,18.8399310230016,16.98833599548,18.2742013376597,18.0590456484896,17.2019197981924,17.756335157708,18.49917856848,18.2234900860156,17.1193675345199,17.8435023946812,18.6479925075735,18.269602529607,18.4181959211724,18.0663091194426,17.9178826792216,NA,18.1093221552226,18.4583510656524,17.583205336413,17.7483832946396,17.8658719777048,18.4798148410511,17.6279486760038,18.113943233283,17.3970214696233,17.6438733875418,0.435327234128849,0.0578361555433791,0.812818312714318,17.9002826482677,2.32720873096732,-3.34786596822826,0.0248433335917609,0.488872265797768,1,0,0.200166387719653,0,-0.0945836923118506,-0.46317253984941,0.274005155225709,17.9002826482677,-0.517845570177073,-5.80696383537922,0.607280543225923,0.880375407265006,0,0,0.953920466039178,0
"Q9Y3F4","STRAP_HUMAN","STRAP","Serine-threonine kinase receptor-associated protein","=""STRAP""",19.6608052088393,20.1345121977659,20.8693702488064,20.168613014562,20.1677604701909,20.7503225488796,20.6937983937785,20.5279136324594,21.0455284262309,20.4621905790937,20.3906263355907,21.389933326845,20.172668802117,20.2883127493126,20.518936839286,20.0554014760728,20.2290808640032,20.7909263719944,20.632193584084,20.4707526058678,20.382621661746,20.4153049786711,21.0849422477068,20.8585983511534,20.3405368763481,20.6735482577842,20.5742619483597,20.4608175452612,20.3288752257134,20.6288842190224,20.5708846935322,21.0789486371049,20.4801351118857,20.7623497014599,20.3138013787936,20.1875830527558,20.332425925706,20.568095102423,20.9477940224537,20.6478579083683,20.5470419135097,21.142049352971,21.1335191137395,19.8580036536012,20.5747210153874,0.0525791286586426,-0.188008739895264,0.29316699721255,20.5402944349164,0.439896462996076,-5.5024232611346,0.662070244163526,0.942492860389654,0,0,0.978550610063514,0,0.0812309579935828,-0.157954704570738,0.320416620557904,20.5402944349164,0.683592425220923,-5.74272971451741,0.497658648018145,0.834663611429138,0,0,0.944890450664299,0
"Q9Y3I0","RTCB_HUMAN","RTCB","RNA-splicing ligase RtcB homolog","=""RTCB""",20.8414677573339,20.3900923292288,19.6888402367809,20.5627942583684,19.8057644942498,19.9991283552988,20.2725996954534,20.2419304264677,20.0567010420563,19.9723367464976,20.1295317227155,20.0715758414227,20.0690786696991,19.9584307052143,20.0539351685253,19.7908043316381,20.3468646676798,20.1257588092612,20.0039310426977,20.1402566723805,19.7376558539311,20.0015681616578,20.1685145757611,20.2850655093249,19.8884416599976,20.2642626974139,19.6609388539771,20.5893213415541,19.9533086970801,20.0442069123735,20.0144744812449,20.4986509723768,20.0151551815944,20.1554659243865,21.3238515258979,20.1592660479543,19.8885255420236,20.1420973824123,20.1923936783934,19.9041209193967,19.9538225285718,20.2144580176921,19.6416860429863,19.7343201517808,20.0231232512954,-0.0693154476358515,-0.296439725633772,0.157808830362069,20.1105893085344,-0.614295427168101,-5.42197557624723,0.542043961019105,0.899122088181203,0,0,0.958439012511097,0,0.0573674574186036,-0.168433083747101,0.283167998584308,20.1105893085344,0.51138906047261,-5.84024066092707,0.611522588690333,0.880375407265006,0,0,0.972180774583931,0
"Q9Y3I1","FBX7_HUMAN","FBXO7","F-box only protein 7","=""FBXO7""",NA,NA,19.3443281329507,NA,17.774379432794,NA,NA,17.6469004959572,NA,NA,NA,17.9206163812973,NA,19.9498067502276,NA,NA,NA,NA,NA,NA,17.5406950026135,17.6057086198644,NA,NA,NA,NA,NA,NA,NA,NA,NA,17.8273082010307,17.955683414815,20.0589116595774,NA,NA,NA,18.8009920006594,NA,NA,18.3918472610136,19.4029521416234,18.2078219584361,18.3893705472779,21.2009180233822,-0.998994579957714,-2.5637567744843,0.565767614568874,18.62614000147,-1.3467272926648,-4.50216682016167,0.195707237047468,0.735164347255353,0,0,0.196028455591171,0,1.32519790329732,-0.152763931986055,2.80315973858069,18.62614000147,1.8913956891591,-4.03067566042146,0.0756942546429673,0.506860570999739,1,0,0.0326991548327855,1
"Q9Y3U8","RL36_HUMAN","RPL36","60S ribosomal protein L36","=""RPL36""",NA,17.2511725959733,NA,16.3654646254326,16.0886227303396,NA,NA,17.072541292104,NA,NA,NA,NA,16.8272970930425,NA,16.3214039162375,NA,NA,16.9192317751841,NA,NA,16.4954095003114,17.3534109640237,17.8444707676291,NA,NA,NA,NA,16.5617721979556,17.40696885727,15.8115853940336,16.5228301824689,18.2368684735043,16.7805515827589,17.5404631331435,17.3947835490973,NA,NA,NA,16.671208127883,NA,NA,17.0721437612061,16.8675860884774,NA,NA,0.293326006475127,-0.277391493327338,0.864043506277592,16.9240850765751,1.0657729587905,-4.83373372962282,0.298062418521374,0.80159765321493,0,0,0.701133368296714,0,0.229966634039766,-0.298953871848997,0.758887139928528,16.9240850765751,0.901591359275122,-5.28611005553163,0.377020984330298,0.795820049946075,0,0,0.79905781844445,0
"Q9Y450","HBS1L_HUMAN","HBS1L","HBS1-like protein","=""HBS1L""",16.7424408534645,17.1956084705526,17.249384495518,16.8334831366259,17.4707536933888,16.5202174976908,17.2018498021822,17.446728742094,17.4811576806412,17.5633444039789,17.2566249765083,17.8675633727591,17.3119620630964,17.1283547507529,17.4739043889895,17.3603959534295,17.2959483758417,17.9188138645285,17.9926466708586,17.3802185170462,17.5609138533975,17.605790976351,17.5542205439209,17.7956760218994,18.0683627877765,17.148540083881,17.1655082973784,16.7877139681018,17.7722229171108,17.7757385203205,17.4189903746677,17.2895750232559,16.908946200814,17.2845638514003,16.8622007172492,17.2344823503803,17.6866169591136,17.4253177181359,18.25360923016,17.6071925662965,17.0353954608931,16.9339322393609,17.7351048221036,NA,16.8437943945081,0.290819038627479,0.0328647867704974,0.54877329048446,17.3737684451915,2.27065413906072,-3.45183667035906,0.0279990754730163,0.488872265797768,1,0,0.35350846778282,0,-0.221572868629099,-0.482320801112085,0.0391750638538866,17.3737684451915,-1.71145920535305,-4.59846404756403,0.0938754925744359,0.537339073041768,-1,0,0.592032366026093,0
"Q9Y490","TLN1_HUMAN","TLN1","Talin-1","=""TLN1""",20.388347640093,20.7585810385694,21.5069340150481,21.2231048234127,20.8549153442558,21.0063698107983,21.0514675265848,21.263008877016,20.5015262524518,20.5637901420207,20.7339458558424,20.4587468128601,21.0178251900251,21.1748573095349,21.0337335023597,20.4901977294846,20.4501844656541,20.5860383659847,20.9349519648332,20.9683645426574,21.3813212576729,21.6360763694584,20.3640147562295,20.6791373626777,21.0885646857162,20.8899904437368,22.4827148340476,20.8269050702241,20.8960570127404,20.7513436628813,21.3526335150908,21.2427217000842,20.7730200749089,21.6830827527499,21.6667284950328,20.7143196903115,20.7192778561035,20.8245098463036,21.0894347996305,21.0317970501333,21.3950941520182,21.8449044896642,21.3784941684398,21.2056297245924,22.196384435078,0.0598831972464318,-0.248711900411134,0.368478294903998,21.0462455425559,0.390595078823415,-5.52038896489147,0.697898058187981,0.947110987403691,0,0,0.978691383862833,0,0.312811348409515,0.00601481980238827,0.619607877016641,21.0462455425559,2.05230956397239,-4.04451649983611,0.0458498639342128,0.407484700279197,1,0,0.381286431523185,0
"Q9Y4E8","UBP15_HUMAN","USP15","Ubiquitin carboxyl-terminal hydrolase 15","=""USP15""",16.337541184135,17.2616398568688,18.1079364700349,17.1753080984861,17.3804533686475,15.712751956878,17.6225875201497,17.559066213151,17.6865479160236,NA,17.778418099584,17.788485014407,NA,17.8750690106069,16.9215674729652,17.9662175817596,NA,18.1051084650646,17.592209584254,17.6869196856787,17.178061845674,17.3680034088321,17.5052489720599,17.821545654366,17.6589484405008,17.3511208054824,17.5445126609237,17.3342704602461,18.0621817593638,17.6410302356043,17.1651188777435,16.8189793181942,17.5273381753985,17.8536665223475,16.4317436275825,17.2789557010994,17.7741494305381,18.0448906613983,16.9492784746542,17.9416276617668,18.1136001024172,17.9880165751141,17.5028409850542,17.9578845280365,18.1435313787965,0.300886640499254,-0.0573111013237144,0.659084382322222,17.5122469943307,1.69397779003992,-4.34181052841815,0.0974953001936699,0.661354198276587,1,0,0.49636219479009,0,-0.0546306166262838,-0.398842500078604,0.289581266826036,17.5122469943307,-0.320064784542981,-5.90042283205519,0.750467837907573,0.932548715587236,0,0,0.984440143201995,0
"Q9Y4G6","TLN2_HUMAN","TLN2","Talin-2","=""TLN2""",NA,15.9354860197207,16.3110148758106,NA,16.6777238587508,16.9924261358975,16.2681170228374,16.6020176804257,17.095231173534,NA,16.4677559165446,NA,NA,16.2585322917455,15.8708472250493,16.032366543734,NA,16.4649613315902,16.2423922453718,16.1964834047349,17.2400274490605,17.1379737930019,17.03528023347,16.2053809052656,15.7417121107994,16.8221203452253,15.7447822049144,15.209402244962,16.4529499984289,NA,16.3707376620132,NA,16.8909771681916,16.3866366790589,NA,17.1233618494506,16.7019713059883,17.3033520851958,15.8876912932627,15.4010184695707,NA,NA,15.5195159075898,16.7205784838994,NA,-0.0575254451877392,-0.463333592924707,0.348282702549228,16.4033583610635,-0.288068592532852,-5.43605631234475,0.775040935529901,0.948679518362231,0,0,0.985447179276419,0,0.0780309254902996,-0.32552574447839,0.48158759545899,16.4033583610635,0.392933370059035,-5.76457058867066,0.696818664684011,0.915418979851502,0,0,0.972206433931547,0
"Q9Y4J8","DTNA_HUMAN","DTNA","Dystrobrevin alpha","=""DTNA""",NA,18.9877521410007,NA,18.8248339603314,18.9395472748005,19.6983912816966,19.7759470812988,19.5856543688174,18.8571235888863,19.6124859884662,19.4426641413777,18.7522766579119,19.3109724799431,19.4450519041091,19.1524856990638,19.5177412345421,19.6507974074997,19.4966942643091,19.7577112719931,19.4029432015804,19.1890702097837,19.5268888989904,20.7416151224323,19.8635386015614,18.8254122375285,19.2473080963065,18.9925381976817,NA,20.060543097033,19.9677081508557,19.2004774014294,19.3800651359351,18.9253057658107,20.1738377081544,18.3516386175229,19.2505156509307,19.6148562133644,20.0003513766561,19.7486374882947,19.3099361203547,19.481293279573,19.1693609501011,19.8500807047695,19.2946066615999,19.6821882097567,0.350743475924098,0.0446959117983874,0.656791040049808,19.4299725677156,2.31115101803446,-3.37388154397088,0.0256790275173812,0.488872265797768,1,0,0.27680253325194,0,-0.165581119427394,-0.459679032880377,0.12851679402559,19.4299725677156,-1.13539380767057,-5.3433408791203,0.262493516954599,0.741757591163142,0,0,0.801340337310207,0
"Q9Y4L1","HYOU1_HUMAN","HYOU1","Hypoxia up-regulated protein 1","=""HYOU1""",16.797817766518,16.257248525219,NA,NA,NA,16.0912104509653,16.6155988712069,15.4509423937384,16.484988580006,NA,NA,16.5835669151731,NA,NA,17.1177366564911,16.3260724574292,NA,16.1296272759509,16.2734286457092,NA,16.7987576506395,16.516935958048,15.7072006121243,16.380826093105,16.1742633892081,16.4461640529161,16.8987973190388,NA,15.8559737604195,16.3422402989917,17.1351028507868,16.8707253672455,16.5944071106573,15.9283530297841,NA,NA,17.6008491568735,NA,16.380602923479,16.3790119128343,16.5574980964876,17.0513723253559,16.6327186068442,NA,NA,-0.0787899687082749,-0.435436539444109,0.277856602027559,16.4793346351082,-0.45054294171575,-5.32160205580253,0.655450308465819,0.940190493291371,0,0,0.967264334202939,0,0.374113136201018,0.0414386423860873,0.706787630015949,16.4793346351082,2.29343675295374,-3.54579080050986,0.0287534654627981,0.345223569512202,1,0,0.265079263282734,0
"Q9Y4W6","AFG32_HUMAN","AFG3L2","AFG3-like protein 2","=""AFG3L2""",20.9045678584242,20.9031592346802,21.249199694719,21.3207138050006,21.1833032614891,20.3932149004224,21.1108551861149,21.0839532047895,21.3761047004237,21.0241014315419,21.3725885750428,20.564343295677,20.7434201010133,20.5762538166115,21.6570091719931,21.3837167603856,21.3636941025423,21.1289977999707,21.0996624062178,21.2747033713853,21.0100569317747,21.4563315669176,21.0962757741897,21.5340852066408,21.4657418687741,21.5513480089658,20.6693083716152,21.5024443229931,20.861398713864,21.3985938927208,20.9074170543467,20.4381704039219,21.3734687715942,20.743894584141,20.8754298867775,20.9024272738457,21.3793104346874,21.1889036507108,21.3653529413111,21.3708511829535,21.6104768994909,20.588099287547,21.2668728716169,21.3312862683973,21.0283656729399,0.218008748029266,0.00259606753670766,0.433421428521825,21.1250994338041,2.03710523999381,-3.84721418753283,0.0474119853192338,0.558102362020395,1,0,0.514436803956766,0,-0.161735460978374,-0.375892662744449,0.0524217407877013,21.1250994338041,-1.52013926535568,-4.88914117335094,0.135314320261834,0.626842806368387,0,0,0.723614869619987,0
"Q9Y4Z0","LSM4_HUMAN","LSM4","U6 snRNA-associated Sm-like protein LSm4","=""LSM4""",NA,17.6101048421472,NA,NA,16.4628495592203,16.5174558635507,16.3774090088182,17.5028808413412,17.051400820814,17.8433619711993,NA,15.753207497008,NA,16.5981690925085,NA,17.859214016089,NA,17.1709988735498,15.5857383233927,NA,17.3910608842385,17.3912188937312,16.4944910975338,16.9970881893855,16.6294943543428,17.5299159609632,NA,NA,18.230298129007,17.5710557668205,17.6818618686813,NA,NA,15.5887114357515,NA,18.1852712196254,17.207543539883,NA,NA,16.0467984252682,NA,NA,16.7748558024825,17.1715135825955,15.7096118595604,0.301693329604976,-0.321103594300281,0.924490253510234,16.9619136328396,0.990682942992266,-5.0161586692558,0.330023443420904,0.826372714395847,0,0,0.715728275984624,0,-0.36931166838508,-1.00919519128032,0.270571854510158,16.9619136328396,-1.18034112416148,-5.11583805708225,0.247442530433592,0.72771949909063,0,0,0.597039410275815,0
"Q9Y508","RN114_HUMAN","RNF114","E3 ubiquitin-protein ligase RNF114","=""RNF114""",NA,NA,15.1289338272814,15.1390486897622,15.6655901626996,16.2119964043749,16.0573890446397,15.6266752495236,16.1967685029758,15.2051789643831,16.5795461215374,16.4970843737187,14.8258511165896,15.1039729590689,16.7846226828084,15.550471551585,14.7198898740765,16.4620431703853,16.4664895788849,16.108414771922,NA,15.4428950445236,15.9511658256662,16.3447411482156,16.3366368910245,16.9276320679718,15.310901986092,14.9350971454936,15.909152909437,16.7588132887536,15.554190986187,16.4118856606687,16.475279143617,15.7540015885587,14.3450110443899,14.9742092336549,15.9528103827035,15.0080942553753,15.1411629722302,15.4196732698467,15.6394042935787,16.4945563105571,16.56124563013,NA,15.6073223162921,0.189601605748425,-0.287412627895637,0.666615839392488,15.7947768400289,0.802115419668612,-5.2665639664151,0.426997178693123,0.872297158372813,0,0,0.850996918723363,0,-0.282693731140686,-0.748458716360246,0.183071254078874,15.7947768400289,-1.22482920639537,-5.23248108381944,0.227458260747077,0.711997773342545,0,0,0.65796099098344,0
"Q9Y512","SAM50_HUMAN","SAMM50","Sorting and assembly machinery component 50 homolog","=""SAMM50""",21.7204856106623,22.5777946478974,21.9633040408044,20.8419079900722,21.7067849130236,21.1772161338655,22.707396169038,22.1515686744261,22.4932218133166,22.6050678549127,22.4695220788853,21.6776227232307,21.8502734658911,21.6291190110955,22.172095294813,22.4621371752722,22.5231492773549,22.4111492086333,21.9641932162383,22.0560961972347,21.9586141314217,22.0782012547364,22.5659505584462,22.3708167494035,22.4596462993852,22.8592272105562,21.2008907521133,21.9791769579357,22.0086362625886,22.535415428965,21.8855012927172,21.9073529973867,22.3241953688237,21.7220660594005,20.8468754074774,22.3313852050779,22.114901734398,22.2387971836576,22.471333211166,22.5406536481836,22.7142305696614,21.8908523594013,22.1288804141914,22.1236502182504,22.0316894884309,0.256573216493059,-0.038371729796338,0.551518162782457,22.0988676946765,1.75097993519196,-4.28542521140034,0.0866099004831202,0.636482059364325,1,0,0.5338365268508,0,-0.144062368137387,-0.437288301856571,0.149163565581796,22.0988676946765,-0.988915039236273,-5.50272280763206,0.327873569773295,0.770746018696202,0,0,0.851591893093203,0
"Q9Y570","PPME1_HUMAN","PPME1","Protein phosphatase methylesterase 1","=""PPME1""",NA,18.5102501556868,19.1987544060552,17.2046952626318,19.4998529612107,19.7046192730512,18.8100951890751,18.6318113511742,18.9378590942485,18.4745462130704,18.8721531100415,18.5167229103157,NA,19.3681240989563,19.7076535114149,19.6772724056599,17.5772208611049,19.3790659605698,19.3921740159173,19.1314076512998,19.0776323594202,19.2525054196593,19.027766823709,19.1136013286019,19.0541338367937,18.9174774904839,19.9868607289148,17.6676181304658,18.9811190120605,19.2212074128123,19.4224891584436,19.4996837629972,19.0808840936393,19.7728028929195,16.9703425484268,18.760133729709,19.1347489476608,19.5662273464492,18.9376726288783,18.6203685388561,19.1977259782339,19.1655715154557,18.5551614063557,19.2993401384272,19.707499163595,0.156171652388821,-0.309254287788317,0.621597592565958,18.9903454145222,0.676230047052747,-5.3586736776472,0.502430619320984,0.896077533266722,0,0,0.898083175244026,0,0.015572560838276,-0.431094992288354,0.462240113964906,18.9903454145222,0.0702616709558302,-5.96246031130416,0.944303468011344,0.986673428033922,0,0,0.999107970541444,0
"Q9Y5J7","TIM9_HUMAN","TIMM9","Mitochondrial import inner membrane translocase subunit Tim9","=""TIMM9""",NA,17.3007490778513,16.5941223793765,15.3509550418921,16.7269289322941,17.2281523549864,17.096681631556,17.1087464409352,17.3816333902966,NA,17.5372953259155,17.2957947839642,NA,16.4588993511182,18.0498581252285,17.4654893937083,17.7347317387168,17.0876327034948,16.8028704840426,15.8904488585381,17.4498171386263,17.8231689859249,17.8094618700897,17.4546171694325,17.4886829408901,17.7680540897392,16.1993469793182,15.1923705818675,16.9199748813337,16.9359492408508,NA,NA,17.6032808315448,16.0704368896945,16.1635855353767,17.0756757635963,NA,16.9807264064902,17.9169629386407,17.8263152537225,17.1030517695808,16.7157962472315,17.1367634621661,16.5534068287836,17.0297332589523,0.0480037807154794,-0.414281164120259,0.510288725551218,17.0340556173787,0.209862261956815,-5.51946550855091,0.834839371658781,0.953252886904784,0,0,0.991371989087341,0,-0.0227628856175883,-0.482327977141887,0.436802205906711,17.0340556173787,-0.100103425730408,-5.90687678186755,0.920761754438149,0.979656818909501,0,0,0.998122598233798,0
"Q9Y5K5","UCHL5_HUMAN","UCHL5","Ubiquitin carboxyl-terminal hydrolase isozyme L5","=""UCHL5""",NA,18.283827615403,18.7039511834677,17.1321214868076,NA,18.6841899800015,18.2934973464481,NA,18.0951866435437,NA,18.2070839203198,18.2635250760064,18.1122744777335,NA,17.9525397052717,18.2239158671797,NA,18.0205231828547,18.3677356794323,NA,17.9013921358213,NA,17.8638331015767,NA,18.5856957561008,NA,18.3193450561643,NA,NA,NA,17.6102776698165,17.4779562260019,NA,18.6499305527514,17.1634805013447,NA,18.0836592589216,NA,NA,18.1530581679067,NA,18.5407562500946,18.4614783432783,NA,18.6470326583886,0.0160416375714298,-0.40954717328297,0.441630448425829,18.1460872247168,0.0773337662746104,-5.3434124013957,0.938927413414136,0.983220575615884,0,0,0.998989613229278,0,-0.0699782481746318,-0.501977856167945,0.362021359818682,18.1460872247168,-0.33234593891947,-5.62718234852175,0.742190671677148,0.93045109399261,0,0,0.979352194769662,0
"Q9Y5L0","TNPO3_HUMAN","TNPO3","Transportin-3","=""TNPO3""",22.8351841068255,21.0598833861733,NA,22.1358025664209,22.0414100053101,NA,20.0100154642908,21.3282678956114,19.1408619574101,20.8882816803702,19.5435840566043,19.9861978104326,19.4459912504828,NA,NA,21.6339103131477,21.680461322904,20.0500507485302,21.6085082837204,NA,21.0602826040886,21.3660324134592,NA,NA,NA,19.4874700508556,18.9470418508674,NA,19.7505666869367,21.0371368776063,20.7483132925713,NA,21.7311478545456,21.4470127928312,NA,21.9389072425631,20.4319806301792,21.3896623710979,19.9369381836533,19.3326536809203,NA,NA,20.1484074279463,NA,20.0562850956611,-0.183174431049618,-0.95571373364275,0.589364871543514,20.716072577549,-0.482946788679473,-5.34414071341362,0.632417109848488,0.934833173270874,0,0,0.919494105896378,0,0.0486992241267181,-0.736551714911054,0.83395016316449,20.716072577549,0.1263189747793,-5.7771137821965,0.900268789900447,0.977865538778253,0,0,0.994896633401106,0
"Q9Y5L4","TIM13_HUMAN","TIMM13","Mitochondrial import inner membrane translocase subunit Tim13","=""TIMM13""",19.4985090058784,21.7203766499039,21.6121207688834,19.082716017861,21.7985268594111,20.6037633998768,22.0303206141572,21.6910643593294,21.8497877801656,22.1491384336514,22.0824287027219,21.0399910572336,19.1565947278897,21.4796522723584,20.6146852781279,22.3780819968647,22.0968349644698,21.831843395938,21.9843596949689,22.0588446697971,21.5897416703522,21.9663718351125,21.5038810715243,21.6506095140448,22.071564029763,22.1770599216368,20.900266614181,21.2511315728141,21.6522702589282,22.5285756055593,21.7411202441235,21.4891205501637,21.9122045897123,21.342488593446,18.850885774953,21.5759978757606,22.1184841109402,21.4813272770095,21.5549145172193,22.2606757254194,22.1574609487618,21.4621915717036,21.8174343602515,21.7918220884799,21.7592303749217,0.753430491699838,0.214582375463256,1.29227860793642,21.4970326965838,2.81441173743346,-2.40328091140907,0.00716574666733981,0.416167334657996,1,0,0.0242152289731458,1,-0.288405214205905,-0.824112789480861,0.24730236106905,21.4970326965838,-1.08364275121767,-5.41118705318627,0.284165597348907,0.747796548567826,0,0,0.695676240378875,0
"Q9Y5M8","SRPRB_HUMAN","SRPRB","Signal recognition particle receptor subunit beta","=""SRPRB""",NA,18.9750538959227,18.7106293804664,18.7368626439825,19.7244519345436,19.6152978460408,19.1171324877632,18.8791525398284,19.0188994423917,18.767207590132,18.8307962878282,19.7247672043241,18.5186629295867,18.7119063461492,19.3007305170297,19.5239893198137,18.7280081516659,19.4375534524079,19.6714200206179,19.0699142715284,18.7803596054811,19.191549801257,19.1890835644262,19.4458919174503,19.0027252480437,19.3852912361713,19.6661620259892,17.5255554194287,18.8399386219276,19.1315326755312,19.381092726691,20.210827919772,19.2555483639656,19.8227883631313,18.8632380288425,19.2627869633616,19.2136787067539,19.3995888540782,19.3329809882589,19.1629081423,19.5981374622338,19.6531117974354,19.4625610892363,19.4895477663587,19.0193012660603,0.0585402105197765,-0.239974973592826,0.35705539463238,19.1897414730957,0.394965078153665,-5.50485484289336,0.694732946869883,0.946164141789459,0,0,0.978903736644459,0,0.302608207115952,0.0107272248030844,0.59448918942882,19.1897414730957,2.08807333818676,-3.98129368460146,0.0424759791375936,0.400880260815996,1,0,0.384472191784851,0
"Q9Y5P6","GMPPB_HUMAN","GMPPB","Mannose-1-phosphate guanyltransferase beta","=""GMPPB""",NA,NA,NA,14.5200325842364,14.114595256996,NA,15.1785875031581,14.1324931170952,13.5662651179705,NA,14.2029795300021,15.7561090083077,NA,14.6108343050741,14.4482242067321,NA,NA,14.8759923226985,14.6007040911203,15.20136193799,NA,NA,14.2347623265091,14.9146586005146,14.7022494000561,NA,14.9541897731821,15.2899102912266,15.0215236058169,14.9459093653034,14.7365654860878,13.2167755660272,14.7767566316172,14.1463282803398,13.3280049212465,NA,NA,NA,NA,14.4409155277902,14.9305784595095,15.236147016734,14.8124009489844,NA,16.0523172457773,0.376428968619869,-0.144854545606118,0.897712482845857,14.6533852561415,1.47468024871705,-4.53868685256584,0.150702438932433,0.720861261794311,0,0,0.490479279333279,0,-0.311242693720605,-0.815773541898997,0.193288154457788,14.6533852561415,-1.25979609078141,-5.05983935283045,0.217442508762979,0.704875885604619,0,0,0.621946891641687,0
"Q9Y5U8","MPC1_HUMAN","MPC1","Mitochondrial pyruvate carrier 1","=""MPC1""",24.2731346443658,NA,20.0676808987623,22.688751156552,20.8414651083914,21.1547982741024,NA,NA,NA,NA,23.3150984647526,NA,NA,21.7943256222877,22.6009582370635,21.4141218775934,NA,NA,20.6816646984145,22.7706448809979,20.5928159200363,NA,NA,NA,23.1223394265866,NA,21.7692488650751,NA,NA,NA,20.3926652179671,NA,NA,NA,23.0994289191036,20.394132668412,NA,22.0960217897098,NA,NA,NA,NA,19.5325459576815,NA,NA,-0.428726409606174,-1.66878799662825,0.811335177415903,21.7158864540977,-0.721085395320067,-5.07567283527971,0.479185159698108,0.896077533266722,0,0,0.729496734982969,0,-0.563385402268295,-1.94075246750682,0.813981662970232,21.7158864540977,-0.853111140006661,-5.20440450979625,0.403678962570967,0.80778374683241,0,0,0.59985529852839,0
"Q9Y5X3","SNX5_HUMAN","SNX5","Sorting nexin-5","=""SNX5""",NA,NA,16.7304987088874,NA,17.4416662604722,16.1656557635664,17.7701366044364,17.0951155302861,17.2291039211309,16.6602456663771,17.3644570466623,15.9739614930581,NA,16.773267883701,16.5635786413616,17.0308016954259,NA,16.6868048448437,17.0927674564788,17.3133523769842,17.3833187462155,17.7974481215763,17.4310113999165,17.2812535029609,17.4268749409938,17.3707522021798,17.3937709344869,NA,17.4785778183963,17.4411989169929,16.9380302811598,NA,17.3570992515792,17.1250588300087,NA,17.3190825179197,17.5330820465043,17.4602556585062,17.414947145604,17.4449604542023,17.7448561712718,16.999460986131,17.2058149215453,17.0570092068359,NA,0.448866309476099,0.166208042446752,0.731524576505446,17.1804243874628,3.21750907950701,-1.66821561193961,0.00268631342313318,0.407818511469657,1,0,0.070151190835871,0,-0.0103358447278552,-0.285063201972429,0.264391512516719,17.1804243874628,-0.0762269479243172,-5.87900742110764,0.939648783057403,0.985358618828023,0,0,0.99935680981479,0
"Q9Y5Y2","NUBP2_HUMAN","NUBP2","Cytosolic Fe-S cluster assembly factor NUBP2","=""NUBP2""",17.2050035430089,16.7460655498013,16.2173851294803,17.2934423356406,16.0050112011054,16.1545106508729,NA,15.2487714892709,NA,NA,NA,NA,16.4551096489566,NA,16.1541761644083,NA,NA,NA,14.915309217383,NA,15.7037546599272,15.3093635144215,NA,16.4521731385748,NA,NA,NA,NA,15.125003906645,NA,15.6744823243274,NA,NA,16.7148892647654,17.8397247165867,NA,NA,16.7382631395349,NA,NA,NA,NA,NA,NA,NA,-0.919708826756759,-1.63696676616629,-0.202450887347229,16.2195799774839,-2.68340297372148,-3.01148649835832,0.0146879191733306,0.473767971577395,-1,0,0.0206128092422161,-1,1.28576272659043,0.435678855397755,2.1358465977831,16.2195799774839,3.16526417045267,-2.13622169688199,0.00508560891214481,0.233615286754175,1,0,0.00112434934113009,1
"Q9Y5Z4","HEBP2_HUMAN","HEBP2","Heme-binding protein 2","=""HEBP2""",22.0417373342287,21.9304923076549,21.6877353214822,22.7360662305451,22.4467733555524,22.6339809811508,21.8849773745054,21.8934793868074,22.2403781011125,21.8632560613953,21.342113712386,22.8974458645619,22.3555703746037,21.944187703919,21.9951160298671,21.5840878119804,22.1652663275686,21.742431252493,22.4917575445175,21.72270170348,21.9867546243876,22.2716034894594,22.4333435898049,21.9761581131572,21.9648588679264,21.1324707429395,21.8964150505796,22.1617424018969,22.0778597987433,22.008557130433,21.5643623095567,22.1167613028055,21.5484618137532,22.0654350187513,22.1058274298482,21.9807100905322,22.1863904727701,21.7153341064749,22.056339663026,21.8974537589903,21.552500185301,22.1728207474567,22.0737108479149,21.7911154352157,22.090943860326,-0.160858081185559,-0.38413710844626,0.0624209460751427,22.009499680708,-1.45012607707807,-4.68419289326184,0.15380200169777,0.720861261794311,0,0,0.73997366766384,0,-0.0465227604429472,-0.268500461949962,0.175454941064067,22.009499680708,-0.421858627763624,-5.87996545648761,0.675091542485896,0.91409611427248,0,0,0.981886932525276,0
"Q9Y613","FHOD1_HUMAN","FHOD1","FH1/FH2 domain-containing protein 1","=""FHOD1""",22.4530346258832,22.3785092228823,22.5798168809265,22.5486432962534,22.0614995820238,21.9175373255547,22.7781900627393,22.181822109854,22.8723814075801,22.5560094661598,22.5536597396803,22.5666836391963,22.2669148856939,22.3204711389412,22.455160206983,22.4438807490506,22.8664994473941,22.7275959386176,22.6518698806452,22.6751364417359,22.4010243835871,22.3584132191447,22.4249429509039,22.8955807209775,22.5613248125995,22.6652236638711,21.9334215811048,22.7689604222813,22.5168172384798,22.4935753187482,22.1831969745328,21.3095603015594,22.6294760180035,22.243162306394,21.9601739251422,22.5219445483767,22.5795593122095,22.2946743904795,22.9517855929221,22.6079729062479,22.6014880886955,22.2444770723582,22.3007679719272,22.2709190564117,22.0201979215071,0.13000263628042,-0.080585548486603,0.340590821047442,22.435421261028,1.24259318726276,-4.91978541605618,0.220309397306376,0.752472233109963,0,0,0.821471614006023,0,-0.244327358824926,-0.453688183227557,-0.0349665344222937,22.435421261028,-2.34902419735295,-3.48389973816735,0.0231694105079866,0.344080314270748,-1,0,0.398569440194179,0
"Q9Y623","MYH4_HUMAN","MYH4","Myosin-4","=""MYH4""",22.8394255892721,23.9864838321358,22.4260287547978,NA,NA,NA,24.2786917165408,22.1327125328692,24.1065876358633,21.2966834763191,23.7292169092213,20.3466526252338,22.7240328872096,23.2931851651409,NA,20.8053876182391,20.1571806273788,23.1156823767265,NA,21.6870882891699,22.2285627720885,18.4894302186508,23.6656050460938,23.9952586662572,20.9206536384054,22.9682459235062,NA,23.0891337871972,20.4123414477212,20.6198906097355,21.5146217433382,23.0719041407544,22.7001808209556,NA,18.7678888323092,21.7838799495332,21.0367707473684,23.0405001264269,23.13231810032,22.1568990471097,23.5538442108365,22.0291016840052,20.582004511445,21.2468882508066,NA,-1.01667381608819,-2.015377545695,-0.0179700864813677,22.1062422786752,-2.06074695369142,-3.78549079591429,0.0462125880898559,0.552120007903853,-1,0,0.0439032580266874,-1,0.201088598981485,-0.751199875772511,1.15337707373548,22.1062422786752,0.427463088867739,-5.81315541529205,0.671452125366306,0.912350122546348,0,0,0.92302762553308,0
"Q9Y676","RT18B_HUMAN","MRPS18B","28S ribosomal protein S18b, mitochondrial","=""MRPS18B""",NA,NA,23.8649002446802,23.6489211272343,NA,23.5856324375583,22.4762811821756,23.2064609587815,23.1327417628388,NA,21.5921827542257,22.6168946658209,NA,NA,22.4594498174175,NA,22.9797773971531,23.0571859688107,21.8039573615467,23.2940735228036,23.5940755591437,23.4225263318464,21.9024849714098,21.0736140957685,21.8946282838172,23.852376392146,23.3556565949895,24.2142640540753,23.257101081283,21.5970873488869,22.7715638510857,NA,21.3318680464245,NA,23.03732155893,22.9029407266429,NA,NA,22.680250226033,23.3393908996611,22.8765101181361,23.1322128619631,23.4863848754419,23.724342269687,NA,-0.231803404674579,-0.869439468515118,0.405832659165959,22.8837896772248,-0.738760426124949,-5.22921047962056,0.465116008527033,0.89528929154036,0,0,0.837412760890683,0,0.0895828479039054,-0.524714092253841,0.703879788061651,22.8837896772248,0.296348816799779,-5.80997633793402,0.768764257203345,0.941462862728133,0,0,0.976717632650961,0
"Q9Y696","CLIC4_HUMAN","CLIC4","Chloride intracellular channel protein 4","=""CLIC4""",17.8555800581443,19.0063951155148,18.1146774542894,20.4530881696678,18.6061518329821,18.5256229625807,19.3872985460724,19.1099242968885,18.5763356847122,18.8550904534432,18.4299705132602,18.9696798184582,19.3073334887409,18.09170517604,18.9405410447364,18.4158206859277,18.2006355317502,19.142747196494,19.6751327111845,18.7443771699008,19.2623385733626,19.6159878928959,19.1653181491738,18.295831078858,19.1849006393181,18.684318953856,20.7685492434419,18.0289233590595,19.6126468882806,19.3022040799171,19.9175243443134,19.8677725958731,18.6380608447325,19.3406820029623,19.8285743340709,18.2324358944199,19.318133959051,18.2116506835503,18.0186946133003,18.9357670329924,18.6519290801493,19.6249824138348,18.5577830557332,18.3506963968409,19.1853409535755,0.255918331574161,-0.18157893928734,0.693415602435663,18.95575899943,1.1774347726624,-4.98683468708211,0.245072866524572,0.772946205803254,0,0,0.697765438534463,0,-0.0946469298680448,-0.529594357724922,0.340300497988833,18.95575899943,-0.438006518727995,-5.8733586974486,0.663429721174273,0.908027547667818,0,0,0.961907778400904,0
"Q9Y6A9","SPCS1_HUMAN","SPCS1","Signal peptidase complex subunit 1","=""SPCS1""",NA,14.4289791659226,15.01798017113,15.3650328104625,NA,NA,NA,15.4275689123107,15.0815355868412,14.220483325785,15.35064212837,14.3692580706597,NA,14.2133620392281,14.1855094702519,13.8823089211837,14.6656527625357,15.8524063501066,15.0955633136814,NA,15.0845538881193,NA,14.7015368590682,15.5037145068437,15.2305780199609,NA,15.7410266811197,15.2007886007236,16.233033223781,14.2880869426233,14.9661591864023,15.5408316748141,14.6444803009072,15.6511765198118,15.1104539154025,NA,NA,15.4018948589317,14.1922673490767,15.1303649828791,14.6009178605069,15.6596543948682,15.3294245857302,NA,14.4864215215914,0.375588418725377,-0.0757876245389851,0.826964461989738,14.9956955559303,1.68917499114284,-4.30585674604235,0.100066414888264,0.661354198276587,0,0,0.421230566958967,0,-0.0593546076114873,-0.487747910460063,0.369038695237088,14.9956955559303,-0.281263075471069,-5.82596065635202,0.78016288679586,0.942584418301806,0,0,0.98537309507192,0
"Q9Y6B6","SAR1B_HUMAN","SAR1B","GTP-binding protein SAR1b","=""SAR1B""",23.7463394095879,21.8590487724864,22.7065202980754,23.4138177995565,22.192436851465,22.4046839905848,21.9905174064093,22.2380177122567,22.0168142457724,22.1776079418793,22.362272231177,22.027945431935,23.1278362446905,23.1627927515681,22.682399913048,22.0891786959251,21.5138977726584,22.4803018113653,21.8217062269619,23.0943630238065,22.3966169022838,21.8954604468166,21.0807120276446,22.6163704904081,23.1409077992412,22.5326813161113,22.7214721210989,24.1179901956107,21.4911995988401,21.5994982636896,21.4917276563084,21.6260098902388,22.4988804052671,21.7234999429584,23.3387563704014,22.0484691436064,22.042065330933,22.5921040402205,21.7388340781306,23.4966262561843,20.9060903155216,21.0253365589119,21.5734503728866,21.8307232641106,21.9315642954726,-0.237651638228105,-0.711120239329738,0.235816962873529,22.2792343469802,-1.01032346349794,-5.14327428488552,0.31762073674294,0.826075331775878,0,0,0.761426209651126,0,-0.315214584754006,-0.785923692983717,0.155494523475705,22.2792343469802,-1.3479212242371,-5.11439209994293,0.184278769582649,0.67048191514958,0,0,0.586768921153676,0
"Q9Y6C9","MTCH2_HUMAN","MTCH2","Mitochondrial carrier homolog 2","=""MTCH2""",20.8048245466111,21.2649634577254,19.9544681985956,20.4793237074757,20.3676779248125,19.9456123517158,21.4478345518156,21.2303453225712,21.4390683690519,21.1877753673279,21.1948382788524,20.8182872879422,20.9631494965098,20.6993129775216,21.1067603551359,21.507317996587,21.1671302322566,20.6941389940666,20.8091568810908,21.106051604896,20.1431744993027,21.0049682191809,21.6721344930575,21.3622394773389,20.9749975750749,21.7434471760113,20.6613049864763,21.397130180284,21.1732302477637,20.9038175425239,21.2837488827327,21.4041389332136,20.5738513846106,20.9542124842957,19.8072819336402,21.3904773809985,21.2518748306746,21.2003133627847,21.3621852967293,21.288628828219,21.7800498806538,20.6938756513102,20.9421496468082,21.1234233163963,20.4580495220276,0.233826303603951,-0.0633234483849955,0.530976055592898,20.9941943029927,1.58390380489055,-4.51502876772543,0.120061296237569,0.685914930018244,0,0,0.609172392333167,0,-0.0537319180544138,-0.349149807316668,0.241685971207841,20.9941943029927,-0.366105592337479,-5.90088280592746,0.715963229229872,0.920896468414077,0,0,0.982206943506756,0
"Q9Y6E2","BZW2_HUMAN","BZW2","Basic leucine zipper and W2 domain-containing protein 2","=""BZW2""",21.6862720973839,22.0823728834597,22.7845610997323,22.2162496273739,22.8056442912026,22.8714410162684,22.6919664163554,22.5638640419649,22.5020677575195,22.4963474777571,22.0208642156629,22.6619344162692,21.8811335139168,22.3364205840741,22.1831599240705,22.6699042216979,22.9175557110622,22.7616196710366,22.4898972306595,21.9609025886562,22.6790422213693,22.7405765029426,22.7200294178376,22.3030235911339,22.4055640853022,22.3163168130723,21.6461730123167,21.6982452244751,22.5723731079691,22.5994619019198,22.1126412670287,21.0942291865319,22.5428524166623,22.3036935859153,21.5608378002137,22.7692525134907,22.4500592680629,22.3037508395484,22.7721298117069,22.0558086535588,22.5189284778237,21.7802388816528,22.4629982941657,22.5654042460289,22.169379775621,0.0447068313736523,-0.233518044120325,0.32293170686763,22.349493104055,0.323436287397723,-5.54145319446917,0.747829409499627,0.948679518362231,0,0,0.987093089434371,0,-0.20123201889594,-0.477835330554574,0.0753712927626937,22.349493104055,-1.46436897424442,-4.96477158096596,0.149888333937101,0.640249130251886,0,0,0.682555698531335,0
"Q9Y6G9","DC1L1_HUMAN","DYNC1LI1","Cytoplasmic dynein 1 light intermediate chain 1","=""DYNC1LI1""",NA,17.8812838368047,17.8994650700563,18.6360347791325,NA,16.7961665108003,17.6264682857298,18.0905000399811,17.6608726246384,NA,18.0302761333861,18.1865176387639,17.5563487231059,NA,17.8360336794401,17.7871149393924,17.8959423489072,18.5704815044707,17.7096572877175,17.8315495829058,17.349050615947,17.6306594490511,18.1344952309698,17.871333380199,17.8051924159433,17.7332743115614,17.7455459553633,17.7241477351628,17.7827918774089,16.5876222092353,18.2314463534853,19.0819464782447,18.6516272102651,17.4484765494113,18.7334762261951,17.7375881650163,17.9071803107747,NA,NA,18.0699455059913,17.516134752369,18.2069628839427,17.4999177203485,NA,17.6975063866922,-0.106759931693517,-0.440616950050783,0.227097086663748,17.8721324923371,-0.646789132328878,-5.3389578190947,0.521553140694165,0.896077533266722,0,0,0.932865032104133,0,0.328864935472492,0.00484948128959223,0.652880389655391,17.8721324923371,2.05289521636985,-4.0142355219211,0.0468274457885424,0.407484700279197,1,0,0.365404778779833,0
"Q9Y6H1","CHCH2_HUMAN","CHCHD2","Coiled-coil-helix-coiled-coil-helix domain-containing protein 2","=""CHCHD2""",18.8133005661694,19.992357131946,NA,19.3122847568018,19.8520339830006,19.5306951728832,20.1189105076013,19.7380899019987,20.2948041452011,20.1080089094178,19.7911153179345,20.0823827959009,18.1117379211752,19.7422177290923,19.8457484751367,18.4721046570291,20.1451110510106,19.8570491727883,19.8584264157733,18.4226407894975,20.0383821584254,20.0892948880511,21.251059476317,20.5381830388518,20.0688642935101,20.3860248690497,19.4955655172846,18.904438084012,19.469777640738,19.6461753969964,19.0087304033527,18.3008336302718,19.8645934757074,20.6969130388783,18.9938125658051,19.579417473798,NA,19.6883525846761,20.1694234158239,20.2640488719036,20.1735248135972,20.0050738780875,19.9355086598797,18.7761045663109,18.9158657066306,0.107201774499988,-0.337969485055949,0.552373034055925,19.6825346011237,0.485308277922668,-5.46978256172232,0.629863219161807,0.934833173270874,0,0,0.951653483361017,0,-0.173658186426177,-0.616224684265971,0.268908311413617,19.6825346011237,-0.79078708813256,-5.65276319210742,0.43330621236882,0.82110113969254,0,0,0.864821471792948,0
"Q9Y6M9","NDUB9_HUMAN","NDUFB9","NADH dehydrogenase [ubiquinone] 1 beta subcomplex subunit 9","=""NDUFB9""",22.1413062076186,22.4746886495683,21.6194186759527,20.6448938221186,21.1086662838499,21.4617753297273,22.662541094266,22.4569829887679,22.6373719432394,22.6083317851916,22.5333272942797,22.05815706933,21.812182981168,21.5992611718884,22.4749169079151,22.3732494983369,22.3324717251728,22.3815269125132,22.0040960633324,22.3923756584477,22.1605341977912,21.9056594560393,23.0891130168048,22.626771749213,22.206285218588,23.022217058887,20.9975987073734,21.7376334718955,22.1866738521701,22.2247017862301,21.9194431599538,22.0158377923308,22.2614923739793,21.5803774731488,20.4529116179855,22.5795582875746,22.2386314968419,22.4910864176096,22.576886405168,22.4772429803516,22.7498520221735,22.0447070867086,21.9524182279725,22.0707373330472,22.2321255574517,0.23360695163057,-0.121868385474452,0.589082288735592,22.1239564179994,1.32277840881845,-4.83269791749844,0.19244188615223,0.735164347255353,0,0,0.680467538907298,0,-0.133173342699873,-0.486576881048646,0.2202301956489,22.1239564179994,-0.758502850683468,-5.69172330832617,0.452015533904705,0.82844066302532,0,0,0.899654217494859,0
"Q9Y6N5","SQOR_HUMAN","SQOR","Sulfide:quinone oxidoreductase, mitochondrial","=""SQOR""",20.9059170450115,20.9240461424916,NA,20.5097746153624,NA,NA,21.2412443901727,20.3350812834532,20.4587447075596,NA,20.5398102918277,NA,20.6858814962605,NA,22.0317297955528,21.2021307402447,NA,20.994409296192,21.1245583819372,20.2033186819286,NA,20.8524412821344,20.1517300917641,20.4834475045818,21.4103461016611,NA,21.4391989490339,20.8878569641862,20.2746889321368,21.7982250403192,21.310175540285,21.4692335991906,20.488077611607,21.0990352147233,20.42165796769,NA,20.6955951202741,20.938333767597,20.6796532004282,21.2005223172732,20.7784607925083,21.280882720947,21.315392576784,20.6794383096297,21.9383894997792,0.0901885741302699,-0.270466764697801,0.450843912958341,20.9356979992151,0.507142579071103,-5.32709772338692,0.615143968706091,0.931559875931908,0,0,0.957123800434014,0,0.117974648966911,-0.203226324566573,0.439175622500394,20.9356979992151,0.744873905720898,-5.635212260613,0.461177848276342,0.831474716578483,0,0,0.912735614977168,0
"Q9Y6P5","SESN1_HUMAN","SESN1","Sestrin-1","=""SESN1""",NA,16.4455967854594,17.4993671935462,15.7955933024877,17.0679184857278,17.1332603020767,16.5848314881348,16.7150644787651,17.1316525079131,17.140256022796,17.0336161150293,16.4360305124445,NA,16.3456403961746,16.5626714674535,16.8939928975167,17.3499225141526,17.5037313742653,17.1079147111454,NA,16.9836510907474,17.3003036131822,17.7761312171618,17.1294832835932,16.580957447215,17.3318642341604,NA,17.0753577667158,18.0685460486942,16.9120808240411,16.2132112603034,NA,17.317235894313,16.1460679728837,NA,17.1005725456275,NA,16.9490652207838,17.1080875764855,16.1337374177542,NA,NA,NA,NA,16.4103045392116,0.479601180141405,0.165170423207392,0.794031937075418,16.9201093678813,3.0963937181381,-1.91696970959922,0.00384140274328209,0.407818511469657,1,0,0.0694254139103586,0,-0.550360055511668,-0.907514377982682,-0.193205733040653,16.9201093678813,-3.12818155582548,-1.8062360641449,0.00353159005592903,0.186095176002705,-1,0,0.044719896535762,-1
