uniprot_id,gene,description,verdict,reason,contaminant,in_rbc,secretome,blood_conc,ery,myo,blood_cor
A0A075B6I0,IGLV8-61,Immunoglobulin lambda variable 8-61,remove: immunoglobulin,remove: immunoglobulin,TRUE,FALSE,Immunoglobulin genes,NA,0,0,NA
A0A087WW87,IGKV2-40,Immunoglobulin kappa variable 2-40,remove: red-cell (blood-tracking + RBC proteome),remove: red-cell (blood-tracking + RBC proteome),TRUE,TRUE,Immunoglobulin genes,NA,0,0,0.6857359965262702
A0A0A0MS15,IGHV3-49,Immunoglobulin heavy variable 3-49,remove: immunoglobulin,remove: immunoglobulin,TRUE,TRUE,Immunoglobulin genes,NA,0,0,0.3926585094549499
A0A0B4J1X5,IGHV3-74,Immunoglobulin heavy variable 3-74,remove: red-cell (blood-tracking + RBC proteome),remove: red-cell (blood-tracking + RBC proteome),TRUE,TRUE,Immunoglobulin genes,NA,0,0,0.7520814061054578
A0A0B4J1X8,IGHV3-43,Immunoglobulin heavy variable 3-43,remove: immunoglobulin,remove: immunoglobulin,TRUE,TRUE,Immunoglobulin genes,NA,0,0,NA
A0A0B4J1Y9,IGHV3-72,Immunoglobulin heavy variable 3-72,remove: red-cell (blood-tracking + RBC proteome),remove: red-cell (blood-tracking + RBC proteome),TRUE,TRUE,Immunoglobulin genes,NA,0,0,0.727554615926709
A0A0B4J2D5,GATD3B,"Glutamine amidotransferase-like class 1 domain-containing protein 3B, mitochondrial",keep,keep,FALSE,FALSE,NA,NA,NA,NA,-0.05026052974381242
A0A0B4J2D9,IGKV1D-13,Immunoglobulin kappa variable 1D-13,remove: immunoglobulin,remove: immunoglobulin,TRUE,FALSE,Immunoglobulin genes,NA,0,0,NA
A0A0B4J2H0,IGHV1-69D,Immunoglobulin heavy variable 1-69D,remove: immunoglobulin,remove: immunoglobulin,TRUE,FALSE,Immunoglobulin genes,NA,0.2,0,NA
A0A0C4DH25,IGKV3D-20,Immunoglobulin kappa variable 3D-20,remove: immunoglobulin,remove: immunoglobulin,TRUE,FALSE,Immunoglobulin genes,NA,0.2,0,0.627767354596623
A0A0C4DH31,IGHV1-18,Immunoglobulin heavy variable 1-18,remove: immunoglobulin,remove: immunoglobulin,TRUE,TRUE,Immunoglobulin genes,NA,1.5,0,0.31682146542827655
A0A0C4DH35,IGHV3-35,Probable non-functional immunoglobulin heavy variable 3-35,remove: immunoglobulin,remove: immunoglobulin,TRUE,FALSE,Immunoglobulin genes,NA,0,0,0.5112781954887218
A0A0C4DH38,IGHV5-51,Immunoglobulin heavy variable 5-51,remove: immunoglobulin,remove: immunoglobulin,TRUE,FALSE,Immunoglobulin genes,NA,0,0,0.26976284584980237
A0A0C4DH43,IGHV2-70D,Immunoglobulin heavy variable 2-70D,remove: immunoglobulin,remove: immunoglobulin,TRUE,FALSE,Immunoglobulin genes,NA,0,0,0.5040106951871658
A0A0C4DH67,IGKV1-8,Immunoglobulin kappa variable 1-8,remove: immunoglobulin,remove: immunoglobulin,TRUE,FALSE,Immunoglobulin genes,NA,0,0,0.48441558441558435
A0FGR8,ESYT2,Extended synaptotagmin-2,keep,keep,FALSE,TRUE,NA,6300,5.8,296,0.2234782608695652
A1L0T0,ILVBL,Acetolactate synthase-like protein,keep,keep,FALSE,TRUE,NA,NA,0.2,5.3,0.2573529411764706
A5A3E0,POTEF,POTE ankyrin domain family member F,keep,keep,FALSE,TRUE,NA,1300000000,0,0,0.08366271409749669
A5D6W6,FITM1,Fat storage-inducing transmembrane protein 1,keep,keep,FALSE,FALSE,NA,NA,0,0,-0.2586898395721925
A5YM72,CARNS1,Carnosine synthase 1,keep,keep,FALSE,FALSE,NA,NA,0,38.6,-0.09556025369978859
A6NCE7,MAP1LC3B2,Microtubule-associated proteins 1A/1B light chain 3 beta 2,keep,keep,FALSE,TRUE,NA,NA,3.7,0.8,0.21198945981554676
A6NDG6,PGP,Glycerol-3-phosphate phosphatase,keep,keep,FALSE,TRUE,NA,260000,10.8,67,0.030829353017802867
A6NNS2,DHRS7C,Dehydrogenase/reductase SDR family member 7C,keep,keep,FALSE,FALSE,Secreted in other tissues,NA,0,22.4,-0.06882327399044724
A8MU46,SMTNL1,Smoothelin-like protein 1,keep,keep,FALSE,FALSE,NA,NA,0,109.1,-0.05087881591119334
A8MXV4,NUDT19,Nucleoside diphosphate-linked moiety X motif 19,keep,keep,FALSE,FALSE,NA,9700,0.2,40.4,-0.028571428571428564
B9A064,IGLL5,Immunoglobulin lambda-like polypeptide 5,remove: red-cell (blood-tracking + RBC proteome),remove: red-cell (blood-tracking + RBC proteome),TRUE,TRUE,Secreted to blood,22000000000,2.3,0,0.4792490118577075
E9PAV3,NACA,"Nascent polypeptide-associated complex subunit alpha, muscle-specific form",keep,keep,FALSE,TRUE,NA,1600000,212,19.8,-0.13970907511940947
L0R6Q1,SLC35A4,SLC35A4 upstream open reading frame protein,keep,keep,FALSE,TRUE,NA,NA,0.1,4.1,-0.1987903225806452
O00151,PDLIM1,PDZ and LIM domain protein 1,keep,keep,FALSE,TRUE,NA,85000000,5.2,121.7,0.049609205384281374
O00159,MYO1C,Unconventional myosin-Ic,keep,keep,FALSE,TRUE,NA,72000,1.8,18.5,-0.1295125164690382
O00168,FXYD1,Phospholemman,keep,keep,FALSE,FALSE,NA,54000,0,4.7,-0.2844155844155844
O00186,STXBP3,Syntaxin-binding protein 3,keep,keep,FALSE,TRUE,NA,10000,15.6,44.9,0.06704922983992752
O00217,NDUFS8,"NADH dehydrogenase [ubiquinone] iron-sulfur protein 8, mitochondrial",keep,keep,FALSE,FALSE,NA,NA,20.3,45,-0.2215541165587419
O00231,PSMD11,26S proteasome non-ATPase regulatory subunit 11,keep,keep,FALSE,TRUE,NA,160000,11.9,123.2,0.026595744680851064
O00232,PSMD12,26S proteasome non-ATPase regulatory subunit 12,keep,keep,FALSE,TRUE,NA,88000,10.5,85.2,0.06128584643848289
O00233,PSMD9,26S proteasome non-ATPase regulatory subunit 9,keep,keep,FALSE,TRUE,NA,870000,6.3,0.2,0.4227567067530065
O00244,ATOX1,Copper transport protein ATOX1,keep,keep,FALSE,TRUE,NA,390000,6.1,8.8,NA
O00264,PGRMC1,Membrane-associated progesterone receptor component 1,keep,keep,FALSE,TRUE,Secreted - unknown location,530000,3.1,1.6,0.3071230342275671
O00299,CLIC1,Chloride intracellular channel protein 1,keep,keep,FALSE,TRUE,NA,40000000,2,0,0.3630725863284003
O00303,EIF3F,Eukaryotic translation initiation factor 3 subunit F,keep,keep,FALSE,TRUE,NA,120000,14.9,28.2,-0.1612648221343873
O00330,PDHX,"Pyruvate dehydrogenase protein X component, mitochondrial",keep,keep,FALSE,FALSE,NA,NA,0.7,141.4,-0.12679114198871036
O00410,IPO5,Importin-5,keep,keep,FALSE,TRUE,NA,770000,5,47.6,0.19376899696048633
O00418,EEF2K,Eukaryotic elongation factor 2 kinase,keep,keep,FALSE,FALSE,NA,NA,0,3.7,NA
O00423,EML1,Echinoderm microtubule-associated protein-like 1,keep,keep,FALSE,FALSE,NA,NA,0,102.2,0.03928461301264261
O00429,DNM1L,Dynamin-1-like protein,keep,keep,FALSE,TRUE,NA,2500000,6.9,220.3,-0.06972710453283996
O00442,RTCA,RNA 3'-terminal phosphate cyclase,keep,keep,FALSE,TRUE,NA,18000,3.7,43.8,-0.05753365175857577
O00483,NDUFA4,Cytochrome c oxidase subunit NDUFA4,keep,keep,FALSE,TRUE,NA,14000,27.1,46.7,-0.10562310030395138
O00487,PSMD14,26S proteasome non-ATPase regulatory subunit 14,keep,keep,FALSE,TRUE,NA,110000,17,97.6,0.15306122448979592
O00499,BIN1,Myc box-dependent-interacting protein 1,keep,keep,FALSE,FALSE,NA,810000,0.4,181.9,0.14177160225792446
O00505,KPNA3,Importin subunit alpha-4,keep,keep,FALSE,TRUE,NA,15000,7.1,278.7,0.08522201665124883
O00571,DDX3X,ATP-dependent RNA helicase DDX3X,keep,keep,FALSE,TRUE,NA,120000,66.1,56.9,0.01977335800185014
O00629,KPNA4,Importin subunit alpha-3,keep,keep,FALSE,TRUE,NA,87000,14.7,138.1,-0.12874511506730352
O00748,CES2,Cocaine esterase,keep,keep,FALSE,FALSE,Intracellular and membrane,3800000,0,13.1,-0.2721304300251668
O00757,FBP2,"Fructose-1,6-bisphosphatase isozyme 2",keep,keep,FALSE,FALSE,NA,1900000,0,87.7,0.05275727312201477
O00763,ACACB,Acetyl-CoA carboxylase 2,keep,keep,FALSE,TRUE,Intracellular and membrane,NA,0.4,658.6,NA
O00764,PDXK,Pyridoxal kinase,keep,keep,FALSE,TRUE,NA,490000,0.9,20.6,0.03689064558629775
O14521,SDHD,"Succinate dehydrogenase [ubiquinone] cytochrome b small subunit, mitochondrial",keep,keep,FALSE,TRUE,NA,NA,0.2,0.6,0.04902867715078631
O14548,COX7A2L,"Cytochrome c oxidase subunit 7A-related protein, mitochondrial",keep,keep,FALSE,TRUE,NA,NA,24.7,26.7,NA
O14556,GAPDHS,"Glyceraldehyde-3-phosphate dehydrogenase, testis-specific",keep,keep,FALSE,TRUE,NA,NA,0,4.6,0.06360910785187586
O14558,HSPB6,Heat shock protein beta-6,keep,keep,FALSE,FALSE,Intracellular and membrane,380000,0,27.6,-0.08554059921841077
O14561,NDUFAB1,"Acyl carrier protein, mitochondrial",keep,keep,FALSE,TRUE,NA,26000,21.6,59.3,-0.19941380807642206
O14579,COPE,Coatomer subunit epsilon,keep,keep,FALSE,TRUE,NA,82000,34.4,3.9,NA
O14618,CCS,Copper chaperone for superoxide dismutase,remove: red-cell (blood-tracking + RBC proteome),remove: red-cell (blood-tracking + RBC proteome),TRUE,TRUE,NA,660000,60.3,38.8,0.6553846153846153
O14653,GOSR2,Golgi SNAP receptor complex member 2,keep,keep,FALSE,TRUE,NA,NA,0,0.2,0.023790322580645163
O14732,IMPA2,Inositol monophosphatase 2,keep,keep,FALSE,FALSE,NA,NA,0.3,80,0.05557967867998263
O14735,CDIPT,CDP-diacylglycerol--inositol 3-phosphatidyltransferase,keep,keep,FALSE,TRUE,NA,NA,8.6,4.9,NA
O14737,PDCD5,Programmed cell death protein 5,keep,keep,FALSE,TRUE,NA,140000,4.8,21.7,0.008672525439407955
O14744,PRMT5,Protein arginine N-methyltransferase 5,keep,keep,FALSE,TRUE,NA,51000,0.4,8.9,0.03013937282229966
O14791,APOL1,Apolipoprotein L1,remove: plasma,remove: plasma,TRUE,TRUE,Secreted to blood,4100000000,0,0.1,0.3631578947368421
O14818,PSMA7,Proteasome subunit alpha type-7,keep,keep,FALSE,TRUE,NA,15000000,63.7,25.1,0.11430742509769866
O14841,OPLAH,5-oxoprolinase,keep,keep,FALSE,TRUE,NA,12000,0.2,14.2,-0.09302325581395349
O14874,BCKDK,"[3-methyl-2-oxobutanoate dehydrogenase [lipoamide]] kinase, mitochondrial",keep,keep,FALSE,FALSE,NA,NA,2.9,4.4,0.026086956521739126
O14880,MGST3,Microsomal glutathione S-transferase 3,keep,keep,FALSE,TRUE,NA,330000,96.5,259.2,-0.21645679548415112
O14949,UQCRQ,Cytochrome b-c1 complex subunit 8,keep,keep,FALSE,TRUE,NA,41000,30.4,30.8,-0.06231003039513678
O14950,MYL12B,Myosin regulatory light chain 12B,keep,keep,FALSE,TRUE,NA,NA,44.3,14,0.0486322188449848
O14957,UQCR11,Cytochrome b-c1 complex subunit 10,keep,keep,FALSE,TRUE,NA,NA,52.2,5.6,-0.05608233117483811
O14958,CASQ2,Calsequestrin-2,keep,keep,FALSE,TRUE,Intracellular and membrane,NA,0,277.7,0.121580547112462
O14979,HNRNPDL,Heterogeneous nuclear ribonucleoprotein D-like,keep,keep,FALSE,TRUE,NA,300000,13.9,243.4,0.2982872200263504
O14980,XPO1,Exportin-1,keep,keep,FALSE,TRUE,NA,310000,18.1,303.6,-0.09828722002635044
O14983,ATP2A1,Sarcoplasmic/endoplasmic reticulum calcium ATPase 1,keep,keep,FALSE,TRUE,NA,2500000,0,441.7,0.16554494138080764
O15061,SYNM,Synemin,keep,keep,FALSE,FALSE,NA,NA,0.1,204.7,0.18112858464384826
O15075,DCLK1,Serine/threonine-protein kinase DCLK1,keep,keep,FALSE,FALSE,NA,NA,0.2,79.4,NA
O15143,ARPC1B,Actin-related protein 2/3 complex subunit 1B,keep,keep,FALSE,TRUE,NA,11000000,10.6,1.6,0.2300751879699248
O15144,ARPC2,Actin-related protein 2/3 complex subunit 2,keep,keep,FALSE,TRUE,NA,7600000,23.8,65.7,0.09759358288770054
O15145,ARPC3,Actin-related protein 2/3 complex subunit 3,keep,keep,FALSE,TRUE,NA,3100000,19.3,3.9,0.18556891766882513
O15173,PGRMC2,Membrane-associated progesterone receptor component 2,keep,keep,FALSE,TRUE,Secreted - unknown location,87000,17.4,25.5,0.06706753006475485
O15212,PFDN6,Prefoldin subunit 6,keep,keep,FALSE,TRUE,NA,130000,4.8,0.6,0.01646903820816864
O15273,TCAP,Telethonin,keep,keep,FALSE,FALSE,NA,15000,0,349.2,0.24218410768562745
O15305,PMM2,Phosphomannomutase 2,keep,keep,FALSE,TRUE,NA,39000,1.7,65.3,0.17354596622889312
O15371,EIF3D,Eukaryotic translation initiation factor 3 subunit D,keep,keep,FALSE,TRUE,NA,35000,16.8,18.7,0.10803689064558628
O15382,BCAT2,"Branched-chain-amino-acid aminotransferase, mitochondrial",keep,keep,FALSE,FALSE,NA,20000,0.2,67.4,-0.12417195207892882
O15400,STX7,Syntaxin-7,keep,keep,FALSE,TRUE,NA,540000,11,62.3,0.11612805798852312
O15427,SLC16A3,Monocarboxylate transporter 4,keep,keep,FALSE,TRUE,NA,28000,1,40.1,NA
O15498,YKT6,Synaptobrevin homolog YKT6,keep,keep,FALSE,TRUE,NA,11000,7.4,4.6,0.37326203208556147
O15511,ARPC5,Actin-related protein 2/3 complex subunit 5,keep,keep,FALSE,TRUE,NA,1700000,20.7,6,NA
O15533,TAPBP,Tapasin,keep,keep,FALSE,TRUE,NA,8100,0.5,0.9,NA
O43169,CYB5B,Cytochrome b5 type B,keep,keep,FALSE,TRUE,NA,85000,0.4,53,0.0298523664785063
O43175,PHGDH,D-3-phosphoglycerate dehydrogenase,keep,keep,FALSE,FALSE,NA,490000,0,0.8,-0.16176470588235298
O43181,NDUFS4,"NADH dehydrogenase [ubiquinone] iron-sulfur protein 4, mitochondrial",keep,keep,FALSE,TRUE,NA,NA,2.6,253.9,-0.20374653098982423
O43237,DYNC1LI2,Cytoplasmic dynein 1 light intermediate chain 2,keep,keep,FALSE,FALSE,NA,19000,9.1,74.9,-0.0624794835321151
O43242,PSMD3,26S proteasome non-ATPase regulatory subunit 3,keep,keep,FALSE,TRUE,NA,12000000,5.9,37.8,0.27005858772741287
O43374,RASA4,Ras GTPase-activating protein 4,keep,keep,FALSE,FALSE,NA,NA,0,0.5,0.10399562123700054
O43390,HNRNPR,Heterogeneous nuclear ribonucleoprotein R,keep,keep,FALSE,TRUE,NA,270000,3.7,7.5,0.38260869565217387
O43396,TXNL1,Thioredoxin-like protein 1,keep,keep,FALSE,TRUE,NA,2400000,38.8,186.2,0.014437689969604863
O43399,TPD52L2,Tumor protein D54,keep,keep,FALSE,TRUE,NA,930000,0,0.1,0.20168543878129813
O43414,ERI3,ERI1 exoribonuclease 3,keep,keep,FALSE,TRUE,NA,NA,5,85.6,-0.2642614862781375
O43464,HTRA2,"Serine protease HTRA2, mitochondrial",keep,keep,FALSE,TRUE,NA,180000,30.3,4.4,-0.19999999999999998
O43488,AKR7A2,Aflatoxin B1 aldehyde reductase member 2,keep,keep,FALSE,TRUE,NA,1500000,4.6,6.9,-0.04359389454209065
O43491,EPB41L2,Band 4.1-like protein 2,keep,keep,FALSE,TRUE,NA,160000,2.1,5.9,-0.14675324675324677
O43583,DENR,Density-regulated protein,keep,keep,FALSE,TRUE,NA,210000,7.9,63.5,-0.20922266139657442
O43598,DNPH1,2'-deoxynucleoside 5'-phosphate N-hydrolase 1,keep,keep,FALSE,TRUE,NA,290000,15.2,4.2,-0.021993653572600937
O43615,TIMM44,Mitochondrial import inner membrane translocase subunit TIM44,keep,keep,FALSE,FALSE,NA,3500,6.1,61.9,0.06498612395929695
O43617,TRAPPC3,Trafficking protein particle complex subunit 3,keep,keep,FALSE,TRUE,NA,NA,18.1,27.5,0.10649350649350649
O43633,CHMP2A,Charged multivesicular body protein 2a,keep,keep,FALSE,TRUE,NA,68000,32.2,5.6,0.11128132180763758
O43674,NDUFB5,"NADH dehydrogenase [ubiquinone] 1 beta subcomplex subunit 5, mitochondrial",keep,keep,FALSE,TRUE,NA,NA,0.1,1.7,-0.28082368082368087
O43676,NDUFB3,NADH dehydrogenase [ubiquinone] 1 beta subcomplex subunit 3,keep,keep,FALSE,TRUE,NA,NA,14.5,37.4,-0.045701259227095094
O43678,NDUFA2,NADH dehydrogenase [ubiquinone] 1 alpha subcomplex subunit 2,keep,keep,FALSE,FALSE,NA,NA,36.4,9.1,-0.0340859748154581
O43681,ASNA1,ATPase ASNA1,keep,keep,FALSE,TRUE,NA,20000,8.3,4.4,0.22814523589269195
O43707,ACTN4,Alpha-actinin-4,keep,keep,FALSE,TRUE,NA,99000000,1.8,0.3,0.006404689535388623
O43708,GSTZ1,Maleylacetoacetate isomerase,keep,keep,FALSE,TRUE,NA,250000,1.5,13,-0.1676230745998188
O43715,TRIAP1,TP53-regulated inhibitor of apoptosis 1,keep,keep,FALSE,FALSE,NA,NA,0.2,2,NA
O43741,PRKAB2,5'-AMP-activated protein kinase subunit beta-2,keep,keep,FALSE,FALSE,NA,NA,0.3,24.9,-0.025823014195107217
O43747,AP1G1,AP-1 complex subunit gamma-1,keep,keep,FALSE,TRUE,NA,130000,7.6,145.5,0.23515016685205786
O43760,SYNGR2,Synaptogyrin-2,keep,keep,FALSE,TRUE,NA,NA,5.6,18.2,0.39327782917052106
O43765,SGTA,Small glutamine-rich tetratricopeptide repeat-containing protein alpha,keep,keep,FALSE,TRUE,NA,86000,2.4,13.9,0.10606060606060605
O43768,ENSA,Alpha-endosulfine,keep,keep,FALSE,TRUE,NA,1100000,11.7,52.5,0.13966275659824048
O43772,SLC25A20,Mitochondrial carnitine/acylcarnitine carrier protein,keep,keep,FALSE,TRUE,NA,NA,6.3,94.8,-0.20016188714153563
O43776,NARS1,"Asparagine--tRNA ligase, cytoplasmic",keep,keep,FALSE,TRUE,NA,57000,24.9,44.5,-0.07712765957446809
O43813,LANCL1,Glutathione S-transferase LANCL1,keep,keep,FALSE,TRUE,NA,22000,0.4,81.8,-0.20097132284921368
O43826,SLC37A4,Glucose-6-phosphate exchanger SLC37A4,keep,keep,FALSE,TRUE,NA,NA,NA,NA,0.028183780450200428
O43837,IDH3B,"Isocitrate dehydrogenase [NAD] subunit beta, mitochondrial",keep,keep,FALSE,FALSE,NA,4200,4.9,17.9,-0.11875814155449414
O43852,CALU,Calumenin,keep,keep,FALSE,TRUE,Intracellular and membrane,16000000,5.1,46.4,-0.22444495837187792
O43865,AHCYL1,S-adenosylhomocysteine hydrolase-like protein 1,keep,keep,FALSE,FALSE,NA,57000,4,173.5,0.008695652173913042
O43866,CD5L,CD5 antigen-like,remove: plasma,remove: plasma,TRUE,TRUE,Secreted to blood,3800000000,4.7,0.1,NA
O43920,NDUFS5,NADH dehydrogenase [ubiquinone] iron-sulfur protein 5,keep,keep,FALSE,FALSE,NA,NA,27.9,25.1,-0.1498046026921407
O60220,TIMM8A,Mitochondrial import inner membrane translocase subunit Tim8 A,keep,keep,FALSE,FALSE,NA,12000,1.6,7.4,-0.4417366946778712
O60234,GMFG,Glia maturation factor gamma,keep,keep,FALSE,TRUE,NA,2700000,12.3,0.7,NA
O60237,PPP1R12B,Protein phosphatase 1 regulatory subunit 12B,keep,keep,FALSE,FALSE,NA,NA,8.2,1549.6,-0.0167487684729064
O60240,PLIN1,Perilipin-1,keep,keep,FALSE,FALSE,NA,29000,0,3.6,NA
O60256,PRPSAP2,Phosphoribosyl pyrophosphate synthase-associated protein 2,keep,keep,FALSE,TRUE,NA,79000,11.9,67,0.14106211474632527
O60313,OPA1,"Dynamin-like 120 kDa protein, mitochondrial",keep,keep,FALSE,TRUE,NA,7900,22.6,146.8,0.038274745605920445
O60343,TBC1D4,TBC1 domain family member 4,keep,keep,FALSE,FALSE,NA,NA,0.1,961,NA
O60493,SNX3,Sorting nexin-3,keep,keep,FALSE,TRUE,NA,560000,151.2,80.7,0.06036077705827937
O60506,SYNCRIP,Heterogeneous nuclear ribonucleoprotein Q,keep,keep,FALSE,TRUE,NA,840000,0,0.3,0.2558741905642923
O60610,DIAPH1,Protein diaphanous homolog 1,keep,keep,FALSE,TRUE,NA,1800000,13.1,356.9,0.17440660474716202
O60662,KLHL41,Kelch-like protein 41,keep,keep,FALSE,FALSE,NA,12000,0,69.5,0.24359531046461136
O60664,PLIN3,Perilipin-3,keep,keep,FALSE,TRUE,NA,3800000,2.1,39.5,-8.684324793747286e-4
O60684,KPNA6,Importin subunit alpha-7,keep,keep,FALSE,TRUE,NA,28000,9.7,171.2,0.07216349541930937
O60701,UGDH,UDP-glucose 6-dehydrogenase,keep,keep,FALSE,FALSE,NA,830000,0.4,6.8,NA
O60749,SNX2,Sorting nexin-2,keep,keep,FALSE,TRUE,NA,180000,21.2,76.5,0.21254404510218464
O60763,USO1,General vesicular transport factor p115,keep,keep,FALSE,TRUE,NA,98000,2.4,638.9,0.07180851063829788
O60784,TOM1,Target of Myb protein 1,keep,keep,FALSE,TRUE,NA,16000,5.6,91.2,-0.10475466782457664
O60825,PFKFB2,"6-phosphofructo-2-kinase/fructose-2,6-bisphosphatase 2",keep,keep,FALSE,FALSE,NA,NA,36.6,114,-0.12735191637630663
O60826,CCDC22,Coiled-coil domain-containing protein 22,keep,keep,FALSE,TRUE,NA,NA,0.2,11.6,-0.04153846153846154
O60841,EIF5B,Eukaryotic translation initiation factor 5B,keep,keep,FALSE,TRUE,NA,130000,43.3,87.6,-0.09652173913043477
O60884,DNAJA2,DnaJ homolog subfamily A member 2,keep,keep,FALSE,TRUE,NA,110000,16.2,20.7,0.013569257490230134
O60888,CUTA,Protein CutA,remove: plasma,remove: plasma,TRUE,TRUE,Secreted to blood,6700000,10.9,1.4,-0.16040703052728952
O60936,NOL3,Nucleolar protein 3,keep,keep,FALSE,FALSE,NA,9700,0,115.4,-0.11944958371877891
O75027,ABCB7,"ATP-binding cassette sub-family B member 7, mitochondrial",keep,keep,FALSE,TRUE,NA,NA,9.7,171.9,0.0914349276974416
O75083,WDR1,WD repeat-containing protein 1,keep,keep,FALSE,TRUE,NA,66000000,8.9,28.8,0.14339991315675205
O75112,LDB3,LIM domain-binding protein 3,keep,keep,FALSE,FALSE,NA,440000,0,924.1,0.11105080330004342
O75122,CLASP2,CLIP-associating protein 2,keep,keep,FALSE,TRUE,NA,NA,4.5,523.3,-0.4385964912280702
O75128,COBL,Protein cordon-bleu,keep,keep,FALSE,FALSE,NA,NA,0,210.3,-0.17502265176683782
O75131,CPNE3,Copine-3,remove: red-cell (blood-tracking + RBC proteome),remove: red-cell (blood-tracking + RBC proteome),TRUE,TRUE,NA,150000,11.2,45.9,0.4667900092506937
O75153,CLUH,Clustered mitochondria protein homolog,keep,keep,FALSE,FALSE,NA,7400,0.2,31.5,-0.03928219717693402
O75155,CAND2,Cullin-associated NEDD8-dissociated protein 2,keep,keep,FALSE,TRUE,NA,NA,0,195.2,-0.11413043478260869
O75208,COQ9,"Ubiquinone biosynthesis protein COQ9, mitochondrial",keep,keep,FALSE,FALSE,NA,NA,0.1,104.4,-0.23903603994789407
O75223,GGCT,Gamma-glutamylcyclotransferase,keep,keep,FALSE,TRUE,NA,3000000,1.5,2.4,-0.06339557099435518
O75251,NDUFS7,"NADH dehydrogenase [ubiquinone] iron-sulfur protein 7, mitochondrial",keep,keep,FALSE,FALSE,NA,9700,15.6,64.9,-0.29093432007400555
O75298,RTN2,Reticulon-2,keep,keep,FALSE,TRUE,NA,NA,0.3,107.4,0.0937907077724707
O75306,NDUFS2,"NADH dehydrogenase [ubiquinone] iron-sulfur protein 2, mitochondrial",keep,keep,FALSE,TRUE,NA,37000,12.7,46.5,-0.09324793747286149
O75323,NIPSNAP2,Protein NipSnap homolog 2,keep,keep,FALSE,FALSE,NA,NA,5,406.4,0.10670864090316978
O75340,PDCD6,Programmed cell death protein 6,keep,keep,FALSE,TRUE,NA,1400000,0,0.2,-0.09187675070028012
O75347,TBCA,Tubulin-specific chaperone A,keep,keep,FALSE,TRUE,NA,5300000,13,163.6,0.3203052728954672
O75348,ATP6V1G1,V-type proton ATPase subunit G 1,keep,keep,FALSE,TRUE,NA,100000,11.7,20.6,0.1559934318555008
O75351,VPS4B,Vacuolar protein sorting-associated protein 4B,keep,keep,FALSE,TRUE,NA,32000,7.2,35.7,0.05072463768115941
O75352,MPDU1,Mannose-P-dolichol utilization defect 1 protein,keep,keep,FALSE,TRUE,NA,NA,4.8,13.3,0.1272727272727273
O75368,SH3BGRL,SH3 domain-binding glutamic acid-rich-like protein,keep,keep,FALSE,TRUE,NA,12000000,34.8,0.8,0.2930434782608695
O75369,FLNB,Filamin-B,keep,keep,FALSE,FALSE,NA,19000000,0.3,1.2,0.13732088580112897
O75380,NDUFS6,"NADH dehydrogenase [ubiquinone] iron-sulfur protein 6, mitochondrial",keep,keep,FALSE,FALSE,NA,NA,31.1,27.2,-0.010312635692574902
O75390,CS,"Citrate synthase, mitochondrial",keep,keep,FALSE,TRUE,NA,850000,2.2,132.1,-0.13276161528441163
O75391,SPAG7,Sperm-associated antigen 7,keep,keep,FALSE,TRUE,NA,NA,4.8,45.4,-0.1021671826625387
O75396,SEC22B,Vesicle-trafficking protein SEC22b,keep,keep,FALSE,TRUE,NA,120000,5.2,31.1,0.11958063521430773
O75431,MTX2,Metaxin-2,keep,keep,FALSE,TRUE,NA,21000,4.7,185,-0.1659619450317125
O75436,VPS26A,Vacuolar protein sorting-associated protein 26A,keep,keep,FALSE,TRUE,NA,65000,4.9,64.4,0.28017802865827185
O75438,NDUFB1,NADH dehydrogenase [ubiquinone] 1 beta subcomplex subunit 1,keep,keep,FALSE,TRUE,NA,NA,35.5,75.4,-0.05015197568389058
O75439,PMPCB,Mitochondrial-processing peptidase subunit beta,keep,keep,FALSE,FALSE,NA,6700,4.9,79.5,0.004435483870967742
O75489,NDUFS3,"NADH dehydrogenase [ubiquinone] iron-sulfur protein 3, mitochondrial",keep,keep,FALSE,TRUE,NA,13000,4.6,3.6,-0.05036908380373426
O75521,ECI2,"Enoyl-CoA delta isomerase 2, mitochondrial",keep,keep,FALSE,TRUE,NA,NA,7.7,77.1,-0.2133441258094357
O75531,BANF1,Barrier-to-autointegration factor,keep,keep,FALSE,TRUE,NA,270000,6.7,6,0.12244897959183673
O75534,CSDE1,Cold shock domain-containing protein E1,keep,keep,FALSE,FALSE,NA,61000,58.4,376.7,0.2928769657724329
O75569,PRKRA,Interferon-inducible double-stranded RNA-dependent protein kinase activator A,keep,keep,FALSE,TRUE,NA,NA,2,114.8,-0.10085470085470084
O75594,PGLYRP1,Peptidoglycan recognition protein 1,remove: plasma,remove: plasma,TRUE,FALSE,Secreted to blood,9100000,6.1,0.9,NA
O75608,LYPLA1,Acyl-protein thioesterase 1,keep,keep,FALSE,TRUE,NA,280000,4.6,75.6,-0.15914025184541902
O75663,TIPRL,TIP41-like protein,keep,keep,FALSE,TRUE,NA,13000,3.4,24.9,-0.11702127659574468
O75688,PPM1B,Protein phosphatase 1B,keep,keep,FALSE,TRUE,NA,77000,0.2,2.6,0.2713043478260869
O75746,SLC25A12,Calcium-binding mitochondrial carrier protein Aralar1,keep,keep,FALSE,TRUE,NA,4800,3.7,702,-0.1255970473295701
O75821,EIF3G,Eukaryotic translation initiation factor 3 subunit G,keep,keep,FALSE,TRUE,NA,42000,21.6,5.5,-0.15309617918313567
O75822,EIF3J,Eukaryotic translation initiation factor 3 subunit J,keep,keep,FALSE,TRUE,NA,140000,36.9,104.6,0.1799826313504125
O75832,PSMD10,26S proteasome non-ATPase regulatory subunit 10,keep,keep,FALSE,TRUE,NA,190000,0.5,1.8,0.16879432624113475
O75874,IDH1,Isocitrate dehydrogenase [NADP] cytoplasmic,keep,keep,FALSE,TRUE,NA,21000000,3.1,26.6,-0.009444203213200173
O75891,ALDH1L1,Cytosolic 10-formyltetrahydrofolate dehydrogenase,keep,keep,FALSE,TRUE,NA,4500000,0,92.8,-0.03821102909248806
O75915,ARL6IP5,PRA1 family protein 3,keep,keep,FALSE,TRUE,NA,780000,17.8,126.2,0.061984368215371254
O75923,DYSF,Dysferlin,keep,keep,FALSE,TRUE,NA,NA,7,297.3,0.0663265306122449
O75935,DCTN3,Dynactin subunit 3,keep,keep,FALSE,TRUE,NA,27000,16.2,3.2,-0.12366310160427807
O75947,ATP5PD,"ATP synthase subunit d, mitochondrial",keep,keep,FALSE,TRUE,NA,86000,34.6,26.1,-0.25043421623968737
O75955,FLOT1,Flotillin-1,remove: red-cell (blood-tracking + RBC proteome),remove: red-cell (blood-tracking + RBC proteome),TRUE,TRUE,NA,58000,2.2,0.4,0.5665379665379666
O75964,ATP5MG,"ATP synthase subunit g, mitochondrial",keep,keep,FALSE,TRUE,NA,130000,52.7,5.8,-0.07186278766825879
O76003,GLRX3,Glutaredoxin-3,keep,keep,FALSE,TRUE,NA,670000,2.3,87,0.10279833487511562
O76070,SNCG,Gamma-synuclein,keep,keep,FALSE,FALSE,NA,44000,0.2,0.2,NA
O94760,DDAH1,"N(G),N(G)-dimethylarginine dimethylaminohydrolase 1",keep,keep,FALSE,TRUE,NA,750000,1.5,110.6,0.009769865392965697
O94811,TPPP,Tubulin polymerization-promoting protein,keep,keep,FALSE,TRUE,NA,NA,0,6.4,0.20491202346041054
O94826,TOMM70,Mitochondrial import receptor subunit TOM70,keep,keep,FALSE,TRUE,NA,47000,3.7,106.1,-0.009597594819611472
O94874,UFL1,E3 UFM1-protein ligase 1,keep,keep,FALSE,TRUE,NA,NA,4.5,91.8,0.0661764705882353
O94903,PLPBP,Pyridoxal phosphate homeostasis protein,keep,keep,FALSE,TRUE,NA,58000,10.7,13.7,0.018562744246634823
O94905,ERLIN2,Erlin-2,keep,keep,FALSE,TRUE,Intracellular and membrane,NA,0,15.3,0.06394542090656799
O94911,ABCA8,ATP-binding cassette sub-family A member 8,keep,keep,FALSE,TRUE,NA,NA,0,3.1,NA
O94919,ENDOD1,Endonuclease domain-containing 1 protein,keep,keep,FALSE,TRUE,Secreted - unknown location,4800000,7.4,82.4,-0.031914893617021274
O94979,SEC31A,Protein transport protein Sec31A,keep,keep,FALSE,TRUE,NA,40000,5.1,251.3,-0.0824524312896406
O95139,NDUFB6,NADH dehydrogenase [ubiquinone] 1 beta subcomplex subunit 6,keep,keep,FALSE,TRUE,NA,NA,15.9,49.4,-0.11686709836571076
O95140,MFN2,Mitofusin-2,keep,keep,FALSE,TRUE,NA,NA,10.2,84.7,0.08379790940766553
O95167,NDUFA3,NADH dehydrogenase [ubiquinone] 1 alpha subcomplex subunit 3,keep,keep,FALSE,TRUE,NA,NA,15.7,2.4,-0.10038197097020626
O95168,NDUFB4,NADH dehydrogenase [ubiquinone] 1 beta subcomplex subunit 4,keep,keep,FALSE,TRUE,NA,NA,28.4,39.3,0.05492835432045158
O95169,NDUFB8,"NADH dehydrogenase [ubiquinone] 1 beta subcomplex subunit 8, mitochondrial",keep,keep,FALSE,TRUE,NA,NA,8.9,3.4,-0.16940333024976875
O95182,NDUFA7,NADH dehydrogenase [ubiquinone] 1 alpha subcomplex subunit 7,keep,keep,FALSE,TRUE,NA,NA,0,0.1,-0.14817629179331307
O95197,RTN3,Reticulon-3,keep,keep,FALSE,TRUE,NA,41000,17.1,232.9,-0.04904507257448433
O95202,LETM1,Mitochondrial proton/calcium exchanger protein,keep,keep,FALSE,TRUE,NA,6800,3.2,30.9,0.051778656126482206
O95210,STBD1,Starch-binding domain-containing protein 1,keep,keep,FALSE,FALSE,NA,NA,0,3.5,-0.07012592270950933
O95260,ATE1,Arginyl-tRNA--protein transferase 1,keep,keep,FALSE,TRUE,NA,20000,8.1,216.8,NA
O95278,EPM2A,Laforin,keep,keep,FALSE,FALSE,NA,NA,4.1,294,-0.007879924953095687
O95292,VAPB,Vesicle-associated membrane protein-associated protein B/C,keep,keep,FALSE,TRUE,NA,110000,5,81.5,0.026248843663274745
O95295,SNAPIN,SNARE-associated protein Snapin,keep,keep,FALSE,TRUE,NA,16000,1.9,9.1,NA
O95298,NDUFC2,NADH dehydrogenase [ubiquinone] 1 subunit C2,keep,keep,FALSE,TRUE,NA,18000,7,4.1,-0.10453755970473295
O95299,NDUFA10,"NADH dehydrogenase [ubiquinone] 1 alpha subcomplex subunit 10, mitochondrial",keep,keep,FALSE,TRUE,NA,NA,5.9,210.8,-0.06187581415544941
O95336,PGLS,6-phosphogluconolactonase,keep,keep,FALSE,TRUE,NA,3500000,4.9,13.8,0.17770299609205387
O95359,TACC2,Transforming acidic coiled-coil-containing protein 2,keep,keep,FALSE,FALSE,NA,13000,0,1541.2,-0.1278225806451613
O95372,LYPLA2,Acyl-protein thioesterase 2,keep,keep,FALSE,TRUE,NA,59000,0.1,3.4,-0.010429880197322057
O95373,IPO7,Importin-7,keep,keep,FALSE,TRUE,NA,290000,8.4,94.5,0.153276955602537
O95376,ARIH2,E3 ubiquitin-protein ligase ARIH2,keep,keep,FALSE,TRUE,NA,NA,27.7,298.7,0.014698909435751542
O95425,SVIL,Supervillin,keep,keep,FALSE,TRUE,NA,120000,10.7,4264.9,NA
O95433,AHSA1,Activator of 90 kDa heat shock protein ATPase homolog 1,keep,keep,FALSE,TRUE,NA,110000,7.6,14.8,0.12727272727272723
O95479,H6PD,GDH/6PGL endoplasmic bifunctional protein,keep,keep,FALSE,TRUE,Intracellular and membrane,74000000,0.3,140,-0.32586898395721925
O95563,MPC2,Mitochondrial pyruvate carrier 2,keep,keep,FALSE,TRUE,NA,NA,71.7,44.5,-0.18323925314806774
O95571,ETHE1,"Persulfide dioxygenase ETHE1, mitochondrial",keep,keep,FALSE,FALSE,NA,NA,0,13.8,0.04659265861761607
O95573,ACSL3,Long-chain-fatty-acid--CoA ligase 3,keep,keep,FALSE,TRUE,NA,22000,5.3,211.2,0.06057316543638732
O95747,OXSR1,Serine/threonine-protein kinase OSR1,keep,keep,FALSE,TRUE,NA,270000,13.7,80.1,0.14777983348751159
O95782,AP2A1,AP-2 complex subunit alpha-1,keep,keep,FALSE,TRUE,NA,79000,37.5,26,0.3024876428166275
O95810,CAVIN2,Caveolae-associated protein 2,keep,keep,FALSE,TRUE,NA,110000000,5.8,0.2,-0.10407030527289547
O95817,BAG3,BAG family molecular chaperone regulator 3,keep,keep,FALSE,FALSE,NA,200000,0.5,75.1,-0.03745115067303517
O95822,MLYCD,"Malonyl-CoA decarboxylase, mitochondrial",keep,keep,FALSE,TRUE,NA,18000,0,29.5,-0.13460656990068753
O95831,AIFM1,"Apoptosis-inducing factor 1, mitochondrial",keep,keep,FALSE,TRUE,NA,240000,0.6,74.8,-0.35334346504559266
O95834,EML2,Echinoderm microtubule-associated protein-like 2,keep,keep,FALSE,TRUE,NA,1200000,1.7,8.6,-0.11578947368421053
O95861,BPNT1,"3'(2'),5'-bisphosphate nucleotidase 1",keep,keep,FALSE,TRUE,NA,300000,0,20.4,0.06585179526355997
O95865,DDAH2,"N(G),N(G)-dimethylarginine dimethylaminohydrolase 2",keep,keep,FALSE,TRUE,NA,1800000,0.3,0.2,-0.10190985485103131
O95870,ABHD16A,Phosphatidylserine lipase ABHD16A,keep,keep,FALSE,TRUE,NA,16000,0.2,0.1,0.2285714285714285
O95881,TXNDC12,Thioredoxin domain-containing protein 12,keep,keep,FALSE,TRUE,Intracellular and membrane,120000,1.5,15.2,0.1123693379790941
O95989,NUDT3,Diphosphoinositol polyphosphate phosphohydrolase 1,keep,keep,FALSE,TRUE,NA,51000,3.2,49.1,0.1405214940098661
O96000,NDUFB10,NADH dehydrogenase [ubiquinone] 1 beta subcomplex subunit 10,keep,keep,FALSE,TRUE,NA,NA,18.7,20.9,-0.09791576204950066
O96007,MOCS2,Molybdopterin synthase catalytic subunit,keep,keep,FALSE,TRUE,NA,NA,1.5,18.8,0.04912280701754387
O96008,TOMM40,Mitochondrial import receptor subunit TOM40 homolog,keep,keep,FALSE,TRUE,NA,52000,3.2,20.4,-0.07748592870544092
O96033,MOCS2,Molybdopterin synthase sulfur carrier subunit,keep,keep,FALSE,TRUE,NA,NA,1.5,18.8,0.3999999999999999
P00156,MT-CYB,Cytochrome b,keep,keep,FALSE,TRUE,NA,NA,537.7,141.3,-0.27749266862170086
P00167,CYB5A,Cytochrome b5,keep,keep,FALSE,TRUE,NA,1200000,16,6.2,0.1866447728516694
P00325,ADH1B,All-trans-retinol dehydrogenase [NAD(+)] ADH1B,keep,keep,FALSE,FALSE,NA,41000000,0,0.7,0.15831020659882822
P00338,LDHA,L-lactate dehydrogenase A chain,keep,keep,FALSE,TRUE,NA,160000000,0.6,1.3,0.17108119843682154
P00352,ALDH1A1,Retinal dehydrogenase 1,keep,keep,FALSE,TRUE,NA,50000000,8.2,19.4,0.01801997394702562
P00367,GLUD1,"Glutamate dehydrogenase 1, mitochondrial",keep,keep,FALSE,TRUE,NA,8100000,1.6,29.6,-0.15448658649398703
P00387,CYB5R3,NADH-cytochrome b5 reductase 3,keep,keep,FALSE,TRUE,NA,2000000,4,8.1,0.18334780720798957
P00390,GSR,"Glutathione reductase, mitochondrial",keep,keep,FALSE,TRUE,NA,32000000,3.2,28.8,0.24033302497687323
P00395,MT-CO1,Cytochrome c oxidase subunit 1,keep,keep,FALSE,TRUE,NA,NA,1841,144.5,0.02959830866807611
P00403,MT-CO2,Cytochrome c oxidase subunit 2,keep,keep,FALSE,TRUE,NA,440000,910.7,124.2,-0.18313069908814592
P00441,SOD1,Superoxide dismutase [Cu-Zn],keep,keep,FALSE,TRUE,NA,52000000,144.8,22.6,-0.004559270516717325
P00450,CP,Ceruloplasmin,remove: red-cell (blood-tracking + RBC proteome),remove: red-cell (blood-tracking + RBC proteome),TRUE,TRUE,Secreted to blood,240000000000,0,2.3,0.581306990881459
P00488,F13A1,Coagulation factor XIII A chain,remove: plasma,remove: plasma,TRUE,TRUE,Secreted to blood,2500000000,5,1,0.22419354838709682
P00491,PNP,Purine nucleoside phosphorylase,remove: red-cell (blood-tracking + RBC proteome),remove: red-cell (blood-tracking + RBC proteome),TRUE,TRUE,NA,37000000,105.6,0.2,0.6495837187789083
P00492,HPRT1,Hypoxanthine-guanine phosphoribosyltransferase,keep,keep,FALSE,TRUE,NA,5500000,8.2,28.5,0.3306553911205074
P00505,GOT2,"Aspartate aminotransferase, mitochondrial",keep,keep,FALSE,TRUE,NA,1900000,1.6,81.5,-0.0832609639600521
P00558,PGK1,Phosphoglycerate kinase 1,keep,keep,FALSE,TRUE,NA,110000000,10.7,61,-0.013786365610073816
P00568,AK1,Adenylate kinase isoenzyme 1,keep,keep,FALSE,TRUE,NA,10000000,5.2,10.2,0.10312635692574902
P00734,F2,Prothrombin,remove: red-cell (blood-tracking + RBC proteome),remove: red-cell (blood-tracking + RBC proteome),TRUE,TRUE,Secreted to blood,69000000000,0,0.2,0.4637064446500154
P00736,C1R,Complement C1r subcomponent,remove: complement,absent from HPA,TRUE,TRUE,NA,NA,NA,NA,NA
P00738,HP,Haptoglobin,remove: red-cell (blood-tracking + RBC proteome),remove: red-cell (blood-tracking + RBC proteome),TRUE,TRUE,Secreted to blood,260000000000,1.6,0.1,0.5320234476769431
P00739,HPR,Haptoglobin-related protein,remove: plasma,remove: plasma,TRUE,TRUE,Secreted to blood,83000000000,0,1.2,NA
P00747,PLG,Plasminogen,remove: red-cell (blood-tracking + RBC proteome),remove: red-cell (blood-tracking + RBC proteome),TRUE,TRUE,Secreted to blood,72000000000,0,0.3,0.5055673009161381
P00751,CFB,Complement factor B,remove: red-cell (blood-tracking + RBC proteome),remove: red-cell (blood-tracking + RBC proteome),TRUE,TRUE,Secreted to blood,89000000000,0,0,0.6638080764220583
P00846,MT-ATP6,ATP synthase subunit a,keep,keep,FALSE,TRUE,NA,NA,648.2,203.3,-0.20343030829353018
P00915,CA1,Carbonic anhydrase 1,remove: red-cell (blood-tracking + RBC proteome),remove: red-cell (blood-tracking + RBC proteome),TRUE,TRUE,NA,1600000000,3490.6,4.6,0.6657620495006513
P00918,CA2,Carbonic anhydrase 2,remove: red-cell (blood-tracking + RBC proteome),remove: red-cell (blood-tracking + RBC proteome),TRUE,TRUE,NA,270000000,498.3,20.2,0.5645896656534954
P00966,ASS1,Argininosuccinate synthase,keep,keep,FALSE,FALSE,NA,5500000,0,8.6,-0.27043478260869563
P01008,SERPINC1,Antithrombin-III,remove: red-cell (blood-tracking + RBC proteome),remove: red-cell (blood-tracking + RBC proteome),TRUE,TRUE,Secreted to blood,76000000000,0,0.7,0.5563395570994355
P01009,SERPINA1,Alpha-1-antitrypsin,remove: red-cell (blood-tracking + RBC proteome),remove: red-cell (blood-tracking + RBC proteome),TRUE,TRUE,Secreted to blood,230000000000,0.8,0,0.6317846287451151
P01011,SERPINA3,Alpha-1-antichymotrypsin,remove: red-cell (blood-tracking + RBC proteome),remove: red-cell (blood-tracking + RBC proteome),TRUE,TRUE,Secreted to blood,130000000000,0,0,0.5253237742830712
P01019,AGT,Angiotensinogen,remove: red-cell (blood-tracking + RBC proteome),remove: red-cell (blood-tracking + RBC proteome),TRUE,TRUE,Secreted to blood,40000000000,0,6,0.4724791859389454
P01023,A2M,Alpha-2-macroglobulin,remove: red-cell (blood-tracking + RBC proteome),remove: red-cell (blood-tracking + RBC proteome),TRUE,TRUE,Secreted to blood,420000000000,0.3,105.1,0.6470907511940946
P01024,C3,Complement C3,remove: red-cell (blood-tracking + RBC proteome),remove: red-cell (blood-tracking + RBC proteome),TRUE,TRUE,Secreted to blood,370000000000,0,0.7,0.6655449413808077
P01031,C5,Complement C5,remove: red-cell (blood-tracking + RBC proteome),remove: red-cell (blood-tracking + RBC proteome),TRUE,TRUE,Secreted to blood,43000000000,0.2,1.2,0.6578947368421053
P01033,TIMP1,Metalloproteinase inhibitor 1,remove: plasma,remove: plasma,TRUE,FALSE,Secreted to blood,110000000,9.6,0.6,NA
P01034,CST3,Cystatin-C,remove: plasma,remove: plasma,TRUE,TRUE,Secreted to blood,1300000000,11.5,12.8,0.23473389355742302
P01040,CSTA,Cystatin-A,remove: keratin,cystatin-A; cornified envelope,TRUE,TRUE,NA,12000000,7.7,0.1,NA
P01042,KNG1,Kininogen-1,remove: red-cell (blood-tracking + RBC proteome),remove: red-cell (blood-tracking + RBC proteome),TRUE,TRUE,Secreted to blood,49000000000,0,0.1,0.5277520814061055
P01116,KRAS,GTPase KRas,keep,keep,FALSE,TRUE,NA,2200000,10.4,37.1,0.20388809862494073
P01591,JCHAIN,Immunoglobulin J chain,remove: red-cell (blood-tracking + RBC proteome),remove: red-cell (blood-tracking + RBC proteome),TRUE,TRUE,Secreted to blood,2400000000,7.7,1.7,0.5181818181818182
P01593,IGKV1D-33,Immunoglobulin kappa variable 1D-33,remove: immunoglobulin,remove: immunoglobulin,TRUE,TRUE,Immunoglobulin genes,NA,0,0,0.43218475073313783
P01619,IGKV3-20,Immunoglobulin kappa variable 3-20,remove: red-cell (blood-tracking + RBC proteome),remove: red-cell (blood-tracking + RBC proteome),TRUE,TRUE,Immunoglobulin genes,NA,0,0,0.4744897959183674
P01624,IGKV3-15,Immunoglobulin kappa variable 3-15,remove: red-cell (blood-tracking + RBC proteome),remove: red-cell (blood-tracking + RBC proteome),TRUE,TRUE,Immunoglobulin genes,NA,0,0,0.7037559704732956
P01700,IGLV1-47,Immunoglobulin lambda variable 1-47,remove: red-cell (blood-tracking + RBC proteome),remove: red-cell (blood-tracking + RBC proteome),TRUE,TRUE,Immunoglobulin genes,NA,0,0,0.4705882352941176
P01703,IGLV1-40,Immunoglobulin lambda variable 1-40,remove: immunoglobulin,remove: immunoglobulin,TRUE,TRUE,Immunoglobulin genes,NA,0,0,NA
P01706,IGLV2-11,Immunoglobulin lambda variable 2-11,remove: immunoglobulin,remove: immunoglobulin,TRUE,TRUE,Immunoglobulin genes,NA,0.3,0,0.2932330827067669
P01721,IGLV6-57,Immunoglobulin lambda variable 6-57,remove: immunoglobulin,remove: immunoglobulin,TRUE,FALSE,Immunoglobulin genes,NA,0.2,0,NA
P01743,IGHV1-46,Immunoglobulin heavy variable 1-46,remove: immunoglobulin,remove: immunoglobulin,TRUE,TRUE,Immunoglobulin genes,NA,0,0,NA
P01768,IGHV3-30,Immunoglobulin heavy variable 3-30,remove: red-cell (blood-tracking + RBC proteome),remove: red-cell (blood-tracking + RBC proteome),TRUE,TRUE,Immunoglobulin genes,NA,0,0,0.6056022408963586
P01780,IGHV3-7,Immunoglobulin heavy variable 3-7,remove: red-cell (blood-tracking + RBC proteome),remove: red-cell (blood-tracking + RBC proteome),TRUE,TRUE,Immunoglobulin genes,NA,0,0,0.706252713851498
P01834,IGKC,Immunoglobulin kappa constant,remove: immunoglobulin,absent from HPA; constant region,TRUE,TRUE,NA,NA,NA,NA,0.707663916630482
P01857,IGHG1,Immunoglobulin heavy constant gamma 1,remove: red-cell (blood-tracking + RBC proteome),remove: red-cell (blood-tracking + RBC proteome),TRUE,TRUE,Immunoglobulin genes,NA,2.4,0,0.6772687798523664
P01859,IGHG2,Immunoglobulin heavy constant gamma 2,remove: red-cell (blood-tracking + RBC proteome),remove: red-cell (blood-tracking + RBC proteome),TRUE,TRUE,Immunoglobulin genes,NA,7.4,0,0.7847372991749891
P01860,IGHG3,Immunoglobulin heavy constant gamma 3,remove: immunoglobulin,absent from HPA; constant region,TRUE,TRUE,NA,NA,NA,NA,0.5150323774283071
P01861,IGHG4,Immunoglobulin heavy constant gamma 4,remove: red-cell (blood-tracking + RBC proteome),remove: red-cell (blood-tracking + RBC proteome),TRUE,TRUE,Immunoglobulin genes,NA,0,0,0.5455596669750231
P01871,IGHM,Immunoglobulin heavy constant mu,remove: red-cell (blood-tracking + RBC proteome),remove: red-cell (blood-tracking + RBC proteome),TRUE,TRUE,Immunoglobulin genes,NA,0.2,0,0.664025184541902
P01876,IGHA1,Immunoglobulin heavy constant alpha 1,remove: red-cell (blood-tracking + RBC proteome),remove: red-cell (blood-tracking + RBC proteome),TRUE,TRUE,Immunoglobulin genes,NA,0,0,0.5117238384715588
P01877,IGHA2,Immunoglobulin heavy constant alpha 2,remove: immunoglobulin,remove: immunoglobulin,TRUE,TRUE,Immunoglobulin genes,NA,1.5,0,0.36699507389162556
P01880,IGHD,Immunoglobulin heavy constant delta,remove: immunoglobulin,absent from HPA; constant region,TRUE,TRUE,NA,NA,NA,NA,NA
P01889,HLA-B,"HLA class I histocompatibility antigen, B alpha chain",keep,keep,FALSE,TRUE,NA,84000000,1.5,0,0.0608695652173913
P01903,HLA-DRA,"HLA class II histocompatibility antigen, DR alpha chain",keep,keep,FALSE,TRUE,NA,1500000,0.4,0.1,0.1519607843137255
P01911,HLA-DRB1,"HLA class II histocompatibility antigen, DRB1 beta chain",keep,keep,FALSE,TRUE,NA,800000,3.8,0.2,-0.06315789473684211
P02042,HBD,Hemoglobin subunit delta,remove: globin,red-cell carryover,TRUE,TRUE,NA,8700000000,2628.8,0,0.6862787668258793
P02144,MB,Myoglobin,keep,keep,FALSE,TRUE,NA,73000000,0,613.9,0.044398610508033
P02452,COL1A1,Collagen alpha-1(I) chain,keep,keep,FALSE,FALSE,Secreted to extracellular matrix,150000000,0,0.6,NA
P02461,COL3A1,Collagen alpha-1(III) chain,keep,keep,FALSE,FALSE,Secreted to extracellular matrix,30000000,0,1.2,NA
P02462,COL4A1,Collagen alpha-1(IV) chain,keep,keep,FALSE,FALSE,Secreted to extracellular matrix,320000,0,0.9,NA
P02511,CRYAB,Alpha-crystallin B chain,keep,keep,FALSE,FALSE,Intracellular and membrane,510000,0,122.6,0.11311333043855841
P02533,KRT14,"Keratin, type I cytoskeletal 14",remove: keratin,cRAP dust/contact; basal epidermal,TRUE,TRUE,NA,1100000000,0,0,NA
P02538,KRT6A,"Keratin, type II cytoskeletal 6A",remove: keratin,cRAP dust/contact,TRUE,TRUE,NA,1400000000,0,0,NA
P02545,LMNA,Prelamin-A/C,keep,keep,FALSE,TRUE,NA,8000000,30,61.6,0.11019888991674374
P02549,SPTA1,"Spectrin alpha chain, erythrocytic 1",remove: red-cell (blood-tracking + RBC proteome),remove: red-cell (blood-tracking + RBC proteome),TRUE,TRUE,NA,42000000,113.9,0,0.5919661733615222
P02585,TNNC2,"Troponin C, skeletal muscle",keep,keep,FALSE,FALSE,NA,780000,0.2,191.1,0.109965262700825
P02647,APOA1,Apolipoprotein A-I,remove: red-cell (blood-tracking + RBC proteome),remove: red-cell (blood-tracking + RBC proteome),TRUE,TRUE,Secreted to blood,160000000000,0.2,0.1,0.6371037776812853
P02649,APOE,Apolipoprotein E,remove: plasma,remove: plasma,TRUE,TRUE,Secreted to blood,17000000000,3.5,0.7,0.37105263157894736
P02652,APOA2,Apolipoprotein A-II,remove: red-cell (blood-tracking + RBC proteome),remove: red-cell (blood-tracking + RBC proteome),TRUE,TRUE,Secreted to blood,35000000000,0,0,0.5573165436387321
P02655,APOC2,Apolipoprotein C-II,remove: plasma,remove: plasma,TRUE,TRUE,Secreted to blood,8800000000,0,0,0.4252199413489736
P02656,APOC3,Apolipoprotein C-III,remove: red-cell (blood-tracking + RBC proteome),remove: red-cell (blood-tracking + RBC proteome),TRUE,TRUE,Secreted to blood,16000000000,0,0,0.6350412505427703
P02671,FGA,Fibrinogen alpha chain,remove: plasma,remove: plasma,TRUE,TRUE,Secreted to blood,210000000000,0,0,0.3356491532783326
P02675,FGB,Fibrinogen beta chain,remove: red-cell (blood-tracking + RBC proteome),remove: red-cell (blood-tracking + RBC proteome),TRUE,TRUE,Secreted to blood,170000000000,0,0,0.4945652173913044
P02679,FGG,Fibrinogen gamma chain,remove: red-cell (blood-tracking + RBC proteome),remove: red-cell (blood-tracking + RBC proteome),TRUE,TRUE,Secreted to blood,130000000000,0,0,0.48827616152844117
P02730,SLC4A1,Band 3 anion transport protein,remove: red-cell (blood-tracking + RBC proteome),remove: red-cell (blood-tracking + RBC proteome),TRUE,TRUE,NA,41000000,670,0.2,0.6780286582718194
P02743,APCS,Serum amyloid P-component,remove: red-cell (blood-tracking + RBC proteome),remove: red-cell (blood-tracking + RBC proteome),TRUE,TRUE,Secreted to blood,7600000000,0,0,0.6175912754860123
P02745,C1QA,Complement C1q subcomponent subunit A,remove: plasma,remove: plasma,TRUE,TRUE,Secreted to blood,4400000000,0,0,NA
P02746,C1QB,Complement C1q subcomponent subunit B,remove: complement,absent from HPA,TRUE,TRUE,NA,NA,NA,NA,0.6217843459222769
P02747,C1QC,Complement C1q subcomponent subunit C,remove: red-cell (blood-tracking + RBC proteome),remove: red-cell (blood-tracking + RBC proteome),TRUE,TRUE,Secreted to blood,5900000000,2.1,0.1,0.7654700854700854
P02748,C9,Complement component C9,remove: red-cell (blood-tracking + RBC proteome),remove: red-cell (blood-tracking + RBC proteome),TRUE,TRUE,Secreted to blood,28000000000,0,0,0.5165266106442578
P02749,APOH,Beta-2-glycoprotein 1,remove: red-cell (blood-tracking + RBC proteome),remove: red-cell (blood-tracking + RBC proteome),TRUE,TRUE,Secreted to blood,58000000000,0,0.1,0.4660037002775208
P02750,LRG1,Leucine-rich alpha-2-glycoprotein,remove: red-cell (blood-tracking + RBC proteome),remove: red-cell (blood-tracking + RBC proteome),TRUE,TRUE,Secreted to blood,12000000000,0,0,0.4878754171301446
P02751,FN1,Fibronectin,remove: plasma,remove: plasma,TRUE,TRUE,Secreted to blood,84000000000,0,13.1,0.33357771260997066
P02753,RBP4,Retinol-binding protein 4,remove: plasma,remove: plasma,TRUE,TRUE,Secreted to blood,33000000000,0,0.1,0.24324324324324328
P02760,AMBP,Protein AMBP,remove: red-cell (blood-tracking + RBC proteome),remove: red-cell (blood-tracking + RBC proteome),TRUE,TRUE,Secreted to blood,29000000000,0,0.4,0.7017421602787458
P02763,ORM1,Alpha-1-acid glycoprotein 1,remove: red-cell (blood-tracking + RBC proteome),remove: red-cell (blood-tracking + RBC proteome),TRUE,TRUE,Secreted to blood,66000000000,0.1,0,0.6470907511940946
P02765,AHSG,Alpha-2-HS-glycoprotein,remove: red-cell (blood-tracking + RBC proteome),remove: red-cell (blood-tracking + RBC proteome),TRUE,TRUE,Secreted to blood,110000000000,0,0,0.4971775944420321
P02766,TTR,Transthyretin,remove: red-cell (blood-tracking + RBC proteome),remove: red-cell (blood-tracking + RBC proteome),TRUE,TRUE,Secreted to blood,69000000000,0,0,0.4930525401650022
P02768,ALB,Serum albumin,remove: red-cell (blood-tracking + RBC proteome),remove: red-cell (blood-tracking + RBC proteome),TRUE,TRUE,Secreted to blood,NA,0,0,0.6337386018237082
P02774,GC,Vitamin D-binding protein,remove: red-cell (blood-tracking + RBC proteome),remove: red-cell (blood-tracking + RBC proteome),TRUE,TRUE,Secreted to blood,110000000000,0,0.2,0.5049934867564047
P02775,PPBP,Platelet basic protein,remove: plasma,remove: plasma,TRUE,TRUE,Secreted to blood,3800000000,0.1,0,0.3639705882352941
P02776,PF4,Platelet factor 4,remove: plasma,remove: plasma,TRUE,TRUE,Secreted to blood,2800000000,1.9,0,NA
P02786,TFRC,Transferrin receptor protein 1,keep: rescued (muscle-expressed),keep: rescued (muscle-expressed),FALSE,TRUE,Secreted to blood,140000000,278.2,169.4,0.1932129173508484
P02787,TF,Serotransferrin,remove: red-cell (blood-tracking + RBC proteome),remove: red-cell (blood-tracking + RBC proteome),TRUE,TRUE,Secreted to blood,250000000000,0,0.3,0.6494789405123751
P02788,LTF,Lactotransferrin,remove: plasma,remove: plasma,TRUE,TRUE,Secreted to blood,470000000,15.2,3,0.37922077922077924
P02790,HPX,Hemopexin,remove: red-cell (blood-tracking + RBC proteome),remove: red-cell (blood-tracking + RBC proteome),TRUE,TRUE,Secreted to blood,270000000000,0,0.3,0.5297438124185845
P02792,FTL,Ferritin light chain,keep,keep,FALSE,TRUE,NA,38000000,1096,16.3,-0.1191923577941815
P02794,FTH1,Ferritin heavy chain,keep,keep,FALSE,TRUE,NA,2800000,1823.5,22.5,-0.26541467650890144
P03886,MT-ND1,NADH-ubiquinone oxidoreductase chain 1,keep,keep,FALSE,TRUE,NA,NA,367.3,44.7,-0.012488436632747457
P03891,MT-ND2,NADH-ubiquinone oxidoreductase chain 2,keep,keep,FALSE,FALSE,NA,NA,279.3,41.2,-0.05373425966131133
P03897,MT-ND3,NADH-ubiquinone oxidoreductase chain 3,keep,keep,FALSE,TRUE,NA,NA,565.3,104.5,-0.056882327399044724
P03905,MT-ND4,NADH-ubiquinone oxidoreductase chain 4,keep,keep,FALSE,TRUE,NA,NA,442,71,-0.17064446500154176
P03915,MT-ND5,NADH-ubiquinone oxidoreductase chain 5,keep,keep,FALSE,TRUE,NA,NA,146.6,28.6,-0.10692574902301347
P03928,MT-ATP8,ATP synthase protein 8,keep,keep,FALSE,TRUE,NA,NA,33.2,0.9,-0.15040485829959516
P03952,KLKB1,Plasma kallikrein,remove: red-cell (blood-tracking + RBC proteome),remove: red-cell (blood-tracking + RBC proteome),TRUE,TRUE,Secreted to blood,12000000000,0,0.3,0.6176470588235293
P04003,C4BPA,C4b-binding protein alpha chain,remove: plasma,remove: plasma,TRUE,TRUE,Secreted to blood,40000000000,0,15.6,0.447783251231527
P04004,VTN,Vitronectin,remove: red-cell (blood-tracking + RBC proteome),remove: red-cell (blood-tracking + RBC proteome),TRUE,TRUE,Secreted to blood,46000000000,0,0.4,0.5924880590534086
P04040,CAT,Catalase,remove: red-cell (blood-tracking + RBC proteome),remove: red-cell (blood-tracking + RBC proteome),TRUE,TRUE,NA,320000000,155,158.9,0.6874728614850195
P04049,RAF1,RAF proto-oncogene serine/threonine-protein kinase,keep,keep,FALSE,FALSE,NA,NA,15.6,292.1,NA
P04066,FUCA1,Tissue alpha-L-fucosidase,keep,keep,FALSE,TRUE,Intracellular and membrane,40000000,5.9,14.3,NA
P04075,ALDOA,Fructose-bisphosphate aldolase A,keep,keep,FALSE,TRUE,NA,310000000,0.2,1.1,0.07577073382544508
P04080,CSTB,Cystatin-B,keep,keep,FALSE,TRUE,NA,6000000,8.7,5.5,0.11745549283543204
P04083,ANXA1,Annexin A1,remove: plasma,remove: plasma,TRUE,TRUE,Secreted to blood,24000000,13.9,2.6,0.2783326096396005
P04114,APOB,Apolipoprotein B-100,remove: red-cell (blood-tracking + RBC proteome),remove: red-cell (blood-tracking + RBC proteome),TRUE,TRUE,Secreted to blood,250000000000,0,3.9,0.6740286771507863
P04179,SOD2,"Superoxide dismutase [Mn], mitochondrial",keep,keep,FALSE,TRUE,NA,25000000,60,186.5,-0.00705601389491967
P04196,HRG,Histidine-rich glycoprotein,remove: plasma,remove: plasma,TRUE,TRUE,Secreted to blood,43000000000,0,0,0.37846901017576323
P04211,IGLV7-43,Immunoglobulin lambda variable 7-43,remove: immunoglobulin,remove: immunoglobulin,TRUE,TRUE,Immunoglobulin genes,NA,0,0,NA
P04216,THY1,Thy-1 membrane glycoprotein,keep,keep,FALSE,TRUE,NA,1200000,0,0.3,0.06692307692307693
P04217,A1BG,Alpha-1B-glycoprotein,remove: red-cell (blood-tracking + RBC proteome),remove: red-cell (blood-tracking + RBC proteome),TRUE,TRUE,Secreted to blood,88000000000,0,0,0.592622571692877
P04233,CD74,HLA class II histocompatibility antigen gamma chain,remove: plasma,remove: plasma,TRUE,TRUE,Secreted to blood,120000,15.7,0.6,NA
P04259,KRT6B,"Keratin, type II cytoskeletal 6B",remove: keratin,cRAP dust/contact,TRUE,TRUE,NA,1600000000,0,0,NA
P04264,KRT1,"Keratin, type II cytoskeletal 1",remove: keratin,cRAP dust/contact; cornified epidermal,TRUE,TRUE,NA,10000000000,62.8,0,0.13493269648284847
P04271,S100B,Protein S100-B,keep,keep,FALSE,TRUE,Secreted - unknown location,140000,0.1,0,NA
P04350,TUBB4A,Tubulin beta-4A chain,keep,keep,FALSE,FALSE,NA,100000000,0,0.1,NA
P04406,GAPDH,Glyceraldehyde-3-phosphate dehydrogenase,keep,keep,FALSE,TRUE,NA,810000000,56.8,70.7,0.07511940946591403
P04433,IGKV3-11,Immunoglobulin kappa variable 3-11,remove: red-cell (blood-tracking + RBC proteome),remove: red-cell (blood-tracking + RBC proteome),TRUE,TRUE,Immunoglobulin genes,NA,0,0,0.6849894291754757
P04439,HLA-A,"HLA class I histocompatibility antigen, A alpha chain",keep,keep,FALSE,TRUE,NA,67000000,17.3,1.7,0.050262102991057656
P04632,CAPNS1,Calpain small subunit 1,keep,keep,FALSE,TRUE,NA,5800000,13.6,19.3,0.2048415110725141
P04792,HSPB1,Heat shock protein beta-1,keep,keep,FALSE,TRUE,NA,25000000,7,77.5,-0.18541033434650456
P04839,CYBB,Cytochrome b-245 heavy chain,keep,keep,FALSE,FALSE,NA,NA,6.1,2.6,NA
P04843,RPN1,Dolichyl-diphosphooligosaccharide--protein glycosyltransferase subunit 1,keep,keep,FALSE,TRUE,NA,460000,7,24.7,0.2122231871471993
P04844,RPN2,Dolichyl-diphosphooligosaccharide--protein glycosyltransferase subunit 2,keep,keep,FALSE,TRUE,NA,1300000,5.5,56.8,0.07501085540599219
P04899,GNAI2,Guanine nucleotide-binding protein G(i) subunit alpha-2,keep,keep,FALSE,TRUE,NA,7300000,7.9,4,0.2764871906209292
P04921,GYPC,Glycophorin-C,keep,keep,FALSE,TRUE,NA,760000,882.7,39.8,0.4270435446906035
P05023,ATP1A1,Sodium/potassium-transporting ATPase subunit alpha-1,keep,keep,FALSE,TRUE,NA,780000,17.8,25.5,-0.15675206252713852
P05026,ATP1B1,Sodium/potassium-transporting ATPase subunit beta-1,keep,keep,FALSE,TRUE,NA,710000,0,786.6,-0.19594007815892314
P05062,ALDOB,Fructose-bisphosphate aldolase B,keep,keep,FALSE,TRUE,NA,290000000,0,4.6,NA
P05090,APOD,Apolipoprotein D,remove: red-cell (blood-tracking + RBC proteome),remove: red-cell (blood-tracking + RBC proteome),TRUE,TRUE,Secreted to blood,6300000000,0,2,0.5881801125703566
P05091,ALDH2,"Aldehyde dehydrogenase, mitochondrial",keep,keep,FALSE,FALSE,NA,3200000,1.6,37.5,0.23317412071211463
P05107,ITGB2,Integrin beta-2,keep,keep,FALSE,TRUE,NA,5100000,10.1,0.2,NA
P05109,S100A8,Protein S100-A8,remove: red-cell (blood-tracking + RBC proteome),remove: red-cell (blood-tracking + RBC proteome),TRUE,TRUE,Secreted to blood,300000000,237.2,0.1,0.5929222752930959
P05141,SLC25A5,ADP/ATP translocase 2,keep,keep,FALSE,TRUE,NA,2000000,13.9,11.6,-0.08043855840208423
P05155,SERPING1,Plasma protease C1 inhibitor,remove: red-cell (blood-tracking + RBC proteome),remove: red-cell (blood-tracking + RBC proteome),TRUE,TRUE,Secreted to blood,48000000000,0,0.7,0.5005781683626271
P05156,CFI,Complement factor I,remove: plasma,remove: plasma,TRUE,FALSE,Secreted to blood,19000000000,0,0,0.6657255787690572
P05164,MPO,Myeloperoxidase,keep,keep,FALSE,FALSE,Intracellular and membrane,81000000,40,0.5,NA
P05165,PCCA,"Propionyl-CoA carboxylase alpha chain, mitochondrial",keep,keep,FALSE,FALSE,NA,300000,2.2,317.1,-0.16672473867595822
P05166,PCCB,"Propionyl-CoA carboxylase beta chain, mitochondrial",keep,keep,FALSE,FALSE,NA,280000,10.7,112.9,-0.18550724637681157
P05198,EIF2S1,Eukaryotic translation initiation factor 2 subunit 1,keep,keep,FALSE,TRUE,NA,160000,17.9,40.5,0.14743293246993525
P05386,RPLP1,60S acidic ribosomal protein P1,keep,keep,FALSE,TRUE,NA,4300000,956.2,64.6,0.2367564046895354
P05387,RPLP2,60S acidic ribosomal protein P2,keep,keep,FALSE,TRUE,NA,3200000,579.5,29.4,0.17943986105080328
P05388,RPLP0,60S acidic ribosomal protein P0,keep,keep,FALSE,TRUE,NA,1200000,280.4,24.3,0.19257490230134605
P05413,FABP3,"Fatty acid-binding protein, heart",keep,keep,FALSE,FALSE,NA,5600000,0.6,114.5,0.05069474598349978
P05452,CLEC3B,Tetranectin,remove: plasma,remove: plasma,TRUE,FALSE,Secreted to blood,6600000000,0,0.2,0.052709359605911325
P05455,SSB,Lupus La protein,keep,keep,FALSE,TRUE,NA,90000,22.3,28.9,-0.06732348111658455
P05543,SERPINA7,Thyroxine-binding globulin,remove: plasma,remove: plasma,TRUE,TRUE,Secreted to blood,8600000000,0,0,0.37192982456140355
P05546,SERPIND1,Heparin cofactor 2,remove: red-cell (blood-tracking + RBC proteome),remove: red-cell (blood-tracking + RBC proteome),TRUE,TRUE,Secreted to blood,24000000000,0,3.5,0.5019704433497536
P05556,ITGB1,Integrin beta-1,keep,keep,FALSE,TRUE,NA,69000000,9.9,117.2,0.04810360777058279
P05787,KRT8,"Keratin, type II cytoskeletal 8",remove: keratin,"simple-epithelial, but Spearman +0.78 with the KRT1/2/10 load across samples",TRUE,FALSE,NA,280000000,0,0.4,0.14109311740890687
P05976,MYL1,"Myosin light chain 1/3, skeletal muscle isoform",keep,keep,FALSE,FALSE,NA,10000000,0,678.6,0.19941380807642206
P06132,UROD,Uroporphyrinogen decarboxylase,keep,keep,FALSE,TRUE,NA,2400000,140.1,9.1,0.12351778656126482
P06312,IGKV4-1,Immunoglobulin kappa variable 4-1,remove: red-cell (blood-tracking + RBC proteome),remove: red-cell (blood-tracking + RBC proteome),TRUE,TRUE,Immunoglobulin genes,NA,0.5,0,0.6036669213139801
P06331,IGHV4-34,Immunoglobulin heavy variable 4-34,remove: red-cell (blood-tracking + RBC proteome),remove: red-cell (blood-tracking + RBC proteome),TRUE,TRUE,Immunoglobulin genes,NA,0,0,0.5115468762661048
P06396,GSN,Gelsolin,remove: plasma,remove: plasma,TRUE,TRUE,Secreted to blood,48000000000,4,26,0.3021059487624837
P06576,ATP5F1B,"ATP synthase subunit beta, mitochondrial",keep,keep,FALSE,TRUE,NA,22000000,77.1,64.4,-0.23263135041250543
P06681,C2,Complement C2,remove: plasma,remove: plasma,TRUE,TRUE,Secreted to blood,14000000000,0,0,NA
P06702,S100A9,Protein S100-A9,remove: red-cell (blood-tracking + RBC proteome),remove: red-cell (blood-tracking + RBC proteome),TRUE,TRUE,Secreted to blood,1100000000,283.3,0.1,0.5803885291396854
P06703,S100A6,Protein S100-A6,keep,keep,FALSE,TRUE,NA,38000000,118.9,4.7,0.06610942249240122
P06727,APOA4,Apolipoprotein A-IV,remove: plasma,remove: plasma,TRUE,TRUE,Secreted to blood,53000000000,0,0,0.39947894051237515
P06730,EIF4E,Eukaryotic translation initiation factor 4E,keep,keep,FALSE,TRUE,NA,160000,20.2,92,0.01856305889608387
P06732,CKM,Creatine kinase M-type,keep,keep,FALSE,FALSE,NA,87000000,0,773.6,0.016174554928354318
P06733,ENO1,Alpha-enolase,keep,keep,FALSE,TRUE,NA,280000000,11.9,20.2,0.16087711680416847
P06737,PYGL,"Glycogen phosphorylase, liver form",keep,keep,FALSE,TRUE,NA,21000000,6.1,0.9,-0.2177382053654024
P06744,GPI,Glucose-6-phosphate isomerase,keep: rescued (muscle-expressed),keep: rescued (muscle-expressed),FALSE,TRUE,Secreted to blood,58000000,0.2,43.1,0.007490230134607034
P06748,NPM1,Nucleophosmin,keep,keep,FALSE,TRUE,NA,2300000,45.3,22.1,0.28973078593139384
P06753,TPM3,Tropomyosin alpha-3 chain,keep,keep,FALSE,TRUE,NA,170000000,26.1,2480.5,0.14307425097698653
P07099,EPHX1,Epoxide hydrolase 1,keep,keep,FALSE,TRUE,NA,300000,0,48.1,-0.11712983065566653
P07108,DBI,Acyl-CoA-binding protein,keep,keep,FALSE,TRUE,NA,11000000,3.9,5.4,-0.11550151975683891
P07195,LDHB,L-lactate dehydrogenase B chain,keep,keep,FALSE,TRUE,NA,390000000,3,1.8,0.13026487190620928
P07203,GPX1,Glutathione peroxidase 1,keep,keep,FALSE,TRUE,NA,2900000,4,0,0.2394696268886833
P07205,PGK2,Phosphoglycerate kinase 2,keep,keep,FALSE,TRUE,NA,NA,0,0,0.0388663967611336
P07225,PROS1,Vitamin K-dependent protein S,remove: plasma,remove: plasma,TRUE,TRUE,Secreted to blood,13000000000,2,0.7,NA
P07237,P4HB,Protein disulfide-isomerase,keep,keep,FALSE,TRUE,Intracellular and membrane,72000000,22.1,53.5,0.08478072079895788
P07305,H1-0,Histone H1.0,keep,keep,FALSE,FALSE,NA,310000,106.9,9.1,0.06478405315614617
P07339,CTSD,Cathepsin D,remove: plasma,remove: plasma,TRUE,FALSE,Secreted to blood,140000000,0.3,0.2,0.06534954407294832
P07355,ANXA2,Annexin A2,keep: rescued (muscle-expressed),keep: rescued (muscle-expressed),FALSE,TRUE,Secreted to blood,25000000,2.8,40.2,0.021819366044290054
P07357,C8A,Complement component C8 alpha chain,remove: plasma,remove: plasma,TRUE,TRUE,Secreted to blood,15000000000,0,0,NA
P07358,C8B,Complement component C8 beta chain,remove: red-cell (blood-tracking + RBC proteome),remove: red-cell (blood-tracking + RBC proteome),TRUE,TRUE,Secreted to blood,15000000000,0,0,0.456140350877193
P07360,C8G,Complement component C8 gamma chain,remove: red-cell (blood-tracking + RBC proteome),remove: red-cell (blood-tracking + RBC proteome),TRUE,TRUE,Secreted to blood,5500000000,0,1.4,0.49143492769744157
P07384,CAPN1,Calpain-1 catalytic subunit,keep,keep,FALSE,TRUE,NA,14000000,13.5,31.1,0.11137646547980894
P07437,TUBB,Tubulin beta chain,keep,keep,FALSE,TRUE,NA,160000000,1.5,0,-0.06111593573599653
P07451,CA3,Carbonic anhydrase 3,keep,keep,FALSE,TRUE,NA,30000000,52.6,590.4,0.04233608336951802
P07585,DCN,Decorin,keep,keep,FALSE,FALSE,Secreted to extracellular matrix,28000000,0,4.1,-0.06404689535388623
P07602,PSAP,Prosaposin,keep,keep,FALSE,TRUE,Intracellular and membrane,44000000,29.6,78.3,-0.1041859389454209
P07737,PFN1,Profilin-1,keep,keep,FALSE,TRUE,NA,590000000,64.4,3.1,0.2769214068606166
P07738,BPGM,Bisphosphoglycerate mutase,remove: red-cell (blood-tracking + RBC proteome),remove: red-cell (blood-tracking + RBC proteome),TRUE,TRUE,NA,28000000,313,9.9,0.6328701693443335
P07741,APRT,Adenine phosphoribosyltransferase,keep,keep,FALSE,TRUE,NA,1200000,15.6,3.6,0.12689969604863222
P07814,EPRS1,Bifunctional glutamate/proline--tRNA ligase,keep,keep,FALSE,TRUE,NA,610000,29.5,58.4,-0.27590194264569845
P07858,CTSB,Cathepsin B,remove: plasma,remove: plasma,TRUE,TRUE,Secreted to blood,42000000,16.6,6.1,0.03186348535185744
P07900,HSP90AA1,Heat shock protein HSP 90-alpha,keep,keep,FALSE,TRUE,NA,110000000,300.7,46.1,0.21765089014329134
P07910,HNRNPC,Heterogeneous nuclear ribonucleoproteins C1/C2,keep,keep,FALSE,TRUE,NA,1200000,43,405.1,0.33830645161290324
P07919,UQCRH,"Cytochrome b-c1 complex subunit 6, mitochondrial",keep,keep,FALSE,TRUE,NA,NA,42.2,106.9,-0.30200431699044095
P07942,LAMB1,Laminin subunit beta-1,keep,keep,FALSE,FALSE,Secreted to extracellular matrix,82000000,0,36.7,NA
P07951,TPM2,Tropomyosin beta chain,keep,keep,FALSE,TRUE,NA,160000000,1.5,404.1,0.07153712548849327
P07954,FH,"Fumarate hydratase, mitochondrial",keep,keep,FALSE,TRUE,NA,2300000,10.9,23,-0.037668258792878856
P07996,THBS1,Thrombospondin-1,keep,keep,FALSE,TRUE,Secreted to extracellular matrix,5200000000,1.5,2.1,NA
P08123,COL1A2,Collagen alpha-2(I) chain,keep,keep,FALSE,FALSE,Secreted to extracellular matrix,28000000,0,1.2,0.09740259740259741
P08133,ANXA6,Annexin A6,keep,keep,FALSE,TRUE,NA,1600000,0.2,42.8,0.05753365175857577
P08185,SERPINA6,Corticosteroid-binding globulin,remove: red-cell (blood-tracking + RBC proteome),remove: red-cell (blood-tracking + RBC proteome),TRUE,TRUE,Secreted to blood,10000000000,0,0,0.45384615384615384
P08237,PFKM,"ATP-dependent 6-phosphofructokinase, muscle type",keep,keep,FALSE,TRUE,NA,240000,4.7,175.1,0.14079461571862786
P08238,HSP90AB1,Heat shock protein HSP 90-beta,keep,keep,FALSE,TRUE,Intracellular and membrane,96000000,63.9,41.2,0.35182370820668696
P08246,ELANE,Neutrophil elastase,remove: plasma,remove: plasma,TRUE,TRUE,Secreted to blood,3000000,5.9,0,NA
P08294,SOD3,Extracellular superoxide dismutase [Cu-Zn],remove: plasma,remove: plasma,TRUE,FALSE,Secreted to blood,180000000,0,0.2,-0.017379679144385027
P08311,CTSG,Cathepsin G,keep,keep,FALSE,FALSE,Intracellular and membrane,3200000,1.5,0.1,NA
P08397,HMBS,Porphobilinogen deaminase,keep,keep,FALSE,TRUE,NA,5100000,181.6,3.2,0.19504643962848298
P08473,MME,Neprilysin,keep,keep,FALSE,FALSE,NA,470000,1.2,83.6,0.06461538461538462
P08514,ITGA2B,Integrin alpha-IIb,keep,keep,FALSE,TRUE,NA,150000000,6,1.4,NA
P08519,LPA,Apolipoprotein(a),remove: plasma,remove: plasma,TRUE,FALSE,Secreted to blood,12000000000,0,0.4,NA
P08559,PDHA1,"Pyruvate dehydrogenase E1 component subunit alpha, somatic form, mitochondrial",keep,keep,FALSE,TRUE,NA,37000,12.1,44.8,-0.3010204081632653
P08571,CD14,Monocyte differentiation antigen CD14,remove: plasma,remove: plasma,TRUE,TRUE,Secreted to blood,2300000000,1.7,0.1,NA
P08572,COL4A2,Collagen alpha-2(IV) chain,keep,keep,FALSE,FALSE,Secreted to extracellular matrix,2400000,0,1.2,0.21370967741935487
P08574,CYC1,"Cytochrome c1, heme protein, mitochondrial",keep,keep,FALSE,TRUE,NA,76000,11.6,16.8,-0.15067303517151542
P08575,PTPRC,Receptor-type tyrosine-protein phosphatase C,keep,keep,FALSE,TRUE,Intracellular and membrane,6800000,9.9,0.5,NA
P08590,MYL3,Myosin light chain 3,keep,keep,FALSE,FALSE,NA,7100000,0,729.5,0.17737733391228833
P08603,CFH,Complement factor H,remove: red-cell (blood-tracking + RBC proteome),remove: red-cell (blood-tracking + RBC proteome),TRUE,TRUE,Secreted to blood,130000000000,0,0.1,0.6181776133209991
P08670,VIM,Vimentin,keep,keep,FALSE,TRUE,NA,37000000,23.7,3.3,0.3125271385149805
P08697,SERPINF2,Alpha-2-antiplasmin,remove: red-cell (blood-tracking + RBC proteome),remove: red-cell (blood-tracking + RBC proteome),TRUE,TRUE,Secreted to blood,31000000000,0,0.3,0.5436974789915967
P08708,RPS17,40S ribosomal protein S17,keep,keep,FALSE,TRUE,NA,250000,38,0.9,0.2515032377428307
P08727,KRT19,"Keratin, type I cytoskeletal 19",keep,keep,FALSE,TRUE,NA,140000000,0,0.2,NA
P08758,ANXA5,Annexin A5,keep,keep,FALSE,TRUE,NA,5400000,7.6,17.4,0.09596178897090751
P08779,KRT16,"Keratin, type I cytoskeletal 16",remove: keratin,cRAP dust/contact,TRUE,TRUE,NA,950000000,0,0,NA
P08865,RPSA,40S ribosomal protein SA,keep,keep,FALSE,TRUE,NA,750000,181.1,40.1,0.036077705827937095
P08962,CD63,CD63 antigen,keep,keep,FALSE,TRUE,Intracellular and membrane,NA,16.1,16,0.09250136836343732
P09104,ENO2,Gamma-enolase,keep,keep,FALSE,TRUE,NA,47000000,0.1,0.5,-0.077181936604429
P09105,HBQ1,Hemoglobin subunit theta-1,remove: globin,red-cell carryover,TRUE,TRUE,NA,120000,221.7,0,0.6416361416361415
P09110,ACAA1,"3-ketoacyl-CoA thiolase, peroxisomal",keep,keep,FALSE,FALSE,NA,2300000,2.7,19.5,-0.3233449477351917
P09211,GSTP1,Glutathione S-transferase P,keep,keep,FALSE,TRUE,NA,40000000,24.5,10.7,0.04667824576639166
P09382,LGALS1,Galectin-1,remove: plasma,remove: plasma,TRUE,TRUE,Secreted to blood,14000000,11,7.2,-0.01302648719062093
P09417,QDPR,Dihydropteridine reductase,keep,keep,FALSE,TRUE,NA,2500000,1.7,32.2,0.04895788102475033
P09429,HMGB1,High mobility group protein B1,keep: rescued (muscle-expressed),keep: rescued (muscle-expressed),FALSE,TRUE,Secreted to blood,1500000,136.6,362.3,0.09401017576318224
P09455,RBP1,Retinol-binding protein 1,keep,keep,FALSE,FALSE,NA,19000,0,1.9,NA
P09467,FBP1,"Fructose-1,6-bisphosphatase 1",keep,keep,FALSE,FALSE,NA,18000000,1.7,0.2,0.16361393771199506
P09488,GSTM1,Glutathione S-transferase Mu 1,keep,keep,FALSE,TRUE,NA,NA,0,0.1,0.10246652572233968
P09493,TPM1,Tropomyosin alpha-1 chain,keep,keep,FALSE,TRUE,NA,130000000,15.8,287.5,0.14698219713417282
P09497,CLTB,Clathrin light chain B,keep,keep,FALSE,TRUE,NA,12000,13.7,41,0.22617302052785923
P09525,ANXA4,Annexin A4,keep,keep,FALSE,TRUE,NA,820000,1.8,176.5,0.14144594007815892
P09543,CNP,"2',3'-cyclic-nucleotide 3'-phosphodiesterase",keep,keep,FALSE,TRUE,NA,38000,4.9,6.1,NA
P09601,HMOX1,Heme oxygenase 1,keep,keep,FALSE,TRUE,NA,58000,5.8,6.3,NA
P09622,DLD,"Dihydrolipoyl dehydrogenase, mitochondrial",keep,keep,FALSE,TRUE,NA,8900000,3.7,65.5,-0.05623100303951368
P09651,HNRNPA1,Heterogeneous nuclear ribonucleoprotein A1,keep,keep,FALSE,TRUE,NA,4600000,34,17.4,0.2119642306506321
P09669,COX6C,Cytochrome c oxidase subunit 6C,keep,keep,FALSE,TRUE,NA,67000,31.8,58.2,-0.05807642205818497
P09871,C1S,Complement C1s subcomponent,remove: plasma,remove: plasma,TRUE,TRUE,Secreted to blood,27000000000,0.3,89,0.33214285714285713
P09874,PARP1,Poly [ADP-ribose] polymerase 1,keep,keep,FALSE,TRUE,NA,120000,9.4,23.9,-0.03506493506493507
P09936,UCHL1,Ubiquitin carboxyl-terminal hydrolase isozyme L1,keep,keep,FALSE,TRUE,NA,80000,0,1,-0.12809379070777246
P09960,LTA4H,Leukotriene A-4 hydrolase,keep,keep,FALSE,TRUE,NA,62000000,4.2,18.3,0.2042987407729049
P09972,ALDOC,Fructose-bisphosphate aldolase C,keep,keep,FALSE,TRUE,NA,56000000,0,0,-0.04764107308048104
P0C0L4,C4A,Complement C4-A,remove: plasma,remove: plasma,TRUE,TRUE,Secreted to blood,230000000000,0,0,NA
P0C0L5,C4B,Complement C4-B,remove: red-cell (blood-tracking + RBC proteome),remove: red-cell (blood-tracking + RBC proteome),TRUE,TRUE,Secreted to blood,230000000000,0,0,0.5897742075553626
P0CG29,GSTT2,Glutathione S-transferase theta-2,keep,keep,FALSE,FALSE,NA,NA,NA,NA,0.4453201970443349
P0CG38,POTEI,POTE ankyrin domain family member I,keep,keep,FALSE,TRUE,NA,810000000,0,0,0.12171549380851707
P0CW19,LIMS3,LIM and senescent cell antigen-like-containing domain protein 3,keep,keep,FALSE,FALSE,NA,NA,0,0,-0.11033724340175953
P0DJI8,SAA1,Serum amyloid A-1 protein,remove: plasma,remove: plasma,TRUE,FALSE,Secreted to blood,10000000000,0,1.2,NA
P0DMV8,HSPA1A,Heat shock 70 kDa protein 1A,keep,keep,FALSE,TRUE,Intracellular and membrane,100000000,0.3,0,0.14947894051237515
P0DOY2,IGLC2,Immunoglobulin lambda constant 2,remove: red-cell (blood-tracking + RBC proteome),remove: red-cell (blood-tracking + RBC proteome),TRUE,TRUE,Immunoglobulin genes,NA,2864.8,0,0.6189752496743378
P0DP23,CALM1,Calmodulin-1,keep,keep,FALSE,TRUE,NA,67000000,33.9,132.7,0.1969170646982197
P0DPH7,TUBA3C,Tubulin alpha-3C chain,keep,keep,FALSE,FALSE,NA,NA,0,0,-0.09930313588850176
P10155,RO60,60 kDa SS-A/Ro ribonucleoprotein,keep,keep,FALSE,TRUE,NA,65000,17.4,71.2,-0.22119658119658117
P10253,GAA,Lysosomal alpha-glucosidase,keep,keep,FALSE,FALSE,NA,5200000,0.4,23.3,-0.14074297795228027
P10301,RRAS,Ras-related protein R-Ras,keep,keep,FALSE,TRUE,NA,150000,0.2,1.1,0.07924761023743447
P10321,HLA-C,"HLA class I histocompatibility antigen, C alpha chain",keep,keep,FALSE,TRUE,Intracellular and membrane,80000000,3.3,0.1,-0.18928571428571425
P10412,H1-4,Histone H1.4,keep,keep,FALSE,FALSE,NA,24000000,56.5,1.8,0.374294398610508
P10515,DLAT,"Dihydrolipoyllysine-residue acetyltransferase component of pyruvate dehydrogenase complex, mitochondrial",keep,keep,FALSE,TRUE,NA,16000,1.5,75.1,-0.18931828050369082
P10599,TXN,Thioredoxin,keep,keep,FALSE,TRUE,Intracellular and membrane,33000000,56.7,9.6,0.28321754233608337
P10606,COX5B,"Cytochrome c oxidase subunit 5B, mitochondrial",keep,keep,FALSE,TRUE,NA,370000,47.5,56.8,-0.13417281806339557
P10620,MGST1,Microsomal glutathione S-transferase 1,keep,keep,FALSE,TRUE,NA,34000,4,2,NA
P10636,MAPT,Microtubule-associated protein tau,keep: rescued (muscle-expressed),keep: rescued (muscle-expressed),FALSE,FALSE,Secreted to blood,82000,0,23.4,-0.014003473729917499
P10643,C7,Complement component C7,remove: plasma,remove: plasma,TRUE,TRUE,Secreted to blood,18000000000,0,0.3,NA
P10644,PRKAR1A,cAMP-dependent protein kinase type I-alpha regulatory subunit,keep,keep,FALSE,TRUE,NA,2100000,2.7,34.5,0.0467867998263135
P10768,ESD,S-formylglutathione hydrolase,keep,keep,FALSE,TRUE,NA,8100000,10.8,41,0.15892314372557534
P10809,HSPD1,"60 kDa heat shock protein, mitochondrial",keep,keep,FALSE,TRUE,NA,66000000,18.9,71.8,-0.0018454190186712985
P10909,CLU,Clusterin,remove: red-cell (blood-tracking + RBC proteome),remove: red-cell (blood-tracking + RBC proteome),TRUE,TRUE,Secreted to blood,48000000000,7.4,1.5,0.6600086843247938
P10916,MYL2,"Myosin regulatory light chain 2, ventricular/cardiac muscle isoform",keep,keep,FALSE,FALSE,NA,110000,0,879.8,0.1694528875379939
P11021,HSPA5,Endoplasmic reticulum chaperone BiP,keep,keep,FALSE,TRUE,Intracellular and membrane,540000000,21.8,20.4,0.06610942249240122
P11047,LAMC1,Laminin subunit gamma-1,keep,keep,FALSE,TRUE,Secreted to extracellular matrix,40000000,0,190.9,-0.17503217503217505
P11055,MYH3,Myosin-3,keep,keep,FALSE,TRUE,NA,6200000,0,50,-0.005405405405405406
P11142,HSPA8,Heat shock cognate 71 kDa protein,keep,keep,FALSE,TRUE,NA,210000000,51.2,22.4,0.23382544507164568
P11166,SLC2A1,"Solute carrier family 2, facilitated glucose transporter member 1",remove: red-cell (blood-tracking + RBC proteome),remove: red-cell (blood-tracking + RBC proteome),TRUE,TRUE,NA,2500000,196.8,0.1,0.47957839262187085
P11171,EPB41,Protein 4.1,remove: red-cell (blood-tracking + RBC proteome),remove: red-cell (blood-tracking + RBC proteome),TRUE,TRUE,NA,7000000,447.9,294.9,0.48588709677419356
P11177,PDHB,"Pyruvate dehydrogenase E1 component subunit beta, mitochondrial",keep,keep,FALSE,TRUE,NA,26000,4,17.3,-0.28115501519756836
P11182,DBT,"Lipoamide acyltransferase component of branched-chain alpha-keto acid dehydrogenase complex, mitochondrial",keep,keep,FALSE,TRUE,NA,NA,1.5,55.7,-0.11733615221987316
P11215,ITGAM,Integrin alpha-M,keep,keep,FALSE,TRUE,NA,730000,13.5,1.9,NA
P11216,PYGB,"Glycogen phosphorylase, brain form",keep,keep,FALSE,TRUE,NA,7500000,1.9,7.9,-0.23219713417281806
P11217,PYGM,"Glycogen phosphorylase, muscle form",keep,keep,FALSE,FALSE,NA,6000000,0,357.6,-0.07870169344333477
P11233,RALA,Ras-related protein Ral-A,keep,keep,FALSE,TRUE,NA,NA,1.9,69.3,0.0372859025032938
P11234,RALB,Ras-related protein Ral-B,keep,keep,FALSE,TRUE,NA,130000,2.2,2,NA
P11277,SPTB,"Spectrin beta chain, erythrocytic",remove: red-cell (blood-tracking + RBC proteome),remove: red-cell (blood-tracking + RBC proteome),TRUE,TRUE,NA,35000000,69.9,310.1,0.6419887103777682
P11279,LAMP1,Lysosome-associated membrane glycoprotein 1,keep,keep,FALSE,TRUE,NA,51000000,3,41,-0.043478260869565216
P11310,ACADM,"Medium-chain specific acyl-CoA dehydrogenase, mitochondrial",keep,keep,FALSE,TRUE,NA,480000,7.7,247.2,-0.13884064264003473
P11413,G6PD,Glucose-6-phosphate 1-dehydrogenase,keep,keep,FALSE,TRUE,NA,4900000,12.3,2.7,NA
P11532,DMD,Dystrophin,keep,keep,FALSE,TRUE,NA,120000,0.2,14979.2,-0.03515263644773358
P11586,MTHFD1,"C-1-tetrahydrofolate synthase, cytoplasmic",keep,keep,FALSE,TRUE,NA,1600000,0.8,80.8,-0.09020842379504994
P11766,ADH5,Alcohol dehydrogenase class-3,keep,keep,FALSE,TRUE,NA,5800000,2.1,19.6,-0.050416281221091576
P11940,PABPC1,Polyadenylate-binding protein 1,keep,keep,FALSE,TRUE,NA,2800000,157.6,86.1,0.13590968302214504
P12081,HARS1,"Histidine--tRNA ligase, cytoplasmic",keep,keep,FALSE,TRUE,NA,570000,9.2,40.7,0.16997885835095136
P12109,COL6A1,Collagen alpha-1(VI) chain,keep,keep,FALSE,FALSE,Secreted to extracellular matrix,68000000,0,7.8,0.0777619724988146
P12110,COL6A2,Collagen alpha-2(VI) chain,keep,keep,FALSE,FALSE,Secreted to extracellular matrix,8700000,0.2,0.7,0.2557997557997558
P12111,COL6A3,Collagen alpha-3(VI) chain,keep,keep,FALSE,FALSE,Secreted to extracellular matrix,370000000,0,1.3,0.08516805427073697
P12235,SLC25A4,ADP/ATP translocase 1,keep,keep,FALSE,TRUE,NA,650000,0.2,362.7,-0.27996092053842814
P12236,SLC25A6,ADP/ATP translocase 3,keep,keep,FALSE,TRUE,NA,870000,38.7,14.1,-0.0644811115935736
P12268,IMPDH2,Inosine-5'-monophosphate dehydrogenase 2,keep,keep,FALSE,FALSE,NA,290000,1.5,0.8,0.17183163737280294
P12277,CKB,Creatine kinase B-type,keep,keep,FALSE,FALSE,NA,22000000,0,7.1,-0.11430742509769866
P12429,ANXA3,Annexin A3,keep,keep,FALSE,TRUE,NA,5000000,3.8,0.4,0.24989429175475686
P12532,CKMT1A,"Creatine kinase U-type, mitochondrial",keep,keep,FALSE,FALSE,Intracellular and membrane,1100000,0,0,-0.2998263135041251
P12694,BCKDHA,"2-oxoisovalerate dehydrogenase subunit alpha, mitochondrial",keep,keep,FALSE,FALSE,NA,9700,0,0.6,-0.20122230710466002
P12724,RNASE3,Eosinophil cationic protein,remove: plasma,remove: plasma,TRUE,FALSE,Secreted to blood,69000,0,0,NA
P12814,ACTN1,Alpha-actinin-1,keep,keep,FALSE,TRUE,NA,320000000,4.6,3.2,0.06437255753365176
P12829,MYL4,Myosin light chain 4,keep,keep,FALSE,TRUE,NA,250000,111.9,0.1,0.25832562442183166
P12882,MYH1,Myosin-1,keep,keep,FALSE,FALSE,NA,17000000,0,706.2,0.24674337820234477
P12883,MYH7,Myosin-7,keep,keep,FALSE,FALSE,NA,14000000,0,1585.1,0.2019105514546244
P12955,PEPD,Xaa-Pro dipeptidase,keep,keep,FALSE,TRUE,NA,250000000,2.2,28.5,0.17290848686197524
P12956,XRCC6,X-ray repair cross-complementing protein 6,keep,keep,FALSE,TRUE,NA,1600000,12.8,81.9,0.1680161943319838
P13010,XRCC5,X-ray repair cross-complementing protein 5,keep,keep,FALSE,TRUE,NA,2600000,38.9,115.4,0.23662714097496704
P13073,COX4I1,"Cytochrome c oxidase subunit 4 isoform 1, mitochondrial",keep,keep,FALSE,TRUE,NA,46000,54.2,43.1,-0.02409900130264872
P13164,IFITM1,Interferon-induced transmembrane protein 1,keep,keep,FALSE,TRUE,NA,NA,1.7,0,0.3142857142857143
P13473,LAMP2,Lysosome-associated membrane glycoprotein 2,keep,keep,FALSE,TRUE,NA,37000000,7.6,126.7,-0.023114869626497534
P13489,RNH1,Ribonuclease inhibitor,keep,keep,FALSE,TRUE,NA,19000000,3.6,1.6,0.35942249240121577
P13533,MYH6,Myosin-6,keep,keep,FALSE,FALSE,NA,9100000,0,50.8,0.0886504799548278
P13535,MYH8,Myosin-8,keep,keep,FALSE,FALSE,NA,11000000,0,16.5,0.23820986978881714
P13611,VCAN,Versican core protein,remove: plasma,remove: plasma,TRUE,FALSE,Secreted to blood,39000000,11.3,0.6,NA
P13637,ATP1A3,Sodium/potassium-transporting ATPase subunit alpha-3,keep,keep,FALSE,FALSE,NA,580000,0,0,-0.25121951219512206
P13639,EEF2,Elongation factor 2,keep,keep,FALSE,TRUE,NA,25000000,79.2,16.8,0.14025184541901867
P13645,KRT10,"Keratin, type I cytoskeletal 10",remove: keratin,cRAP dust/contact; type-I partner of KRT1,TRUE,TRUE,Secreted in other tissues,8100000000,12.5,6.6,0.05753365175857577
P13647,KRT5,"Keratin, type II cytoskeletal 5",remove: keratin,cRAP dust/contact; basal epidermal,TRUE,TRUE,NA,1300000000,0,0,NA
P13667,PDIA4,Protein disulfide-isomerase A4,keep,keep,FALSE,TRUE,Intracellular and membrane,24000000,0.4,3.6,0.19775910364145663
P13671,C6,Complement component C6,remove: plasma,remove: plasma,TRUE,TRUE,Secreted to blood,17000000000,0,1,0.3890608875128999
P13693,TPT1,Translationally-controlled tumor protein,keep,keep,FALSE,TRUE,NA,2900000,1110.5,103.2,-0.06784628745115066
P13716,ALAD,Delta-aminolevulinic acid dehydratase,remove: red-cell (blood-tracking + RBC proteome),remove: red-cell (blood-tracking + RBC proteome),TRUE,TRUE,NA,17000000,39.6,7.2,0.6246200607902735
P13796,LCP1,Plastin-2,keep,keep,FALSE,TRUE,NA,770000000,19.4,0.6,0.43327526132404187
P13797,PLS3,Plastin-3,keep,keep,FALSE,FALSE,NA,88000000,0,73.7,-0.2670731707317074
P13798,APEH,Acylamino-acid-releasing enzyme,keep,keep,FALSE,TRUE,NA,7900000,8.1,2.4,0.3323925314806774
P13804,ETFA,"Electron transfer flavoprotein subunit alpha, mitochondrial",keep,keep,FALSE,TRUE,NA,450000,27.9,236.4,-0.05796786799826314
P13805,TNNT1,"Troponin T, slow skeletal muscle",keep,keep,FALSE,FALSE,NA,890000,0.2,2183.9,0.07935301780286583
P13807,GYS1,"Glycogen [starch] synthase, muscle",keep,keep,FALSE,TRUE,NA,38000,5.9,323.3,-0.03875379939209727
P13861,PRKAR2A,cAMP-dependent protein kinase type II-alpha regulatory subunit,keep,keep,FALSE,TRUE,NA,72000,4.3,322.7,0.19594007815892314
P13929,ENO3,Beta-enolase,keep,keep,FALSE,TRUE,NA,65000000,8.3,163.8,0.040708877264157305
P13987,CD59,CD59 glycoprotein,keep,keep,FALSE,TRUE,Intracellular and membrane,33000000,1.9,19.3,0.23860342555994724
P14174,MIF,Macrophage migration inhibitory factor,remove: plasma,remove: plasma,TRUE,TRUE,Secreted to blood,2500000,5.2,0.1,0.16923577941815024
P14314,PRKCSH,Glucosidase 2 subunit beta,keep,keep,FALSE,TRUE,Intracellular and membrane,37000000,3.5,6.2,-0.1114400246685168
P14324,FDPS,Farnesyl pyrophosphate synthase,keep,keep,FALSE,TRUE,NA,3900000,16.9,52.7,0.2022201665124884
P14406,COX7A2,"Cytochrome c oxidase subunit 7A2, mitochondrial",keep,keep,FALSE,TRUE,NA,380000,36.5,34.3,-0.2681285280069475
P14543,NID1,Nidogen-1,keep,keep,FALSE,TRUE,Secreted to extracellular matrix,180000000,0.2,0.7,-0.12481203007518797
P14550,AKR1A1,Aldo-keto reductase family 1 member A1,keep,keep,FALSE,TRUE,NA,5800000,2.2,17.6,0.004125054277029961
P14598,NCF1,Neutrophil cytosol factor 1,keep,keep,FALSE,TRUE,NA,55000,0.3,0.5,NA
P14618,PKM,Pyruvate kinase PKM,keep,keep,FALSE,TRUE,NA,260000000,8.6,148.1,-0.12494572297003909
P14621,ACYP2,Acylphosphatase-2,keep,keep,FALSE,TRUE,NA,9800,1.7,1235.5,0.2280720798957881
P14625,HSP90B1,Endoplasmin,keep,keep,FALSE,TRUE,Intracellular and membrane,210000000,23.4,26.4,0.1884498480243161
P14649,MYL6B,Myosin light chain 6B,keep,keep,FALSE,FALSE,NA,13000000,3.3,126.4,0.24965309898242366
P14678,SNRPB,Small nuclear ribonucleoprotein-associated proteins B and B',keep,keep,FALSE,FALSE,NA,NA,37.3,7.7,0.2060117302052786
P14735,IDE,Insulin-degrading enzyme,keep,keep,FALSE,TRUE,Secreted in other tissues,330000,9.4,141.4,-0.11014492753623187
P14780,MMP9,Matrix metalloproteinase-9,remove: plasma,remove: plasma,TRUE,FALSE,Secreted to blood,65000000,13.9,0,NA
P14854,COX6B1,Cytochrome c oxidase subunit 6B1,keep,keep,FALSE,TRUE,NA,75000,62.1,40.9,-0.1502081406105458
P14866,HNRNPL,Heterogeneous nuclear ribonucleoprotein L,keep,keep,FALSE,TRUE,NA,10000000,5.1,2.3,0.2485470085470085
P14868,DARS1,"Aspartate--tRNA ligase, cytoplasmic",keep,keep,FALSE,TRUE,NA,250000,8,94.1,0.05015197568389058
P14923,JUP,Junction plakoglobin,keep,keep,FALSE,TRUE,NA,61000000,0.2,50.4,-0.07394957983193279
P14927,UQCRB,Cytochrome b-c1 complex subunit 7,keep,keep,FALSE,TRUE,NA,11000,67.1,30.1,-0.04287885366912722
P15088,CPA3,Mast cell carboxypeptidase A,remove: plasma,remove: plasma,TRUE,FALSE,Secreted to blood,1400000,0,1.1,-0.04547038327526134
P15090,FABP4,"Fatty acid-binding protein, adipocyte",keep,keep,FALSE,FALSE,NA,19000000,0.3,1.6,0.0930308293530178
P15104,GLUL,Glutamine synthetase,keep,keep,FALSE,TRUE,NA,120000,123,61.8,0.1290075500601816
P15121,AKR1B1,Aldo-keto reductase family 1 member B1,keep,keep,FALSE,TRUE,NA,1600000,0.3,9,0.088797221016066
P15153,RAC2,Ras-related C3 botulinum toxin substrate 2,keep,keep,FALSE,TRUE,NA,4400000,6.7,0.3,NA
P15170,GSPT1,Eukaryotic peptide chain release factor GTP-binding subunit ERF3A,keep,keep,FALSE,TRUE,NA,240000,317.5,107.8,-0.12450592885375492
P15259,PGAM2,Phosphoglycerate mutase 2,keep,keep,FALSE,FALSE,NA,16000000,1.5,65.1,0.08662613981762918
P15311,EZR,Ezrin,keep,keep,FALSE,TRUE,NA,33000000,14.1,11,0.28957264957264955
P15374,UCHL3,Ubiquitin carboxyl-terminal hydrolase isozyme L3,keep,keep,FALSE,TRUE,NA,670000,0.1,1.6,0.002890841813135985
P15531,NME1,Nucleoside diphosphate kinase A,keep,keep,FALSE,TRUE,NA,15000000,0.4,0.1,0.3378970089423373
P15586,GNS,N-acetylglucosamine-6-sulfatase,keep,keep,FALSE,TRUE,Intracellular and membrane,1300000,2.3,37.2,NA
P15880,RPS2,40S ribosomal protein S2,keep,keep,FALSE,TRUE,NA,580000,424.8,23.7,-0.015848892748588795
P15924,DSP,Desmoplakin,remove: keratin,desmoplakin; skin desmosome,TRUE,TRUE,NA,130000000,0,0,NA
P15927,RPA2,Replication protein A 32 kDa subunit,keep,keep,FALSE,TRUE,NA,33000,9.5,25.6,0.09435483870967742
P15954,COX7C,"Cytochrome c oxidase subunit 7C, mitochondrial",keep,keep,FALSE,TRUE,NA,NA,61.8,55,0.027898393399913155
P16070,CD44,CD44 antigen,remove: plasma,remove: plasma,TRUE,TRUE,Secreted to blood,200000000,26.2,15,NA
P16083,NQO2,Ribosyldihydronicotinamide dehydrogenase [quinone],keep,keep,FALSE,TRUE,NA,4600000,6.5,76.2,-0.002801120448179272
P16118,PFKFB1,"6-phosphofructo-2-kinase/fructose-2,6-bisphosphatase 1",keep,keep,FALSE,FALSE,NA,NA,0,241.7,0.06846846846846848
P16152,CBR1,Carbonyl reductase [NADPH] 1,keep,keep,FALSE,TRUE,NA,4700000,0.8,5.3,-0.0541684759009987
P16157,ANK1,Ankyrin-1,remove: red-cell (blood-tracking + RBC proteome),remove: red-cell (blood-tracking + RBC proteome),TRUE,TRUE,NA,19000000,183.4,311.2,0.6325161887141536
P16219,ACADS,"Short-chain specific acyl-CoA dehydrogenase, mitochondrial",keep,keep,FALSE,TRUE,NA,14000,8,27,-0.07273122014763352
P16284,PECAM1,Platelet endothelial cell adhesion molecule,keep,keep,FALSE,TRUE,NA,16000000,2.1,3.1,NA
P16298,PPP3CB,Serine/threonine-protein phosphatase 2B catalytic subunit beta isoform,keep,keep,FALSE,TRUE,NA,NA,19.1,417.3,0.12673450508788156
P16401,H1-5,Histone H1.5,keep,keep,FALSE,FALSE,NA,9600000,95.9,0,0.7278195488721805
P16452,EPB42,Erythrocyte membrane protein band 4.2,remove: red-cell (blood-tracking + RBC proteome),remove: red-cell (blood-tracking + RBC proteome),TRUE,TRUE,NA,840000,82.1,0,0.6557491289198607
P16615,ATP2A2,Sarcoplasmic/endoplasmic reticulum calcium ATPase 2,keep,keep,FALSE,TRUE,NA,2900000,2.6,3843.3,0.10866261398176291
P16671,CD36,Platelet glycoprotein 4,keep,keep,FALSE,TRUE,NA,7200000,71,2064.8,0.024167437557816838
P16930,FAH,Fumarylacetoacetase,keep,keep,FALSE,TRUE,NA,54000000,2.6,13.3,0.053754940711462446
P16949,STMN1,Stathmin,keep,keep,FALSE,TRUE,NA,990000,22.4,1.3,NA
P16989,YBX3,Y-box-binding protein 3,keep,keep,FALSE,TRUE,NA,190000,972.6,379.1,0.1665219279201042
P17152,TMEM11,"Transmembrane protein 11, mitochondrial",keep,keep,FALSE,TRUE,NA,NA,11.8,21.6,-0.00971322849213691
P17174,GOT1,"Aspartate aminotransferase, cytoplasmic",keep,keep,FALSE,TRUE,NA,43000000,5.4,154.2,-0.036799826313504126
P17213,BPI,Bactericidal permeability-increasing protein,remove: plasma,remove: plasma,TRUE,FALSE,Secreted to blood,45000,3,0,NA
P17252,PRKCA,Protein kinase C alpha type,keep,keep,FALSE,TRUE,NA,170000,1.3,228,NA
P17540,CKMT2,"Creatine kinase S-type, mitochondrial",keep,keep,FALSE,FALSE,NA,1100000,0,640.5,-0.24576639166304817
P17568,NDUFB7,NADH dehydrogenase [ubiquinone] 1 beta subcomplex subunit 7,keep,keep,FALSE,TRUE,NA,NA,34.4,18.3,-0.04537559704732957
P17612,PRKACA,cAMP-dependent protein kinase catalytic subunit alpha,keep,keep,FALSE,TRUE,NA,370000,1.5,0.3,-0.15501519756838908
P17655,CAPN2,Calpain-2 catalytic subunit,keep,keep,FALSE,TRUE,NA,2500000,1.1,46.5,-0.11806197964847363
P17661,DES,Desmin,keep,keep,FALSE,FALSE,NA,2300000,0,326.3,0.11343899261832392
P17812,CTPS1,CTP synthase 1,keep,keep,FALSE,TRUE,NA,100000,1.9,11.2,0.030000000000000002
P17858,PFKL,"ATP-dependent 6-phosphofructokinase, liver type",keep,keep,FALSE,TRUE,NA,740000,2.4,4.6,-0.10062961354754668
P17931,LGALS3,Galectin-3,remove: plasma,remove: plasma,TRUE,TRUE,Secreted to blood,1800000,173.4,2.4,-0.009320091673032849
P17980,PSMC3,26S proteasome regulatory subunit 6A,keep,keep,FALSE,TRUE,NA,280000,14.3,11.3,0.009878419452887538
P17987,TCP1,T-complex protein 1 subunit alpha,keep,keep,FALSE,TRUE,NA,3700000,25.1,16.6,0.2609639600521059
P18031,PTPN1,Tyrosine-protein phosphatase non-receptor type 1,keep,keep,FALSE,TRUE,NA,3500,6.5,75.5,-0.0015037593984962405
P18077,RPL35A,60S ribosomal protein L35a,keep,keep,FALSE,TRUE,NA,17000,310.1,11.1,0.36071428571428565
P18085,ARF4,ADP-ribosylation factor 4,keep,keep,FALSE,TRUE,NA,4200000,46.7,60.2,-0.011506730351715153
P18124,RPL7,60S ribosomal protein L7,keep,keep,FALSE,TRUE,NA,530000,134,8.4,0.01411202778983934
P18206,VCL,Vinculin,keep,keep,FALSE,TRUE,NA,470000000,3.7,355.6,0.22372991749891447
P18428,LBP,Lipopolysaccharide-binding protein,remove: plasma,remove: plasma,TRUE,FALSE,Secreted to blood,4000000000,0,17.7,NA
P18577,RHCE,Blood group Rh(CE) polypeptide,keep,keep,FALSE,TRUE,NA,NA,58.7,12.1,NA
P18621,RPL17,60S ribosomal protein L17,keep,keep,FALSE,TRUE,NA,170000,8,1.1,-0.04761904761904762
P18669,PGAM1,Phosphoglycerate mutase 1,keep,keep,FALSE,TRUE,NA,33000000,1.5,12.3,0.10377768128528006
P18859,ATP5PF,"ATP synthase-coupling factor 6, mitochondrial",keep,keep,FALSE,TRUE,NA,240000,31.5,76.8,0.029960920538428137
P19237,TNNI1,"Troponin I, slow skeletal muscle",keep,keep,FALSE,FALSE,NA,340000,0,739,-0.12907077724706903
P19338,NCL,Nucleolin,keep,keep,FALSE,TRUE,NA,1900000,37.3,44.1,0.06133304385584021
P19367,HK1,Hexokinase-1,keep,keep,FALSE,TRUE,NA,2400000,24.5,74.2,0.03343465045592705
P19404,NDUFV2,"NADH dehydrogenase [ubiquinone] flavoprotein 2, mitochondrial",keep,keep,FALSE,TRUE,NA,NA,4.6,2.8,-0.058402084237950506
P19623,SRM,Spermidine synthase,keep,keep,FALSE,TRUE,NA,48000,4.8,11.4,0.21153846153846154
P19652,ORM2,Alpha-1-acid glycoprotein 2,remove: red-cell (blood-tracking + RBC proteome),remove: red-cell (blood-tracking + RBC proteome),TRUE,TRUE,Secreted to blood,36000000000,0.1,0,0.46005210594876245
P19823,ITIH2,Inter-alpha-trypsin inhibitor heavy chain H2,remove: red-cell (blood-tracking + RBC proteome),remove: red-cell (blood-tracking + RBC proteome),TRUE,TRUE,Secreted to blood,62000000000,0,44,0.5740055504162812
P19827,ITIH1,Inter-alpha-trypsin inhibitor heavy chain H1,remove: red-cell (blood-tracking + RBC proteome),remove: red-cell (blood-tracking + RBC proteome),TRUE,TRUE,Secreted to blood,110000000000,0,0.2,0.5681465821000705
P19971,TYMP,Thymidine phosphorylase,keep,keep,FALSE,FALSE,NA,10000000,4.6,1.5,-0.22631578947368425
P20020,ATP2B1,Plasma membrane calcium-transporting ATPase 1,keep,keep,FALSE,TRUE,NA,NA,13.6,196.7,NA
P20036,HLA-DPA1,"HLA class II histocompatibility antigen, DP alpha 1 chain",keep,keep,FALSE,TRUE,NA,300000,0.5,0,NA
P20042,EIF2S2,Eukaryotic translation initiation factor 2 subunit 2,keep,keep,FALSE,TRUE,NA,190000,57.9,33.6,0.06580326857847671
P20073,ANXA7,Annexin A7,keep,keep,FALSE,TRUE,NA,700000,31,157,0.10301780286582718
P20160,AZU1,Azurocidin,remove: plasma,remove: plasma,TRUE,FALSE,Secreted to blood,7000000,4.4,0,NA
P20231,TPSB2,Tryptase beta-2,remove: plasma,remove: plasma,TRUE,FALSE,Secreted to blood,NA,0,0.6,-0.21680672268907566
P20290,BTF3,Transcription factor BTF3,keep,keep,FALSE,TRUE,NA,130000,158.3,14.3,NA
P20292,ALOX5AP,Arachidonate 5-lipoxygenase-activating protein,keep,keep,FALSE,FALSE,NA,NA,13.3,0.3,NA
P20339,RAB5A,Ras-related protein Rab-5A,keep,keep,FALSE,TRUE,NA,170000,18.2,59.8,NA
P20340,RAB6A,Ras-related protein Rab-6A,keep,keep,FALSE,TRUE,NA,2300000,11.8,175.7,0.28862164662349676
P20472,PVALB,Parvalbumin alpha,keep,keep,FALSE,FALSE,NA,NA,0.1,0,-0.2786324786324786
P20618,PSMB1,Proteasome subunit beta type-1,keep,keep,FALSE,TRUE,NA,7200000,31.6,49.6,0.11745549283543204
P20674,COX5A,"Cytochrome c oxidase subunit 5A, mitochondrial",keep,keep,FALSE,TRUE,NA,200000,14.4,79.8,-0.19181502388189317
P20742,PZP,Pregnancy zone protein,remove: plasma,remove: plasma,TRUE,TRUE,Secreted to blood,34000000000,1.5,74.7,NA
P20774,OGN,Mimecan,keep,keep,FALSE,FALSE,Secreted in other tissues,28000000,4.6,40.2,-0.00980573543015726
P20807,CAPN3,Calpain-3,keep,keep,FALSE,FALSE,NA,NA,0,8.8,-0.13760407030527289
P20810,CAST,Calpastatin,keep,keep,FALSE,TRUE,NA,7900000,54.6,187.1,0.08869102682701203
P20929,NEB,Nebulin,keep,keep,FALSE,FALSE,NA,86000,0.3,22433.1,0.06697785497177594
P20962,PTMS,Parathymosin,keep,keep,FALSE,TRUE,NA,1600000,50.5,0.9,NA
P21266,GSTM3,Glutathione S-transferase Mu 3,keep,keep,FALSE,TRUE,NA,650000,28.6,4.5,0.005861919235779419
P21281,ATP6V1B2,"V-type proton ATPase subunit B, brain isoform",keep,keep,FALSE,TRUE,NA,220000,4.9,22.2,0.083399209486166
P21291,CSRP1,Cysteine and glycine-rich protein 1,keep,keep,FALSE,TRUE,NA,11000000,0,0.9,-9.380863039399627e-4
P21333,FLNA,Filamin-A,keep,keep,FALSE,TRUE,NA,1000000000,7.1,0.8,0.17640034737299173
P21397,MAOA,Amine oxidase [flavin-containing] A,keep,keep,FALSE,TRUE,NA,NA,0.6,9.4,0.056521739130434775
P21399,ACO1,Cytoplasmic aconitate hydratase,keep,keep,FALSE,TRUE,NA,9700000,0.1,64.9,-0.174880590534086
P21695,GPD1,"Glycerol-3-phosphate dehydrogenase [NAD(+)], cytoplasmic",keep,keep,FALSE,FALSE,NA,3900000,0,60.6,0.033760312635692576
P21796,VDAC1,Voltage-dependent anion-selective channel protein 1,keep,keep,FALSE,TRUE,NA,1400000,7.8,109.6,0.014329135909683023
P21810,BGN,Biglycan,keep,keep,FALSE,FALSE,Secreted to extracellular matrix,22000000,0,0.2,-0.2549019607843137
P21817,RYR1,Ryanodine receptor 1,keep,keep,FALSE,TRUE,NA,15000,0.2,3145.9,-0.13753799392097266
P21912,SDHB,"Succinate dehydrogenase [ubiquinone] iron-sulfur subunit, mitochondrial",keep,keep,FALSE,TRUE,NA,NA,12.6,117.3,0.03397742075553626
P21926,CD9,CD9 antigen,keep,keep,FALSE,TRUE,Intracellular and membrane,4200000,2.6,9.7,0.2533333333333333
P21953,BCKDHB,"2-oxoisovalerate dehydrogenase subunit beta, mitochondrial",keep,keep,FALSE,FALSE,NA,NA,1.7,261.3,0.025482625482625487
P21964,COMT,Catechol O-methyltransferase,keep,keep,FALSE,TRUE,NA,8200,10.3,139.3,0.17414431082331175
P21980,TGM2,Protein-glutamine gamma-glutamyltransferase 2,keep,keep,FALSE,TRUE,Secreted to extracellular matrix,970000,25.4,7.1,0.2622880049337033
P22033,MMUT,"Methylmalonyl-CoA mutase, mitochondrial",keep,keep,FALSE,FALSE,NA,110000,3.4,27.3,-0.27878787878787875
P22059,OSBP,Oxysterol-binding protein 1,keep,keep,FALSE,TRUE,NA,34000,6.5,129.1,-0.3550387596899225
P22061,PCMT1,Protein-L-isoaspartate(D-aspartate) O-methyltransferase,keep,keep,FALSE,TRUE,NA,2200000,32,88.5,-0.05036908380373426
P22102,GART,Trifunctional purine biosynthetic protein adenosine-3,keep,keep,FALSE,TRUE,NA,350000,4.7,35.2,0.22092132618448404
P22234,PAICS,Multifunctional protein ADE2,keep,keep,FALSE,TRUE,NA,1200000,12.5,52.9,0.12340425531914893
P22307,SCP2,Non-specific lipid-transfer protein,keep,keep,FALSE,TRUE,NA,280000,5.8,178.4,0.15636284057336686
P22314,UBA1,Ubiquitin-like modifier-activating enzyme 1,keep,keep,FALSE,TRUE,NA,16000000,13,31,0.23871037776812853
P22352,GPX3,Glutathione peroxidase 3,remove: plasma,remove: plasma,TRUE,TRUE,Secreted to blood,2300000000,0.2,1.4,0.35563273935366957
P22392,NME2,Nucleoside diphosphate kinase B,keep,keep,FALSE,TRUE,NA,14000000,0,0,0.00890143291359097
P22570,FDXR,"NADPH:adrenodoxin oxidoreductase, mitochondrial",keep,keep,FALSE,FALSE,NA,NA,0.2,3,0.13819648093841644
P22626,HNRNPA2B1,Heterogeneous nuclear ribonucleoproteins A2/B1,keep,keep,FALSE,TRUE,Intracellular and membrane,5400000,130.6,438.3,0.32229700390794613
P22695,UQCRC2,"Cytochrome b-c1 complex subunit 2, mitochondrial",keep,keep,FALSE,TRUE,NA,160000,6.6,12.2,-0.13243595310464612
P22792,CPN2,Carboxypeptidase N subunit 2,remove: plasma,remove: plasma,TRUE,TRUE,Secreted to blood,9300000000,0,0.2,NA
P22830,FECH,"Ferrochelatase, mitochondrial",keep,keep,FALSE,TRUE,NA,NA,235.3,21.6,-0.16731421523280912
P22894,MMP8,Neutrophil collagenase,keep,keep,FALSE,FALSE,Secreted to extracellular matrix,3000000,7.4,0,NA
P23109,AMPD1,AMP deaminase 1,keep,keep,FALSE,FALSE,NA,12000,0,908.2,0.09715588363004776
P23142,FBLN1,Fibulin-1,keep,keep,FALSE,FALSE,Secreted to extracellular matrix,5600000000,0,1.1,-0.018767507002801123
P23246,SFPQ,"Splicing factor, proline- and glutamine-rich",keep,keep,FALSE,TRUE,NA,13000000,30.5,177.3,0.2909401709401709
P23284,PPIB,Peptidyl-prolyl cis-trans isomerase B,remove: plasma,remove: plasma,TRUE,TRUE,Secreted to blood,27000000,13.9,7.9,0.0765340733888375
P23297,S100A1,Protein S100-A1,keep,keep,FALSE,FALSE,NA,220000,0,18.2,-0.2685627442466348
P23327,HRC,Sarcoplasmic reticulum histidine-rich calcium-binding protein,keep,keep,FALSE,FALSE,Intracellular and membrane,170000,0,74.9,0.23295701259227095
P23368,ME2,"NAD-dependent malic enzyme, mitochondrial",keep,keep,FALSE,FALSE,NA,230000,3.9,126.8,0.0688868331791551
P23381,WARS1,"Tryptophan--tRNA ligase, cytoplasmic",keep,keep,FALSE,TRUE,NA,21000000,3.5,13.6,-0.10302960222016651
P23396,RPS3,40S ribosomal protein S3,keep,keep,FALSE,TRUE,NA,660000,360.3,19.6,0.1984368215371255
P23434,GCSH,"Glycine cleavage system H protein, mitochondrial",keep,keep,FALSE,FALSE,NA,45000,1.5,0.3,-0.20027752081406106
P23526,AHCY,Adenosylhomocysteinase,keep,keep,FALSE,TRUE,NA,7200000,1.6,6.7,0.21580547112462006
P23528,CFL1,Cofilin-1,keep,keep,FALSE,TRUE,NA,280000000,43,5.1,0.13145896656534956
P23588,EIF4B,Eukaryotic translation initiation factor 4B,keep,keep,FALSE,TRUE,NA,1200000,15.5,78.5,NA
P23634,ATP2B4,Plasma membrane calcium-transporting ATPase 4,keep,keep,FALSE,TRUE,NA,58000,5,48.4,0.03342245989304813
P23786,CPT2,"Carnitine O-palmitoyltransferase 2, mitochondrial",keep,keep,FALSE,TRUE,NA,NA,0.4,9.8,-0.03115501519756839
P23946,CMA1,Chymase,remove: plasma,remove: plasma,TRUE,FALSE,Secreted to blood,430000,0,0,0.047580645161290326
P24043,LAMA2,Laminin subunit alpha-2,keep,keep,FALSE,FALSE,Secreted to extracellular matrix,46000000,3,408.6,-0.30451909399277816
P24158,PRTN3,Myeloblastin,remove: plasma,remove: plasma,TRUE,FALSE,Secreted to blood,2500000,5.9,0,NA
P24298,GPT,Alanine aminotransferase 1,keep,keep,FALSE,TRUE,NA,14000000,0,17.6,0.11626139817629179
P24310,COX7A1,"Cytochrome c oxidase subunit 7A1, mitochondrial",keep,keep,FALSE,FALSE,NA,NA,0.3,64.6,-0.19442032132001735
P24534,EEF1B2,Elongation factor 1-beta,keep,keep,FALSE,TRUE,NA,940000,121.9,8.2,-0.15219279201042119
P24539,ATP5PB,"ATP synthase F(0) complex subunit B1, mitochondrial",keep,keep,FALSE,TRUE,NA,91000,8,61.2,-0.20158488927485887
P24666,ACP1,Low molecular weight phosphotyrosine protein phosphatase,keep,keep,FALSE,TRUE,NA,1100000,97.7,29.9,0.34313938341293965
P24752,ACAT1,"Acetyl-CoA acetyltransferase, mitochondrial",keep,keep,FALSE,TRUE,NA,730000,11,274.8,0.038862353452019105
P24844,MYL9,Myosin regulatory light polypeptide 9,keep,keep,FALSE,FALSE,NA,24000000,3.9,0.2,-0.03529411764705882
P25189,MPZ,Myelin protein P0,keep,keep,FALSE,FALSE,NA,NA,0,0.1,NA
P25311,AZGP1,Zinc-alpha-2-glycoprotein,remove: plasma,remove: plasma,TRUE,TRUE,Secreted to blood,17000000000,0,0.1,0.4137372802960222
P25325,MPST,3-mercaptopyruvate sulfurtransferase,keep,keep,FALSE,TRUE,NA,3600000,13.1,19.8,0.2253700277520814
P25398,RPS12,40S ribosomal protein S12,keep,keep,FALSE,TRUE,NA,830000,1098.2,25.9,-0.05536257056013895
P25685,DNAJB1,DnaJ homolog subfamily B member 1,keep,keep,FALSE,TRUE,NA,32000,15.5,909.3,0.09458128078817732
P25686,DNAJB2,DnaJ homolog subfamily B member 2,keep,keep,FALSE,TRUE,NA,5000,24.4,21.9,NA
P25705,ATP5F1A,"ATP synthase subunit alpha, mitochondrial",keep,keep,FALSE,TRUE,NA,10000000,33.8,115.5,-0.16185410334346506
P25786,PSMA1,Proteasome subunit alpha type-1,keep,keep,FALSE,TRUE,NA,11000000,1.9,4.8,0.020842379504993486
P25787,PSMA2,Proteasome subunit alpha type-2,keep,keep,FALSE,TRUE,NA,8600000,0,0.2,0.1741207121146331
P25788,PSMA3,Proteasome subunit alpha type-3,keep,keep,FALSE,TRUE,NA,10000000,8.5,109.8,0.05753365175857577
P25789,PSMA4,Proteasome subunit alpha type-4,keep,keep,FALSE,TRUE,NA,8300000,15.8,35.6,0.11333043855840208
P25815,S100P,Protein S100-P,keep,keep,FALSE,TRUE,NA,3800000,4.1,0.5,NA
P26038,MSN,Moesin,keep,keep,FALSE,TRUE,NA,130000000,8.7,12.8,0.10182370820668693
P26196,DDX6,Probable ATP-dependent RNA helicase DDX6,keep,keep,FALSE,TRUE,NA,25000,28.7,149.5,0.25912754860123277
P26368,U2AF2,Splicing factor U2AF 65 kDa subunit,keep,keep,FALSE,FALSE,NA,100000,5.7,7.8,NA
P26373,RPL13,60S ribosomal protein L13,keep,keep,FALSE,TRUE,NA,72000,529.4,36.3,0.18483105096831698
P26440,IVD,"Isovaleryl-CoA dehydrogenase, mitochondrial",keep,keep,FALSE,FALSE,NA,5600,3,35.4,-0.039161270428615474
P26447,S100A4,Protein S100-A4,remove: plasma,remove: plasma,TRUE,TRUE,Secreted to blood,8100000,75.9,1.5,0.3201259227095093
P26583,HMGB2,High mobility group protein B2,remove: plasma,remove: plasma,TRUE,TRUE,Secreted to blood,830000,265.1,3.7,0.32547274749721916
P26599,PTBP1,Polypyrimidine tract-binding protein 1,keep,keep,FALSE,TRUE,NA,1900000,25.9,16.2,-0.02189381499726327
P26639,TARS1,"Threonine--tRNA ligase 1, cytoplasmic",keep,keep,FALSE,TRUE,NA,1300000,28.4,20.7,-0.0473389355742297
P26640,VARS1,Valine--tRNA ligase,keep,keep,FALSE,TRUE,NA,100000,3.2,1.5,-0.10872848082150408
P26641,EEF1G,Elongation factor 1-gamma,keep,keep,FALSE,TRUE,NA,7000000,0,0.4,0.035822839774207554
P26678,PLN,Cardiac phospholamban,keep,keep,FALSE,FALSE,NA,NA,0,207.3,-0.07516188714153561
P26885,FKBP2,Peptidyl-prolyl cis-trans isomerase FKBP2,keep,keep,FALSE,TRUE,Intracellular and membrane,570000,0,1.7,-0.029293863706444646
P27105,STOM,Erythrocyte band 7 integral membrane protein,remove: red-cell (blood-tracking + RBC proteome),remove: red-cell (blood-tracking + RBC proteome),TRUE,TRUE,NA,23000000,152.8,44.1,0.5590534085974815
P27169,PON1,Serum paraoxonase/arylesterase 1,remove: red-cell (blood-tracking + RBC proteome),remove: red-cell (blood-tracking + RBC proteome),TRUE,TRUE,Secreted to blood,15000000000,0,1.1,0.5794871794871794
P27338,MAOB,Amine oxidase [flavin-containing] B,keep,keep,FALSE,FALSE,NA,56000,0.2,481.1,-0.09042553191489362
P27348,YWHAQ,14-3-3 protein theta,keep,keep,FALSE,TRUE,NA,71000000,25.6,116,0.09372822299651569
P27635,RPL10,60S ribosomal protein L10,keep,keep,FALSE,TRUE,NA,330000,297.6,65.3,0.18754171301446051
P27694,RPA1,Replication protein A 70 kDa DNA-binding subunit,keep,keep,FALSE,TRUE,NA,17000,14.2,73.8,0.1821428571428571
P27695,APEX1,DNA-(apurinic or apyrimidinic site) lyase,keep,keep,FALSE,TRUE,NA,220000,21.8,48,0.06521739130434781
P27797,CALR,Calreticulin,keep,keep,FALSE,TRUE,Intracellular and membrane,120000000,37.2,10.3,0.280527289546716
P27816,MAP4,Microtubule-associated protein 4,keep,keep,FALSE,TRUE,NA,600000,0.9,2090.4,0.09520191055145463
P27824,CANX,Calnexin,keep,keep,FALSE,TRUE,NA,12000000,3.5,4.3,-0.11647850629613547
P28066,PSMA5,Proteasome subunit alpha type-5,keep,keep,FALSE,TRUE,NA,13000000,17.1,50.5,0.09335649153278332
P28070,PSMB4,Proteasome subunit beta type-4,keep,keep,FALSE,TRUE,NA,4700000,32.8,7.8,0.16443108233117484
P28072,PSMB6,Proteasome subunit beta type-6,keep,keep,FALSE,TRUE,NA,3200000,21.7,12,0.14384828862164664
P28074,PSMB5,Proteasome subunit beta type-5,keep,keep,FALSE,TRUE,NA,4400000,11.1,34.1,0.13297872340425532
P28161,GSTM2,Glutathione S-transferase Mu 2,keep,keep,FALSE,TRUE,NA,1600000,0,27.6,0.1982197134172818
P28289,TMOD1,Tropomodulin-1,keep,keep,FALSE,TRUE,NA,64000,37.6,159.6,0.32503556187766713
P28331,NDUFS1,"NADH-ubiquinone oxidoreductase 75 kDa subunit, mitochondrial",keep,keep,FALSE,TRUE,NA,44000,1.7,6.1,-0.11235345201910552
P28482,MAPK1,Mitogen-activated protein kinase 1,keep,keep,FALSE,TRUE,NA,270000,34.2,161,0.17703515263644773
P28676,GCA,Grancalcin,keep,keep,FALSE,TRUE,NA,100000,10.4,1.6,NA
P28838,LAP3,Cytosol aminopeptidase,keep,keep,FALSE,TRUE,NA,8000000,2.3,13.3,-0.25520351526364476
P29144,TPP2,Tripeptidyl-peptidase 2,keep,keep,FALSE,TRUE,NA,630000,6.8,134.1,0.1280579885231048
P29218,IMPA1,Inositol monophosphatase 1,keep,keep,FALSE,TRUE,NA,370000,1.8,19.1,-0.1482848458532349
P29401,TKT,Transketolase,keep,keep,FALSE,TRUE,NA,120000000,11.4,9.6,0.29587242026266425
P29622,SERPINA4,Kallistatin,remove: plasma,remove: plasma,TRUE,TRUE,Secreted to blood,7700000000,0,0,0.3678260869565217
P29692,EEF1D,Elongation factor 1-delta,keep,keep,FALSE,TRUE,NA,1200000,59,6,-0.02898393399913157
P29966,MARCKS,Myristoylated alanine-rich C-kinase substrate,keep,keep,FALSE,TRUE,NA,8500000,1.3,4.8,-0.03218520609824958
P29972,AQP1,Aquaporin-1,keep,keep,FALSE,TRUE,NA,1600000,10.9,0.4,0.3442508710801394
P29992,GNA11,Guanine nucleotide-binding protein subunit alpha-11,keep,keep,FALSE,TRUE,NA,NA,1.5,15.4,0.030710466004583648
P30038,ALDH4A1,"Delta-1-pyrroline-5-carboxylate dehydrogenase, mitochondrial",keep,keep,FALSE,TRUE,NA,82000,1.7,15.2,-0.077181936604429
P30040,ERP29,Endoplasmic reticulum resident protein 29,keep,keep,FALSE,TRUE,Intracellular and membrane,1400000,5.9,19.5,0.13253160653715693
P30041,PRDX6,Peroxiredoxin-6,keep,keep,FALSE,TRUE,NA,73000000,89.8,93.3,0.32077724706904037
P30043,BLVRB,Flavin reductase (NADPH),remove: red-cell (blood-tracking + RBC proteome),remove: red-cell (blood-tracking + RBC proteome),TRUE,TRUE,NA,210000000,921.8,80.5,0.5531914893617021
P30044,PRDX5,"Peroxiredoxin-5, mitochondrial",keep,keep,FALSE,TRUE,NA,6200000,100,6.4,-0.008792878853669127
P30046,DDT,D-dopachrome decarboxylase,keep,keep,FALSE,TRUE,NA,NA,17.5,1.4,-0.043974630021141645
P30048,PRDX3,"Thioredoxin-dependent peroxide reductase, mitochondrial",keep,keep,FALSE,TRUE,NA,2300000,9.8,24.6,-0.19366044290056447
P30049,ATP5F1D,"ATP synthase subunit delta, mitochondrial",keep,keep,FALSE,TRUE,NA,260000,26.3,54,-0.032891880156317846
P30050,RPL12,60S ribosomal protein L12,keep,keep,FALSE,TRUE,NA,260000,229.7,16.9,0.20086339808818993
P30084,ECHS1,"Enoyl-CoA hydratase, mitochondrial",keep,keep,FALSE,TRUE,NA,1000000,0.6,12.4,-0.03907946157186279
P30085,CMPK1,UMP-CMP kinase,keep,keep,FALSE,TRUE,Intracellular and membrane,1900000,11.5,101.1,-0.015494912118408881
P30086,PEBP1,Phosphatidylethanolamine-binding protein 1,keep,keep,FALSE,TRUE,NA,28000000,2.3,36.8,-0.15468953538862354
P30101,PDIA3,Protein disulfide-isomerase A3,keep,keep,FALSE,TRUE,Intracellular and membrane,110000000,26.7,35.7,-0.047178538390379283
P30153,PPP2R1A,Serine/threonine-protein phosphatase 2A 65 kDa regulatory subunit A alpha isoform,keep,keep,FALSE,TRUE,NA,1800000,3.5,40.8,0.12451150673035172
P30405,PPIF,"Peptidyl-prolyl cis-trans isomerase F, mitochondrial",keep,keep,FALSE,FALSE,NA,260000,2,4.8,-0.0523230568823274
P30419,NMT1,Glycylpeptide N-tetradecanoyltransferase 1,keep,keep,FALSE,TRUE,NA,180000,16.5,164.9,-0.08545792756319072
P30519,HMOX2,Heme oxygenase 2,keep,keep,FALSE,TRUE,NA,NA,0.2,0.4,NA
P30520,ADSS2,Adenylosuccinate synthetase isozyme 2,keep,keep,FALSE,TRUE,NA,500000,6.5,53.6,0.0985670864090317
P30533,LRPAP1,Alpha-2-macroglobulin receptor-associated protein,keep,keep,FALSE,TRUE,NA,NA,9.6,35,0.17233833023306705
P30536,TSPO,Translocator protein,keep,keep,FALSE,TRUE,NA,NA,42.9,4.6,0.06394542090656799
P30566,ADSL,Adenylosuccinate lyase,keep,keep,FALSE,TRUE,NA,320000,0,2.8,-0.13251618871415358
P30613,PKLR,Pyruvate kinase PKLR,keep,keep,FALSE,TRUE,NA,8800000,1.5,0,-0.019404125286478228
P30622,CLIP1,CAP-Gly domain-containing linker protein 1,keep,keep,FALSE,TRUE,NA,5000,1.7,1170.5,0.11172595520421606
P30626,SRI,Sorcin,keep,keep,FALSE,TRUE,NA,1300000,46.1,5.6,0.3082995951417004
P30711,GSTT1,Glutathione S-transferase theta-1,keep,keep,FALSE,TRUE,NA,NA,NA,NA,-0.09899888765294772
P30740,SERPINB1,Leukocyte elastase inhibitor,remove: plasma,remove: plasma,TRUE,TRUE,Secreted to blood,26000000,13,17,0.1975023126734505
P30837,ALDH1B1,"Aldehyde dehydrogenase X, mitochondrial",keep,keep,FALSE,FALSE,NA,320000,0.2,0.7,0.2814806773773339
P31040,SDHA,"Succinate dehydrogenase [ubiquinone] flavoprotein subunit, mitochondrial",keep,keep,FALSE,TRUE,NA,230000,0.2,0.3,-0.028441163699522362
P31146,CORO1A,Coronin-1A,keep,keep,FALSE,TRUE,NA,42000000,3.4,0.2,NA
P31150,GDI1,Rab GDP dissociation inhibitor alpha,keep,keep,FALSE,TRUE,NA,32000000,0.4,10.1,0.07989578810247502
P31151,S100A7,Protein S100-A7,remove: keratin,psoriasin; skin,TRUE,TRUE,Secreted in other tissues,42000000,0,0,NA
P31153,MAT2A,S-adenosylmethionine synthase isoform type-2,keep,keep,FALSE,TRUE,NA,950000,13.1,136.7,0.23539932161578783
P31415,CASQ1,Calsequestrin-1,keep,keep,FALSE,FALSE,Intracellular and membrane,7800,0,182,0.16131133304385584
P31749,AKT1,RAC-alpha serine/threonine-protein kinase,keep,keep,FALSE,TRUE,NA,7600,4.7,7,-0.11599511599511599
P31751,AKT2,RAC-beta serine/threonine-protein kinase,keep,keep,FALSE,TRUE,NA,NA,8,63,-0.08856951871657753
P31930,UQCRC1,"Cytochrome b-c1 complex subunit 1, mitochondrial",keep,keep,FALSE,TRUE,NA,180000,10.9,65.3,-0.14633087277464177
P31937,HIBADH,"3-hydroxyisobutyrate dehydrogenase, mitochondrial",keep,keep,FALSE,TRUE,NA,840000,3.2,327.8,-0.20343030829353018
P31939,ATIC,Bifunctional purine biosynthesis protein PURH,keep,keep,FALSE,TRUE,NA,4900000,0.7,20.4,0.09281372123317412
P31942,HNRNPH3,Heterogeneous nuclear ribonucleoprotein H3,keep,keep,FALSE,TRUE,NA,56000,24.9,64.5,0.04954954954954954
P31943,HNRNPH1,Heterogeneous nuclear ribonucleoprotein H,keep,keep,FALSE,TRUE,NA,850000,9.8,43.8,0.20154949121184088
P31946,YWHAB,14-3-3 protein beta/alpha,keep,keep,FALSE,TRUE,NA,88000000,28.2,14.7,0.40392965696917066
P31948,STIP1,Stress-induced-phosphoprotein 1,keep,keep,FALSE,TRUE,NA,6300000,8.4,18,0.12288319583152409
P31949,S100A11,Protein S100-A11,keep,keep,FALSE,TRUE,NA,4800000,16.2,0.7,0.15497185741088185
P32119,PRDX2,Peroxiredoxin-2,remove: red-cell (blood-tracking + RBC proteome),remove: red-cell (blood-tracking + RBC proteome),TRUE,TRUE,NA,580000000,361.3,1.9,0.5517802865827182
P32455,GBP1,Guanylate-binding protein 1,keep,keep,FALSE,TRUE,Intracellular and membrane,130000,0.2,0.2,NA
P32969,RPL9,60S ribosomal protein L9,keep,keep,FALSE,TRUE,NA,960000,225.9,17.5,0.23921289710763394
P33121,ACSL1,Long-chain-fatty-acid--CoA ligase 1,keep,keep,FALSE,TRUE,NA,63000,33,356.4,-0.11680416847590101
P33176,KIF5B,Kinesin-1 heavy chain,keep,keep,FALSE,TRUE,NA,140000,17.1,85.9,0.06024514338575393
P34896,SHMT1,"Serine hydroxymethyltransferase, cytosolic",keep,keep,FALSE,TRUE,NA,1900000,0,3.3,0.16911109310428654
P34897,SHMT2,"Serine hydroxymethyltransferase, mitochondrial",keep,keep,FALSE,TRUE,NA,230000,0.2,1.2,-0.12296918767507005
P34913,EPHX2,Bifunctional epoxide hydrolase 2,keep,keep,FALSE,TRUE,NA,1200000,0.1,46.4,0.07170224411603722
P34932,HSPA4,Heat shock 70 kDa protein 4,keep,keep,FALSE,TRUE,NA,13000000,9.5,57.7,0.24630916196265742
P34949,MPI,Mannose-6-phosphate isomerase,keep,keep,FALSE,TRUE,NA,160000,0,8.2,-0.2894051237516283
P35052,GPC1,Glypican-1,keep,keep,FALSE,TRUE,Intracellular and membrane,5400000,0,18.5,0.36785714285714277
P35080,PFN2,Profilin-2,keep,keep,FALSE,FALSE,NA,61000,0,71,0.08022145028224056
P35221,CTNNA1,Catenin alpha-1,keep,keep,FALSE,FALSE,NA,41000,6.5,190.2,NA
P35232,PHB,Prohibitin,keep,keep,FALSE,TRUE,Intracellular and membrane,910000,8.6,11.3,0.06708640903169778
P35237,SERPINB6,Serpin B6,keep,keep,FALSE,TRUE,NA,3100000,1,59,-0.18443570767807585
P35241,RDX,Radixin,keep,keep,FALSE,TRUE,NA,31000000,25.5,378,0.08130699088145896
P35244,RPA3,Replication protein A 14 kDa subunit,keep,keep,FALSE,TRUE,NA,NA,33.9,86.6,0.2378915202444614
P35268,RPL22,60S ribosomal protein L22,keep,keep,FALSE,TRUE,NA,810000,37.7,6.3,0.13818931828050368
P35270,SPR,Sepiapterin reductase,keep,keep,FALSE,FALSE,NA,55000,0,0.6,-0.06284304656182546
P35443,THBS4,Thrombospondin-4,keep,keep,FALSE,FALSE,Secreted to extracellular matrix,740000000,7.4,31.1,NA
P35527,KRT9,"Keratin, type I cytoskeletal 9",remove: keratin,cRAP dust/contact; palmoplantar,TRUE,TRUE,NA,7900000000,0,0,0.24097496706192356
P35542,SAA4,Serum amyloid A-4 protein,remove: plasma,remove: plasma,TRUE,FALSE,Secreted to blood,6800000000,0,0.2,NA
P35555,FBN1,Fibrillin-1,remove: plasma,remove: plasma,TRUE,FALSE,Secreted to blood,110000000,1.6,1.9,0.24592820679037358
P35573,AGL,Glycogen debranching enzyme,keep,keep,FALSE,TRUE,NA,840000,0.3,1199.3,-0.21211463308727746
P35579,MYH9,Myosin-9,keep,keep,FALSE,TRUE,NA,630000000,12,38.6,0.21862787668258793
P35606,COPB2,Coatomer subunit beta',keep,keep,FALSE,TRUE,NA,110000,10.7,73.2,-0.06432391138273491
P35609,ACTN2,Alpha-actinin-2,keep,keep,FALSE,TRUE,NA,32000000,0,2582.4,0.022687798523664784
P35611,ADD1,Alpha-adducin,keep,keep,FALSE,TRUE,NA,720000,29.7,153.2,0.34805194805194806
P35612,ADD2,Beta-adducin,keep,keep,FALSE,TRUE,NA,47000,25.8,0.4,NA
P35613,BSG,Basigin,keep,keep,FALSE,TRUE,NA,360000,417.1,133.7,-0.1617455492835432
P35637,FUS,RNA-binding protein FUS,keep,keep,FALSE,TRUE,NA,250000,19.8,298.7,0.08741905642923219
P35749,MYH11,Myosin-11,keep,keep,FALSE,TRUE,NA,37000000,0,1.5,0.004077318030806403
P35754,GLRX,Glutaredoxin-1,keep,keep,FALSE,TRUE,NA,2400000,9.6,82.8,-0.051572617946345975
P35813,PPM1A,Protein phosphatase 1A,keep,keep,FALSE,TRUE,NA,900000,87.5,158,0.03796914323230113
P35908,KRT2,"Keratin, type II cytoskeletal 2 epidermal",remove: keratin,cRAP dust/contact; epidermal,TRUE,TRUE,NA,3500000000,0,0,0.09755360918151616
P35914,HMGCL,"Hydroxymethylglutaryl-CoA lyase, mitochondrial",keep,keep,FALSE,FALSE,NA,40000,0.2,40.5,-0.015572232645403382
P35998,PSMC2,26S proteasome regulatory subunit 7,keep,keep,FALSE,TRUE,NA,220000,13.4,87.3,0.017368649587494574
P36269,GGT5,Glutathione hydrolase 5 proenzyme,keep,keep,FALSE,FALSE,NA,2300000,0,0.2,NA
P36404,ARL2,ADP-ribosylation factor-like protein 2,keep,keep,FALSE,TRUE,NA,NA,1.5,0.2,NA
P36405,ARL3,ADP-ribosylation factor-like protein 3,keep,keep,FALSE,TRUE,NA,14000,3.1,22.9,0.0267379679144385
P36507,MAP2K2,Dual specificity mitogen-activated protein kinase kinase 2,keep,keep,FALSE,TRUE,NA,130000,51.6,26.7,-0.342008797653959
P36542,ATP5F1C,"ATP synthase subunit gamma, mitochondrial",keep,keep,FALSE,TRUE,NA,270000,14.1,116.1,-0.221993052540165
P36543,ATP6V1E1,V-type proton ATPase subunit E 1,keep,keep,FALSE,TRUE,NA,29000,14.6,34.4,-0.11656095842142354
P36578,RPL4,60S ribosomal protein L4,keep,keep,FALSE,TRUE,NA,380000,133.3,19.6,0.07864693446088795
P36776,LONP1,"Lon protease homolog, mitochondrial",keep,keep,FALSE,TRUE,NA,52000,3.6,36.3,-0.07801418439716311
P36871,PGM1,Phosphoglucomutase-1,keep,keep,FALSE,TRUE,NA,20000000,0.3,368,0.06893182805036908
P36873,PPP1CC,Serine/threonine-protein phosphatase PP1-gamma catalytic subunit,keep,keep,FALSE,TRUE,NA,2200000,10.7,43.5,-0.19762845849802374
P36955,SERPINF1,Pigment epithelium-derived factor,remove: red-cell (blood-tracking + RBC proteome),remove: red-cell (blood-tracking + RBC proteome),TRUE,TRUE,Secreted to blood,11000000000,0,28.3,0.4617336152219873
P36957,DLST,"Dihydrolipoyllysine-residue succinyltransferase component of 2-oxoglutarate dehydrogenase complex, mitochondrial",keep,keep,FALSE,TRUE,NA,110000,2.4,80.9,-0.0034737299174989146
P36959,GMPR,GMP reductase 1,keep,keep,FALSE,TRUE,NA,710000,219.5,294.5,0.07865612648221343
P36969,GPX4,Phospholipid hydroperoxide glutathione peroxidase,keep,keep,FALSE,TRUE,Intracellular and membrane,550000,70.1,8.2,0.18570767807585567
P37108,SRP14,Signal recognition particle 14 kDa protein,keep,keep,FALSE,TRUE,NA,59000,61.1,14.9,0.05526315789473684
P37235,HPCAL1,Hippocalcin-like protein 1,keep,keep,FALSE,TRUE,NA,370000,3.8,7.9,0.0792792792792793
P37802,TAGLN2,Transgelin-2,keep,keep,FALSE,TRUE,NA,300000000,9.6,0.8,0.2297003907946157
P37837,TALDO1,Transaldolase,remove: red-cell (blood-tracking + RBC proteome),remove: red-cell (blood-tracking + RBC proteome),TRUE,TRUE,NA,34000000,163.9,21.3,0.47926617455492837
P37840,SNCA,Alpha-synuclein,remove: red-cell (blood-tracking + RBC proteome),remove: red-cell (blood-tracking + RBC proteome),TRUE,TRUE,Intracellular and membrane,42000000,920.7,0.1,0.5810898827616153
P38117,ETFB,Electron transfer flavoprotein subunit beta,keep,keep,FALSE,TRUE,NA,100000,17.4,10.3,1.0855405992184108e-4
P38159,RBMX,"RNA-binding motif protein, X chromosome",remove: red-cell (blood-tracking + RBC proteome),remove: red-cell (blood-tracking + RBC proteome),TRUE,TRUE,NA,NA,24.8,358.4,0.47
P38606,ATP6V1A,V-type proton ATPase catalytic subunit A,keep,keep,FALSE,TRUE,NA,1000000,11.7,157.2,0.001359106010268801
P38646,HSPA9,"Stress-70 protein, mitochondrial",keep,keep,FALSE,TRUE,NA,4100000,6.8,89.6,-0.07913590968302214
P39019,RPS19,40S ribosomal protein S19,keep,keep,FALSE,TRUE,NA,37000,298,20.9,0.08024976873265495
P39059,COL15A1,Collagen alpha-1(XV) chain,keep,keep,FALSE,FALSE,Secreted to extracellular matrix,6700000,0,0.6,0.014112903225806455
P39060,COL18A1,Collagen alpha-1(XVIII) chain,keep,keep,FALSE,TRUE,Secreted to extracellular matrix,160000000,4.9,1.4,-0.20652173913043478
P39210,MPV17,Protein Mpv17,keep,keep,FALSE,TRUE,NA,NA,2.1,108.9,NA
P39656,DDOST,Dolichyl-diphosphooligosaccharide--protein glycosyltransferase 48 kDa subunit,keep,keep,FALSE,TRUE,NA,140000,1.7,19.7,0.11205673758865248
P39687,ANP32A,Acidic leucine-rich nuclear phosphoprotein 32 family member A,keep,keep,FALSE,TRUE,NA,2300000,29.5,36.3,-0.022924901185770747
P40121,CAPG,Macrophage-capping protein,keep,keep,FALSE,TRUE,NA,3400000,0.6,0.8,NA
P40123,CAP2,Adenylyl cyclase-associated protein 2,keep,keep,FALSE,FALSE,NA,NA,0.2,2274.8,-0.05156317846287451
P40199,CEACAM6,Carcinoembryonic antigen-related cell adhesion molecule 6,keep,keep,FALSE,FALSE,NA,1700000,1.6,0.1,NA
P40227,CCT6A,T-complex protein 1 subunit zeta,keep,keep,FALSE,TRUE,NA,4200000,30.1,38.3,0.238384715588363
P40261,NNMT,Nicotinamide N-methyltransferase,keep,keep,FALSE,FALSE,NA,360000,1.5,22.4,NA
P40429,RPL13A,60S ribosomal protein L13a,keep,keep,FALSE,TRUE,NA,32000,325.7,19.7,-0.036081747709654687
P40616,ARL1,ADP-ribosylation factor-like protein 1,keep,keep,FALSE,TRUE,NA,NA,3.2,17.3,-0.032173913043478254
P40763,STAT3,Signal transducer and activator of transcription 3,keep,keep,FALSE,TRUE,NA,40000,6.2,181.4,0.19589743589743588
P40925,MDH1,"Malate dehydrogenase, cytoplasmic",keep,keep,FALSE,TRUE,NA,32000000,9.2,181.5,-0.100412505427703
P40926,MDH2,"Malate dehydrogenase, mitochondrial",keep,keep,FALSE,TRUE,NA,8100000,9,39.8,0.07023447676943118
P40939,HADHA,"Trifunctional enzyme subunit alpha, mitochondrial",keep,keep,FALSE,TRUE,NA,510000,29,166.3,0.005536257056013894
P41091,EIF2S3,Eukaryotic translation initiation factor 2 subunit 3,keep,keep,FALSE,TRUE,NA,600000,24.1,60.2,0.01967314215232809
P41218,MNDA,Myeloid cell nuclear differentiation antigen,keep,keep,FALSE,FALSE,NA,570000,13.7,0.3,NA
P41236,PPP1R2,Protein phosphatase inhibitor 2,keep,keep,FALSE,FALSE,NA,33000,7.2,139.4,0.34798387096774197
P41250,GARS1,Glycine--tRNA ligase,keep,keep,FALSE,TRUE,Intracellular and membrane,830000,27,50.4,-0.04660037002775208
P41252,IARS1,"Isoleucine--tRNA ligase, cytoplasmic",keep,keep,FALSE,TRUE,NA,150000,10.8,96,-0.1976339032493315
P41567,EIF1,Eukaryotic translation initiation factor 1,keep,keep,FALSE,FALSE,NA,NA,984.4,92.8,0.16336725254394077
P42025,ACTR1B,Beta-centractin,keep,keep,FALSE,TRUE,NA,240000,0.1,20.8,0.06768525592055004
P42126,ECI1,"Enoyl-CoA delta isomerase 1, mitochondrial",keep,keep,FALSE,TRUE,NA,3100000,6.2,88.8,0.11485019539730786
P42167,TMPO,"Lamina-associated polypeptide 2, isoforms beta/gamma",keep,keep,FALSE,TRUE,NA,180000,55.9,33.2,0.16176470588235292
P42224,STAT1,Signal transducer and activator of transcription 1-alpha/beta,keep,keep,FALSE,TRUE,NA,110000,5.3,124,NA
P42330,AKR1C3,Aldo-keto reductase family 1 member C3,keep,keep,FALSE,TRUE,NA,2700000,4.6,9.3,-0.07123034227567068
P42574,CASP3,Caspase-3,keep,keep,FALSE,TRUE,NA,300000,7.4,16.8,0.05357142857142856
P42677,RPS27,40S ribosomal protein S27,keep,keep,FALSE,TRUE,NA,NA,432.4,23.7,0.0929144385026738
P42704,LRPPRC,"Leucine-rich PPR motif-containing protein, mitochondrial",keep,keep,FALSE,TRUE,NA,290000,7.7,178.5,0.03310898827616153
P42765,ACAA2,"3-ketoacyl-CoA thiolase, mitochondrial",keep,keep,FALSE,TRUE,NA,5100000,4.9,14.6,0.01009552757273122
P42766,RPL35,60S ribosomal protein L35,keep,keep,FALSE,TRUE,NA,25000,306.8,15.4,0.13157894736842107
P43007,SLC1A4,Neutral amino acid transporter A,keep,keep,FALSE,TRUE,NA,NA,0.2,66.4,-0.27045177045177043
P43034,PAFAH1B1,Platelet-activating factor acetylhydrolase IB subunit alpha,keep,keep,FALSE,TRUE,NA,1300000,16.6,578.2,0.01461609620721554
P43155,CRAT,Carnitine O-acetyltransferase,keep,keep,FALSE,TRUE,NA,4300,7,30,-0.14687364307425096
P43243,MATR3,Matrin-3,keep,keep,FALSE,TRUE,NA,270000,0,1.4,NA
P43251,BTD,Biotinidase,remove: plasma,remove: plasma,TRUE,TRUE,Secreted to blood,2300000000,3.3,236.8,0.29426129426129427
P43304,GPD2,"Glycerol-3-phosphate dehydrogenase, mitochondrial",keep,keep,FALSE,TRUE,NA,240000,2.2,131,0.051225716928769656
P43487,RANBP1,Ran-specific GTPase-activating protein,keep,keep,FALSE,TRUE,NA,2400000,33.6,7.4,0.2827392120075048
P43490,NAMPT,Nicotinamide phosphoribosyltransferase,keep: rescued (muscle-expressed),keep: rescued (muscle-expressed),FALSE,TRUE,Secreted to blood,1600000,27.4,41.5,0.11609620721554116
P43652,AFM,Afamin,remove: plasma,remove: plasma,TRUE,TRUE,Secreted to blood,19000000000,0,0,0.37339971550497864
P43686,PSMC4,26S proteasome regulatory subunit 6B,keep,keep,FALSE,TRUE,NA,190000,8.3,2.6,-0.291150169596053
P43897,TSFM,"Elongation factor Ts, mitochondrial",keep,keep,FALSE,TRUE,NA,6200,0,14.7,-0.08368794326241134
P45378,TNNT3,"Troponin T, fast skeletal muscle",keep,keep,FALSE,FALSE,NA,1200000,0,48.9,0.06697785497177594
P45381,ASPA,Aspartoacylase,keep,keep,FALSE,FALSE,NA,NA,0,65.5,-0.15961945031712474
P45877,PPIC,Peptidyl-prolyl cis-trans isomerase C,keep,keep,FALSE,FALSE,Intracellular and membrane,1100000,0,14.7,0.32903225806451614
P45880,VDAC2,Voltage-dependent anion-selective channel protein 2,keep,keep,FALSE,TRUE,NA,340000,14.1,40.9,-0.028006947459834997
P45954,ACADSB,"Short/branched chain specific acyl-CoA dehydrogenase, mitochondrial",keep,keep,FALSE,FALSE,NA,50000,3.1,48.4,-0.09541901867129832
P45974,USP5,Ubiquitin carboxyl-terminal hydrolase 5,keep,keep,FALSE,TRUE,NA,1800000,3.1,10.4,0.040471785383903794
P45984,MAPK9,Mitogen-activated protein kinase 9,keep,keep,FALSE,TRUE,NA,NA,3,41.2,-0.1896633475580844
P45985,MAP2K4,Dual specificity mitogen-activated protein kinase kinase 4,keep,keep,FALSE,TRUE,NA,NA,7.6,140.2,0.026086956521739126
P46019,PHKA2,"Phosphorylase b kinase regulatory subunit alpha, liver isoform",keep,keep,FALSE,TRUE,NA,NA,1.6,72.3,-0.2047872340425532
P46020,PHKA1,"Phosphorylase b kinase regulatory subunit alpha, skeletal muscle isoform",keep,keep,FALSE,TRUE,NA,NA,0.2,181.8,-0.2391445940078159
P46109,CRKL,Crk-like protein,keep,keep,FALSE,TRUE,NA,2100000,10.4,38.9,0.25957446808510637
P46199,MTIF2,"Translation initiation factor IF-2, mitochondrial",keep,keep,FALSE,TRUE,NA,NA,3.6,49.5,0.22283272283272282
P46379,BAG6,Large proline-rich protein BAG6,keep,keep,FALSE,TRUE,Intracellular and membrane,260000,14.3,3,-0.04642857142857142
P46459,NSF,Vesicle-fusing ATPase,keep,keep,FALSE,TRUE,NA,88000,0,2.2,0.24403330249768732
P46734,MAP2K3,Dual specificity mitogen-activated protein kinase kinase 3,keep,keep,FALSE,TRUE,NA,18000,384.9,32.3,-0.09085974815458098
P46776,RPL27A,60S ribosomal protein L27a,keep,keep,FALSE,TRUE,NA,33000,306.1,16.4,0.35403377110694195
P46777,RPL5,60S ribosomal protein L5,keep,keep,FALSE,TRUE,NA,260000,205.7,62.7,0.2686168057693866
P46781,RPS9,40S ribosomal protein S9,keep,keep,FALSE,TRUE,NA,36000,158.2,7.3,-0.044507164567954845
P46782,RPS5,40S ribosomal protein S5,keep,keep,FALSE,TRUE,NA,540000,215.1,14.7,0.0022796352583586625
P46783,RPS10,40S ribosomal protein S10,keep,keep,FALSE,TRUE,NA,45000,104.9,4.6,0.12800647548566144
P46926,GNPDA1,Glucosamine-6-phosphate isomerase 1,keep,keep,FALSE,TRUE,NA,670000,0.6,37.6,-0.007815892314372557
P46939,UTRN,Utrophin,keep,keep,FALSE,FALSE,NA,16000,10.9,142.8,0.22404181184668992
P46940,IQGAP1,Ras GTPase-activating-like protein IQGAP1,keep,keep,FALSE,TRUE,NA,1900000,12.2,317.1,-0.06881533101045298
P46976,GYG1,Glycogenin-1,keep,keep,FALSE,TRUE,NA,100000,2.5,90.8,-0.14394268345636127
P46977,STT3A,Dolichyl-diphosphooligosaccharide--protein glycosyltransferase subunit STT3A,keep,keep,FALSE,TRUE,NA,19000,4.4,21.3,-0.13043478260869568
P47755,CAPZA2,F-actin-capping protein subunit alpha-2,keep,keep,FALSE,TRUE,NA,5700000,23.9,226.4,0.1790009250693802
P47756,CAPZB,F-actin-capping protein subunit beta,keep,keep,FALSE,TRUE,NA,8500000,8.4,168.4,0.22427268779852366
P47813,EIF1AX,"Eukaryotic translation initiation factor 1A, X-chromosomal",keep,keep,FALSE,TRUE,NA,NA,15.1,34.7,0.07037148897614014
P47897,QARS1,Glutamine--tRNA ligase,keep,keep,FALSE,TRUE,NA,110000,2,17.3,-0.20671936758893275
P47985,UQCRFS1,"Cytochrome b-c1 complex subunit Rieske, mitochondrial",keep,keep,FALSE,TRUE,NA,25000,21.6,55.4,-0.10540599218410769
P48047,ATP5PO,"ATP synthase subunit O, mitochondrial",keep,keep,FALSE,TRUE,NA,110000,14.6,5.4,-0.2256838905775076
P48059,LIMS1,LIM and senescent cell antigen-like-containing domain protein 1,keep,keep,FALSE,TRUE,NA,20000000,13.2,311.8,0.012721821570375172
P48147,PREP,Prolyl endopeptidase,keep,keep,FALSE,TRUE,NA,1500000,0.4,184.4,0.08554059921841077
P48163,ME1,NADP-dependent malic enzyme,keep,keep,FALSE,FALSE,NA,3000000,0.4,243.6,-0.23496762257169287
P48444,ARCN1,Coatomer subunit delta,keep,keep,FALSE,TRUE,NA,220000,2.1,31,-0.3730812013348165
P48449,LSS,Lanosterol synthase,keep,keep,FALSE,TRUE,NA,NA,2.1,11.6,0.05478260869565217
P48506,GCLC,Glutamate--cysteine ligase catalytic subunit,keep,keep,FALSE,TRUE,NA,6400000,46.8,70.4,0.446524064171123
P48507,GCLM,Glutamate--cysteine ligase regulatory subunit,keep,keep,FALSE,TRUE,NA,1500000,98.7,59.8,0.36337285902503286
P48556,PSMD8,26S proteasome non-ATPase regulatory subunit 8,keep,keep,FALSE,TRUE,NA,71000,19.5,51.9,-0.16581868640148012
P48637,GSS,Glutathione synthetase,keep,keep,FALSE,TRUE,NA,20000000,1.8,27.2,0.13886693017127796
P48643,CCT5,T-complex protein 1 subunit epsilon,keep,keep,FALSE,TRUE,NA,1600000,16.4,23.8,0.23751628310898829
P48681,NES,Nestin,keep,keep,FALSE,FALSE,NA,51000,0.2,3.1,NA
P48729,CSNK1A1,Casein kinase I isoform alpha,keep,keep,FALSE,TRUE,NA,NA,19.7,207.7,0.19130434782608693
P48735,IDH2,"Isocitrate dehydrogenase [NADP], mitochondrial",keep,keep,FALSE,TRUE,NA,4100000,33.1,225.6,-0.12679114198871036
P48788,TNNI2,"Troponin I, fast skeletal muscle",keep,keep,FALSE,FALSE,NA,87000,0.1,58.9,-0.043204515848892754
P49023,PXN,Paxillin,keep,keep,FALSE,FALSE,NA,NA,2.6,99.2,0.010837438423645318
P49137,MAPKAPK2,MAP kinase-activated protein kinase 2,keep,keep,FALSE,FALSE,NA,NA,10,77.5,-0.1657754010695187
P49189,ALDH9A1,4-trimethylaminobutyraldehyde dehydrogenase,keep,keep,FALSE,TRUE,Intracellular and membrane,3200000,1.7,18.2,0.21493703864524533
P49247,RPIA,Ribose-5-phosphate isomerase,keep,keep,FALSE,TRUE,NA,810000,46.4,40.3,0.14493927125506073
P49257,LMAN1,Protein ERGIC-53,keep,keep,FALSE,TRUE,NA,8600000,1.3,62.8,-0.015705225007550592
P49327,FASN,Fatty acid synthase,keep,keep,FALSE,TRUE,NA,3300000,0,1.2,NA
P49354,FNTA,Protein farnesyltransferase/geranylgeranyltransferase type-1 subunit alpha,keep,keep,FALSE,TRUE,NA,89000,4.7,18,0.0313588850174216
P49368,CCT3,T-complex protein 1 subunit gamma,keep,keep,FALSE,TRUE,NA,2100000,28.4,48.8,0.13406426400347374
P49411,TUFM,"Elongation factor Tu, mitochondrial",keep,keep,FALSE,TRUE,NA,550000,13.1,10.6,-0.01411202778983934
P49419,ALDH7A1,Alpha-aminoadipic semialdehyde dehydrogenase,keep,keep,FALSE,FALSE,NA,750000,0.2,32.8,-0.05334566759173604
P49441,INPP1,Inositol polyphosphate 1-phosphatase,keep,keep,FALSE,FALSE,NA,49000,0.1,18.2,-0.08931788931788934
P49458,SRP9,Signal recognition particle 9 kDa protein,keep,keep,FALSE,TRUE,NA,5500,18.7,43.8,0.18997281787979464
P49585,PCYT1A,Choline-phosphate cytidylyltransferase A,keep,keep,FALSE,TRUE,NA,NA,0.2,50.8,NA
P49588,AARS1,"Alanine--tRNA ligase, cytoplasmic",keep,keep,FALSE,TRUE,NA,930000,7.2,40.6,0.04480796586059744
P49589,CARS1,"Cysteine--tRNA ligase, cytoplasmic",keep,keep,FALSE,TRUE,NA,140000,0.1,2.9,-0.15315315315315317
P49591,SARS1,"Serine--tRNA ligase, cytoplasmic",keep,keep,FALSE,TRUE,NA,900000,18.6,37.7,-0.02393822393822394
P49593,PPM1F,Protein phosphatase 1F,keep,keep,FALSE,TRUE,NA,390000,0.9,12.9,NA
P49720,PSMB3,Proteasome subunit beta type-3,keep,keep,FALSE,TRUE,NA,4200000,23.5,1.6,-0.12962534690101757
P49721,PSMB2,Proteasome subunit beta type-2,keep,keep,FALSE,TRUE,NA,6100000,10.9,57.5,0.10204081632653061
P49747,COMP,Cartilage oligomeric matrix protein,keep,keep,FALSE,FALSE,Secreted to extracellular matrix,1400000000,0,0.1,NA
P49748,ACADVL,"Very long-chain specific acyl-CoA dehydrogenase, mitochondrial",keep,keep,FALSE,TRUE,NA,69000,8.7,86.6,-0.046244029526704304
P49753,ACOT2,"Acyl-coenzyme A thioesterase 2, mitochondrial",keep,keep,FALSE,FALSE,NA,NA,0,17.9,-0.02409900130264872
P49755,TMED10,Transmembrane emp24 domain-containing protein 10,keep,keep,FALSE,TRUE,NA,130000,8.4,56.8,0.06864014801110083
P49773,HINT1,Histidine triad nucleotide-binding protein 1,keep,keep,FALSE,TRUE,NA,1500000,28.2,86.5,-0.05243161094224924
P49789,FHIT,Bis(5'-adenosyl)-triphosphatase,keep,keep,FALSE,TRUE,NA,9200,7.8,846.9,NA
P49821,NDUFV1,"NADH dehydrogenase [ubiquinone] flavoprotein 1, mitochondrial",keep,keep,FALSE,TRUE,NA,87000,14,97.7,-0.0985670864090317
P49840,GSK3A,Glycogen synthase kinase-3 alpha,keep,keep,FALSE,TRUE,NA,5300,3.3,0.4,0.08187464709203841
P49841,GSK3B,Glycogen synthase kinase-3 beta,keep,keep,FALSE,TRUE,NA,NA,9.8,277.8,0.2500938086303941
P49902,NT5C2,Cytosolic purine 5'-nucleotidase,keep,keep,FALSE,TRUE,NA,8000,15.1,1164.1,-0.3387096774193548
P49913,CAMP,Cathelicidin antimicrobial peptide,remove: plasma,remove: plasma,TRUE,TRUE,Secreted to blood,36000000,4.6,0,NA
P49914,MTHFS,5-formyltetrahydrofolate cyclo-ligase,keep,keep,FALSE,TRUE,NA,NA,1.6,4.6,NA
P50213,IDH3A,"Isocitrate dehydrogenase [NAD] subunit alpha, mitochondrial",keep,keep,FALSE,TRUE,NA,16000,0.8,66.2,8.684324793747286e-4
P50238,CRIP1,Cysteine-rich protein 1,keep,keep,FALSE,TRUE,NA,65000,0.3,0.2,0.14608695652173911
P50395,GDI2,Rab GDP dissociation inhibitor beta,remove: red-cell (blood-tracking + RBC proteome),remove: red-cell (blood-tracking + RBC proteome),TRUE,TRUE,NA,43000000,13.8,75.3,0.5159574468085106
P50416,CPT1A,"Carnitine O-palmitoyltransferase 1, liver isoform",keep,keep,FALSE,TRUE,NA,19000,10.4,29.6,0.04847478103292057
P50440,GATM,"Glycine amidinotransferase, mitochondrial",keep,keep,FALSE,FALSE,NA,930000,0.5,18.1,NA
P50461,CSRP3,Cysteine and glycine-rich protein 3,keep,keep,FALSE,FALSE,NA,130000,0,238,-0.13862353452019105
P50502,ST13,Hsc70-interacting protein,keep,keep,FALSE,TRUE,NA,8200000,92.6,53.1,0.39546244029526706
P50552,VASP,Vasodilator-stimulated phosphoprotein,keep,keep,FALSE,TRUE,NA,28000000,7.9,3.8,NA
P50570,DNM2,Dynamin-2,keep,keep,FALSE,TRUE,NA,150000,14.4,137.2,0.19512516469038205
P50579,METAP2,Methionine aminopeptidase 2,keep,keep,FALSE,TRUE,NA,35000,87.4,98.1,0.02854122621564482
P50583,NUDT2,Bis(5'-nucleosyl)-tetraphosphatase [asymmetrical],keep,keep,FALSE,TRUE,NA,27000,0.5,30.6,-0.2192982456140351
P50895,BCAM,Basal cell adhesion molecule,keep,keep,FALSE,TRUE,NA,7800000,2.5,3.1,-0.20957799905168326
P50914,RPL14,60S ribosomal protein L14,keep,keep,FALSE,TRUE,NA,94000,182.9,31.7,-0.11189972817879795
P50990,CCT8,T-complex protein 1 subunit theta,keep,keep,FALSE,TRUE,NA,3500000,24.4,36.7,0.2777898393399913
P50991,CCT4,T-complex protein 1 subunit delta,keep,keep,FALSE,TRUE,NA,2100000,29,67.3,0.3010204081632653
P50993,ATP1A2,Sodium/potassium-transporting ATPase subunit alpha-2,keep,keep,FALSE,TRUE,NA,450000,0,1204.8,-0.31274424663482414
P50995,ANXA11,Annexin A11,keep,keep,FALSE,TRUE,NA,210000,7.7,85.2,0.02702996092053843
P51114,FXR1,Fragile X mental retardation syndrome-related protein 1,keep,keep,FALSE,TRUE,NA,16000,29.9,483.8,0.2648648648648649
P51148,RAB5C,Ras-related protein Rab-5C,keep,keep,FALSE,TRUE,NA,570000,0.8,0.1,0.35214937038645244
P51149,RAB7A,Ras-related protein Rab-7a,keep,keep,FALSE,TRUE,NA,3500000,22.6,421.3,0.14546244029526703
P51151,RAB9A,Ras-related protein Rab-9A,keep,keep,FALSE,TRUE,NA,NA,2.1,39.7,-0.0018966334755808438
P51398,DAP3,"28S ribosomal protein S29, mitochondrial",keep,keep,FALSE,FALSE,NA,NA,9.6,156.8,NA
P51452,DUSP3,Dual specificity protein phosphatase 3,keep,keep,FALSE,TRUE,NA,1500000,0.3,32.4,0.0031480677377333914
P51553,IDH3G,"Isocitrate dehydrogenase [NAD] subunit gamma, mitochondrial",keep,keep,FALSE,FALSE,NA,9400,8.8,14.7,-0.1860616587060356
P51570,GALK1,Galactokinase,keep,keep,FALSE,TRUE,NA,18000,0.3,0.4,-0.0886504799548278
P51571,SSR4,Translocon-associated protein subunit delta,keep,keep,FALSE,TRUE,NA,130000,42.1,3.6,NA
P51572,BCAP31,B-cell receptor-associated protein 31,keep,keep,FALSE,TRUE,NA,75000,7.4,22.4,0.1585585585585586
P51636,CAV2,Caveolin-2,keep,keep,FALSE,FALSE,NA,NA,0.3,1.1,-0.22868435911914176
P51648,ALDH3A2,Aldehyde dehydrogenase family 3 member A2,keep,keep,FALSE,TRUE,NA,67000,1.9,49.1,0.05080330004342163
P51649,ALDH5A1,"Succinate-semialdehyde dehydrogenase, mitochondrial",keep,keep,FALSE,FALSE,NA,87000,5.4,50.6,-0.03484585323491098
P51659,HSD17B4,Peroxisomal multifunctional enzyme type 2,keep,keep,FALSE,TRUE,NA,620000,10.6,100.7,-0.17121789158090917
P51665,PSMD7,26S proteasome non-ATPase regulatory subunit 7,keep,keep,FALSE,TRUE,NA,72000,13.4,45.4,-0.5525017618040874
P51668,UBE2D1,Ubiquitin-conjugating enzyme E2 D1,keep,keep,FALSE,TRUE,NA,NA,3.1,310.4,0.18074866310160428
P51687,SUOX,"Sulfite oxidase, mitochondrial",keep,keep,FALSE,FALSE,NA,76000,0,26.9,NA
P51692,STAT5B,Signal transducer and activator of transcription 5B,keep,keep,FALSE,TRUE,NA,NA,10.6,132.1,0.12436040044493882
P51812,RPS6KA3,Ribosomal protein S6 kinase alpha-3,keep,keep,FALSE,TRUE,NA,6700,4.6,446.4,-0.18926919518963922
P51858,HDGF,Hepatoma-derived growth factor,keep: rescued (muscle-expressed),keep: rescued (muscle-expressed),FALSE,TRUE,Secreted to blood,1300000,105.4,21,0.18304810360777057
P51884,LUM,Lumican,keep,keep,FALSE,FALSE,Secreted to extracellular matrix,11000000000,0,0.5,0.12451150673035172
P51888,PRELP,Prolargin,keep,keep,FALSE,FALSE,Secreted to extracellular matrix,250000,0,0.3,0.11078224101479915
P51911,CNN1,Calponin-1,keep,keep,FALSE,FALSE,NA,51000,0,0.7,0.2821428571428571
P51970,NDUFA8,NADH dehydrogenase [ubiquinone] 1 alpha subcomplex subunit 8,keep,keep,FALSE,TRUE,NA,9300,10.6,36.8,-0.1582718193660443
P51991,HNRNPA3,Heterogeneous nuclear ribonucleoprotein A3,remove: red-cell (blood-tracking + RBC proteome),remove: red-cell (blood-tracking + RBC proteome),TRUE,TRUE,NA,460000,32.9,212.6,0.45398840135682234
P52179,MYOM1,Myomesin-1,keep,keep,FALSE,FALSE,NA,13000,0.2,3793.5,-0.00510204081632653
P52209,PGD,"6-phosphogluconate dehydrogenase, decarboxylating",remove: red-cell (blood-tracking + RBC proteome),remove: red-cell (blood-tracking + RBC proteome),TRUE,TRUE,NA,36000000,10,18,0.47535822839774206
P52272,HNRNPM,Heterogeneous nuclear ribonucleoprotein M,keep,keep,FALSE,TRUE,NA,280000,31.3,174.1,NA
P52294,KPNA1,Importin subunit alpha-5,keep,keep,FALSE,TRUE,NA,NA,21.1,221.9,-0.02388663967611336
P52564,MAP2K6,Dual specificity mitogen-activated protein kinase kinase 6,keep,keep,FALSE,TRUE,NA,NA,0.5,557.8,-0.16793313069908816
P52565,ARHGDIA,Rho GDP-dissociation inhibitor 1,keep,keep,FALSE,TRUE,NA,17000000,5.2,3.3,0.2628093790707772
P52566,ARHGDIB,Rho GDP-dissociation inhibitor 2,keep,keep,FALSE,TRUE,NA,41000000,16.3,0.2,0.24847374847374842
P52758,RIDA,2-iminobutanoate/2-iminopropanoate deaminase,keep,keep,FALSE,TRUE,NA,2200000,2,18.8,0.09650455927051672
P52788,SMS,Spermine synthase,keep,keep,FALSE,TRUE,NA,260000,3.6,37.7,-0.13228492136910266
P52789,HK2,Hexokinase-2,keep,keep,FALSE,FALSE,NA,100000,0.1,26.8,NA
P52790,HK3,Hexokinase-3,keep,keep,FALSE,FALSE,NA,2300000,0.2,0.2,NA
P52815,MRPL12,"39S ribosomal protein L12, mitochondrial",keep,keep,FALSE,TRUE,NA,410000,0,0.1,-0.4345191040843214
P52888,THOP1,Thimet oligopeptidase,keep,keep,FALSE,TRUE,NA,1700000,4.6,5.3,0.16009852216748766
P52895,AKR1C2,Aldo-keto reductase family 1 member C2,keep,keep,FALSE,FALSE,NA,3300000,0,14.6,0.5618294748729532
P52907,CAPZA1,F-actin-capping protein subunit alpha-1,keep,keep,FALSE,TRUE,NA,12000000,15.7,253.1,0.16077705827937092
P52943,CRIP2,Cysteine-rich protein 2,keep,keep,FALSE,FALSE,NA,520000,0,0.9,-0.12360580595874714
P53004,BLVRA,Biliverdin reductase A,keep,keep,FALSE,TRUE,NA,2600000,6.9,17.1,0.13590968302214504
P53041,PPP5C,Serine/threonine-protein phosphatase 5,keep,keep,FALSE,TRUE,NA,220000,0.3,54.3,-0.09794172062904719
P53384,NUBP1,Cytosolic Fe-S cluster assembly factor NUBP1,keep,keep,FALSE,TRUE,NA,NA,3,20.1,-0.30049261083743833
P53396,ACLY,ATP-citrate synthase,keep,keep,FALSE,TRUE,NA,4000000,4.9,8.9,NA
P53597,SUCLG1,"Succinate--CoA ligase [ADP/GDP-forming] subunit alpha, mitochondrial",keep,keep,FALSE,TRUE,NA,170000,4.8,81.8,-0.12245605920444033
P53618,COPB1,Coatomer subunit beta,keep,keep,FALSE,TRUE,NA,340000,3.8,47.1,-0.25242914979757086
P53621,COPA,Coatomer subunit alpha,keep: rescued (muscle-expressed),keep: rescued (muscle-expressed),FALSE,TRUE,Secreted to blood,170000,11.4,101.7,-0.04338153503893215
P53680,AP2S1,AP-2 complex subunit sigma,keep,keep,FALSE,TRUE,NA,NA,87.1,8.9,-0.3571428571428571
P53701,HCCS,Cytochrome c-type heme lyase,keep,keep,FALSE,TRUE,NA,NA,2.8,4.1,-0.08684210526315789
P53778,MAPK12,Mitogen-activated protein kinase 12,keep,keep,FALSE,FALSE,NA,NA,0,25.4,-0.10169596053037311
P53814,SMTN,Smoothelin,keep,keep,FALSE,FALSE,NA,43000,0,28.7,-0.1671599718111346
P53985,SLC16A1,Monocarboxylate transporter 1,keep,keep,FALSE,TRUE,NA,15000,1,6.1,0.08146582100070472
P53990,IST1,IST1 homolog,keep,keep,FALSE,TRUE,NA,330000,9.9,126.9,-0.33745173745173745
P53992,SEC24C,Protein transport protein Sec24C,keep,keep,FALSE,TRUE,NA,NA,4.6,36,0.16241405653170357
P53999,SUB1,Activated RNA polymerase II transcriptional coactivator p15,keep,keep,FALSE,FALSE,NA,140000,47.1,41.2,0.16500925069380204
P54136,RARS1,"Arginine--tRNA ligase, cytoplasmic",keep,keep,FALSE,TRUE,NA,140000,6.5,49,0.07678075855689177
P54284,CACNB3,Voltage-dependent L-type calcium channel subunit beta-3,keep,keep,FALSE,FALSE,NA,NA,1.5,0.2,0.11540240518038852
P54289,CACNA2D1,Voltage-dependent calcium channel subunit alpha-2/delta-1,keep,keep,FALSE,FALSE,Intracellular and membrane,94000000,0,3245.4,0.12266608771168042
P54296,MYOM2,Myomesin-2,keep,keep,FALSE,FALSE,NA,280000,0,115,-0.02040816326530612
P54577,YARS1,"Tyrosine--tRNA ligase, cytoplasmic",keep,keep,FALSE,TRUE,NA,930000,5,93,0.043418803418803414
P54578,USP14,Ubiquitin carboxyl-terminal hydrolase 14,keep,keep,FALSE,TRUE,NA,4400000,21.6,107.8,0.273230568823274
P54619,PRKAG1,5'-AMP-activated protein kinase subunit gamma-1,keep,keep,FALSE,TRUE,NA,NA,0,0.3,-0.1971341728180634
P54646,PRKAA2,5'-AMP-activated protein kinase catalytic subunit alpha-2,keep,keep,FALSE,FALSE,NA,NA,0,481.8,-0.11921831637372804
P54652,HSPA2,Heat shock-related 70 kDa protein 2,keep,keep,FALSE,TRUE,NA,89000000,0,13.6,-0.05699088145896656
P54707,ATP12A,Potassium-transporting ATPase alpha chain 2,keep,keep,FALSE,TRUE,NA,NA,0,0.4,-0.0918077951543635
P54725,RAD23A,UV excision repair protein RAD23 homolog A,keep,keep,FALSE,TRUE,NA,2600000,216.1,76,0.08822849213691027
P54727,RAD23B,UV excision repair protein RAD23 homolog B,keep,keep,FALSE,TRUE,NA,4800000,13.4,277.1,-0.026270082501085538
P54819,AK2,"Adenylate kinase 2, mitochondrial",keep,keep,FALSE,TRUE,NA,1500000,0.3,92.2,-0.1582718193660443
P54920,NAPA,Alpha-soluble NSF attachment protein,keep,keep,FALSE,TRUE,NA,1500000,10,40.8,0.11378353376503238
P54922,ADPRH,[Protein ADP-ribosylarginine] hydrolase,keep,keep,FALSE,FALSE,NA,NA,0,5.8,0.0861169837914024
P55010,EIF5,Eukaryotic translation initiation factor 5,keep,keep,FALSE,TRUE,NA,93000,139,82.4,-0.018996960486322188
P55036,PSMD4,26S proteasome non-ATPase regulatory subunit 4,keep,keep,FALSE,TRUE,NA,52000,14.7,70.3,-0.11575701510946652
P55039,DRG2,Developmentally-regulated GTP-binding protein 2,keep,keep,FALSE,TRUE,NA,NA,3.4,10.8,NA
P55042,RRAD,GTP-binding protein RAD,keep,keep,FALSE,FALSE,NA,NA,0,185,0.3099437148217637
P55060,CSE1L,Exportin-2,keep,keep,FALSE,TRUE,NA,530000,9.7,73.8,0.08429694727104532
P55072,VCP,Transitional endoplasmic reticulum ATPase,keep,keep,FALSE,TRUE,NA,66000000,13.5,77.1,0.17021276595744683
P55083,MFAP4,Microfibril-associated glycoprotein 4,keep,keep,FALSE,FALSE,Secreted to extracellular matrix,15000000,0,0.3,-0.2336229946524064
P55084,HADHB,"Trifunctional enzyme subunit beta, mitochondrial",keep,keep,FALSE,TRUE,NA,130000,26.1,361.7,0.03386886669561442
P55209,NAP1L1,Nucleosome assembly protein 1-like 1,keep,keep,FALSE,TRUE,NA,13000000,17.1,97.5,0.03054857791102828
P55263,ADK,Adenosine kinase,keep,keep,FALSE,TRUE,NA,510000,21.9,575.4,0.03503473270915131
P55268,LAMB2,Laminin subunit beta-2,keep,keep,FALSE,TRUE,Secreted to extracellular matrix,16000000,0.2,12.1,0.026315789473684213
P55290,CDH13,Cadherin-13,keep,keep,FALSE,FALSE,Intracellular and membrane,160000000,0,2264.9,-0.0895004625346901
P55735,SEC13,Protein SEC13 homolog,keep,keep,FALSE,TRUE,NA,37000,8.4,161.5,-0.21428571428571425
P55786,NPEPPS,Puromycin-sensitive aminopeptidase,keep,keep,FALSE,TRUE,NA,4300000,14,283.9,-0.03723404255319149
P55809,OXCT1,"Succinyl-CoA:3-ketoacid coenzyme A transferase 1, mitochondrial",keep,keep,FALSE,TRUE,NA,660000,6.1,81.7,0.31719367588932806
P55822,SH3BGR,SH3 domain-binding glutamic acid-rich protein,keep,keep,FALSE,FALSE,NA,7700,0,0.7,0.33923143725575333
P55884,EIF3B,Eukaryotic translation initiation factor 3 subunit B,keep,keep,FALSE,TRUE,NA,230000,18.9,35.7,0.1309568480300188
P56134,ATP5MF,"ATP synthase subunit f, mitochondrial",keep,keep,FALSE,FALSE,NA,47000,30.1,3.4,0.00510204081632653
P56181,NDUFV3,"NADH dehydrogenase [ubiquinone] flavoprotein 3, mitochondrial",keep,keep,FALSE,FALSE,NA,NA,22.3,148.6,-0.16039464411557436
P56199,ITGA1,Integrin alpha-1,keep,keep,FALSE,TRUE,NA,2000000,0.2,2.8,NA
P56211,ARPP19,cAMP-regulated phosphoprotein 19,keep,keep,FALSE,FALSE,NA,380000,2.3,144.6,0.10810429880197323
P56381,ATP5F1E,"ATP synthase subunit epsilon, mitochondrial",keep,keep,FALSE,FALSE,NA,NA,508,17,-0.019303114400246683
P56385,ATP5ME,"ATP synthase subunit e, mitochondrial",keep,keep,FALSE,TRUE,NA,140000,31.8,39.4,-0.1429656969170647
P56537,EIF6,Eukaryotic translation initiation factor 6,keep,keep,FALSE,TRUE,NA,650000,1.7,3.3,0.19819819819819823
P56539,CAV3,Caveolin-3,keep,keep,FALSE,FALSE,NA,NA,0,77.4,NA
P56556,NDUFA6,NADH dehydrogenase [ubiquinone] 1 alpha subcomplex subunit 6,keep,keep,FALSE,TRUE,NA,NA,14.3,2.2,-0.12255753365175857
P57105,SYNJ2BP,Synaptojanin-2-binding protein,keep,keep,FALSE,TRUE,NA,NA,0,0.1,-0.09108849830403946
P57772,EEFSEC,Selenocysteine-specific elongation factor,keep,keep,FALSE,TRUE,NA,4200,0,33.1,NA
P58511,SMIM11A,Small integral membrane protein 11A,keep,keep,FALSE,FALSE,NA,NA,0,0.2,0.08342602892102337
P58546,MTPN,Myotrophin,keep,keep,FALSE,TRUE,NA,15000000,39.8,27.6,0.3234910985670864
P59666,DEFA3,Neutrophil defensin 3,remove: red-cell (blood-tracking + RBC proteome),remove: red-cell (blood-tracking + RBC proteome),TRUE,TRUE,Secreted to blood,NA,21.3,0,0.5448275862068965
P59998,ARPC4,Actin-related protein 2/3 complex subunit 4,keep,keep,FALSE,TRUE,NA,5100000,0.4,0.2,0.3068917668825162
P60033,CD81,CD81 antigen,keep,keep,FALSE,TRUE,NA,1300000,5,6.1,-0.20784377278988736
P60059,SEC61G,Protein transport protein Sec61 subunit gamma,keep,keep,FALSE,TRUE,NA,NA,16.7,6.2,NA
P60174,TPI1,Triosephosphate isomerase,keep,keep,FALSE,TRUE,NA,83000000,16.7,40.8,-0.021819366044290054
P60228,EIF3E,Eukaryotic translation initiation factor 3 subunit E,keep,keep,FALSE,TRUE,NA,150000,29.7,86.4,0.0019163763066202095
P60520,GABARAPL2,Gamma-aminobutyric acid receptor-associated protein-like 2,keep,keep,FALSE,TRUE,NA,22000,203.5,11.1,0.009897360703812317
P60602,ROMO1,Reactive oxygen species modulator 1,keep,keep,FALSE,TRUE,NA,NA,27.2,3.2,-0.037098930481283425
P60660,MYL6,Myosin light polypeptide 6,keep,keep,FALSE,TRUE,NA,67000000,247.6,46.5,0.2105948762483717
P60709,ACTB,"Actin, cytoplasmic 1",keep,keep,FALSE,TRUE,NA,7900000000,335.4,110.2,0.21830221450282242
P60842,EIF4A1,Eukaryotic initiation factor 4A-I,keep,keep,FALSE,TRUE,NA,6500000,0,0.1,0.2877768128528007
P60866,RPS20,40S ribosomal protein S20,keep,keep,FALSE,TRUE,NA,75000,227,13.8,0.042738205365402404
P60891,PRPS1,Ribose-phosphate pyrophosphokinase 1,keep,keep,FALSE,TRUE,NA,590000,18.4,4.2,0.1423450508788159
P60900,PSMA6,Proteasome subunit alpha type-6,keep,keep,FALSE,TRUE,NA,15000000,0,0.1,-0.016608771168041686
P60903,S100A10,Protein S100-A10,keep,keep,FALSE,TRUE,NA,640000,14.4,2,-0.04475023126734505
P60953,CDC42,Cell division control protein 42 homolog,keep,keep,FALSE,TRUE,NA,2900000,3.3,12.1,0.0364741641337386
P60981,DSTN,Destrin,keep,keep,FALSE,TRUE,NA,5800000,15.9,53.1,0.03484427998766574
P60983,GMFB,Glia maturation factor beta,keep,keep,FALSE,TRUE,NA,860000,0.4,9.2,0.25177887246852765
P61006,RAB8A,Ras-related protein Rab-8A,keep,keep,FALSE,TRUE,NA,5300000,4,5.3,-0.036153846153846154
P61019,RAB2A,Ras-related protein Rab-2A,keep,keep,FALSE,TRUE,NA,400000,16.1,266.7,-0.03180633955709944
P61020,RAB5B,Ras-related protein Rab-5B,keep,keep,FALSE,TRUE,NA,210000,2.2,38.4,-0.05890688259109312
P61026,RAB10,Ras-related protein Rab-10,keep,keep,FALSE,TRUE,NA,5600000,36.5,548.4,0.09169750231267346
P61077,UBE2D3,Ubiquitin-conjugating enzyme E2 D3,keep,keep,FALSE,TRUE,NA,NA,181.1,298.2,-0.13200173686495875
P61081,UBE2M,NEDD8-conjugating enzyme Ubc12,keep,keep,FALSE,TRUE,NA,39000,30.1,4.3,-0.002312673450508788
P61086,UBE2K,Ubiquitin-conjugating enzyme E2 K,keep,keep,FALSE,TRUE,NA,270000,33.2,391.2,-0.0448350292938637
P61088,UBE2N,Ubiquitin-conjugating enzyme E2 N,keep,keep,FALSE,TRUE,NA,1900000,9,85.7,0.17140686061658705
P61106,RAB14,Ras-related protein Rab-14,keep,keep,FALSE,TRUE,NA,4100000,14.8,38.2,0.24895470383275267
P61158,ACTR3,Actin-related protein 3,keep,keep,FALSE,TRUE,NA,18000000,32.5,59.9,0.31360112755461594
P61160,ACTR2,Actin-related protein 2,keep,keep,FALSE,TRUE,NA,16000000,25.9,84.2,0.07944664031620552
P61163,ACTR1A,Alpha-centractin,keep,keep,FALSE,TRUE,NA,650000,11.6,43.7,-0.12852800694745983
P61201,COPS2,COP9 signalosome complex subunit 2,keep,keep,FALSE,TRUE,NA,250000,10.1,49.7,0.01780758556891767
P61221,ABCE1,ATP-binding cassette sub-family E member 1,keep,keep,FALSE,TRUE,NA,140000,8.1,35.7,0.07620495006513243
P61224,RAP1B,Ras-related protein Rap-1b,keep,keep,FALSE,TRUE,NA,60000000,17.5,166.1,0.22796352583586624
P61225,RAP2B,Ras-related protein Rap-2b,keep,keep,FALSE,TRUE,NA,180000,14.2,0.7,0.197063805759458
P61247,RPS3A,40S ribosomal protein S3a,keep,keep,FALSE,TRUE,NA,270000,323.2,48.2,0.11586493987049029
P61289,PSME3,Proteasome activator complex subunit 3,keep,keep,FALSE,FALSE,NA,21000,0.4,16.2,0.013812544045102185
P61313,RPL15,60S ribosomal protein L15,keep,keep,FALSE,TRUE,NA,200000,178.5,12.5,0.07624140565317035
P61353,RPL27,60S ribosomal protein L27,keep,keep,FALSE,TRUE,NA,96000,151.6,11.8,0.09878048780487807
P61457,PCBD1,Pterin-4-alpha-carbinolamine dehydratase,keep,keep,FALSE,TRUE,NA,540000,0.5,8.2,0.1374294398610508
P61513,RPL37A,60S ribosomal protein L37a,keep,keep,FALSE,TRUE,NA,26000,444.4,45.8,-0.3003095975232198
P61586,RHOA,Transforming protein RhoA,keep,keep,FALSE,TRUE,NA,1600000,0.1,0.5,0.04646113764654798
P61604,HSPE1,"10 kDa heat shock protein, mitochondrial",keep,keep,FALSE,TRUE,NA,2000000,14,3.8,0.09227095093356491
P61626,LYZ,Lysozyme C,remove: red-cell (blood-tracking + RBC proteome),remove: red-cell (blood-tracking + RBC proteome),TRUE,TRUE,Secreted to blood,690000000,41.3,1.7,0.6628352490421456
P61758,VBP1,Prefoldin subunit 3,keep,keep,FALSE,TRUE,NA,40000,28.9,14.3,-0.12911725955204215
P61769,B2M,Beta-2-microglobulin,remove: plasma,remove: plasma,TRUE,TRUE,Secreted to blood,1300000000,76,2.9,0.015503875968992248
P61803,DAD1,Dolichyl-diphosphooligosaccharide--protein glycosyltransferase subunit DAD1,keep,keep,FALSE,TRUE,NA,11000,11.6,15.2,0.009523809523809525
P61916,NPC2,NPC intracellular cholesterol transporter 2,remove: plasma,remove: plasma,TRUE,FALSE,Secreted to blood,14000000,7.8,4.5,0.4807017543859649
P61923,COPZ1,Coatomer subunit zeta-1,keep,keep,FALSE,TRUE,NA,330000,11.9,5.5,0.045454545454545456
P61925,PKIA,cAMP-dependent protein kinase inhibitor alpha,keep,keep,FALSE,FALSE,NA,NA,0,269.2,-0.05968379446640315
P61956,SUMO2,Small ubiquitin-related modifier 2,keep,keep,FALSE,TRUE,NA,NA,4,32.2,0.013696060037523456
P61960,UFM1,Ubiquitin-fold modifier 1,keep,keep,FALSE,TRUE,NA,140000,3.6,32.8,0.30105401844532276
P61970,NUTF2,Nuclear transport factor 2,keep,keep,FALSE,TRUE,NA,2700000,8.9,12.6,0.18269648284845855
P61978,HNRNPK,Heterogeneous nuclear ribonucleoprotein K,keep,keep,FALSE,TRUE,NA,3500000,74.8,55,0.14274858879722102
P61981,YWHAG,14-3-3 protein gamma,keep,keep,FALSE,TRUE,NA,68000000,13.7,123.1,0.14850195397307858
P62070,RRAS2,Ras-related protein R-Ras2,keep,keep,FALSE,TRUE,NA,NA,0,229.7,0.07170868347338936
P62072,TIMM10,Mitochondrial import inner membrane translocase subunit Tim10,keep,keep,FALSE,TRUE,NA,4300,10.7,1.6,-0.13916548127074443
P62081,RPS7,40S ribosomal protein S7,keep,keep,FALSE,TRUE,NA,610000,180.6,16.2,-0.027867715078630895
P62136,PPP1CA,Serine/threonine-protein phosphatase PP1-alpha catalytic subunit,keep,keep,FALSE,TRUE,NA,2300000,16.2,14.5,-0.15295267042987407
P62140,PPP1CB,Serine/threonine-protein phosphatase PP1-beta catalytic subunit,keep,keep,FALSE,TRUE,NA,2100000,9.9,157.8,0.05677377333912288
P62191,PSMC1,26S proteasome regulatory subunit 4,keep,keep,FALSE,TRUE,NA,130000,4.9,46.3,0.22953283996299723
P62195,PSMC5,26S proteasome regulatory subunit 8,keep,keep,FALSE,TRUE,NA,83000,28,4.9,-0.2112241751464693
P62241,RPS8,40S ribosomal protein S8,keep,keep,FALSE,TRUE,NA,180000,432.8,40.7,-0.14858926919518964
P62244,RPS15A,40S ribosomal protein S15a,keep,keep,FALSE,TRUE,NA,110000,312.3,18.6,0.24884366327474558
P62249,RPS16,40S ribosomal protein S16,keep,keep,FALSE,TRUE,NA,37000,261.8,22,0.08467216673903603
P62253,UBE2G1,Ubiquitin-conjugating enzyme E2 G1,keep,keep,FALSE,TRUE,NA,NA,9.7,834.9,-0.4331479421579533
P62258,YWHAE,14-3-3 protein epsilon,keep,keep,FALSE,TRUE,NA,96000000,4.9,2.8,0.26356925749023014
P62263,RPS14,40S ribosomal protein S14,keep,keep,FALSE,TRUE,NA,1200000,359.1,23,0.012559760149096507
P62269,RPS18,40S ribosomal protein S18,keep,keep,FALSE,TRUE,NA,59000,470.9,11.1,0.0660268270120259
P62277,RPS13,40S ribosomal protein S13,keep,keep,FALSE,TRUE,NA,120000,249.9,15.1,0.012096774193548388
P62280,RPS11,40S ribosomal protein S11,keep,keep,FALSE,TRUE,NA,22000,484.8,15.2,0.21411149825783976
P62308,SNRPG,Small nuclear ribonucleoprotein G,keep,keep,FALSE,FALSE,NA,52000,37.8,19.6,0.15194805194805194
P62314,SNRPD1,Small nuclear ribonucleoprotein Sm D1,keep,keep,FALSE,FALSE,NA,240000,30.2,26.4,NA
P62318,SNRPD3,Small nuclear ribonucleoprotein Sm D3,keep,keep,FALSE,FALSE,NA,21000,1.6,1.7,-0.04582176996608079
P62330,ARF6,ADP-ribosylation factor 6,keep,keep,FALSE,TRUE,NA,280000,17.9,3.7,0.19606448553816974
P62333,PSMC6,26S proteasome regulatory subunit 10B,keep,keep,FALSE,TRUE,NA,230000,11.5,81.8,0.11193339500462535
P62424,RPL7A,60S ribosomal protein L7a,keep,keep,FALSE,TRUE,NA,850000,273.6,14.1,0.16061517113783533
P62495,ETF1,Eukaryotic peptide chain release factor subunit 1,keep,keep,FALSE,TRUE,NA,610000,16.4,45,0.07686499546964663
P62633,CNBP,Cellular nucleic acid-binding protein,keep,keep,FALSE,TRUE,NA,100000,29.5,239.3,0.029749320446994867
P62701,RPS4X,"40S ribosomal protein S4, X isoform",keep,keep,FALSE,TRUE,NA,230000,248.1,10.6,0.04374728614850196
P62714,PPP2CB,Serine/threonine-protein phosphatase 2A catalytic subunit beta isoform,keep,keep,FALSE,TRUE,NA,NA,1.7,150.3,0.05584415584415584
P62750,RPL23A,60S ribosomal protein L23a,keep,keep,FALSE,TRUE,NA,270000,180.4,20,0.17401215805471124
P62753,RPS6,40S ribosomal protein S6,keep,keep,FALSE,TRUE,NA,640000,395,20.1,0.051454624402952676
P62805,H4C1,Histone H4,keep,keep,FALSE,TRUE,NA,97000000,4.6,0,0.16402518454190185
P62807,H2BC4,Histone H2B type 1-C/E/F/G/I,keep,keep,FALSE,FALSE,NA,NA,6.1,0,0.2526052974381242
P62820,RAB1A,Ras-related protein Rab-1A,keep,keep,FALSE,TRUE,NA,7200000,22.5,224.4,0.2053392658509455
P62826,RAN,GTP-binding nuclear protein Ran,remove: red-cell (blood-tracking + RBC proteome),remove: red-cell (blood-tracking + RBC proteome),TRUE,TRUE,NA,5400000,70.7,5.7,0.5213851498046027
P62829,RPL23,60S ribosomal protein L23,keep,keep,FALSE,TRUE,NA,120000,161,16.4,0.08062555708613565
P62834,RAP1A,Ras-related protein Rap-1A,keep,keep,FALSE,TRUE,NA,NA,38.4,156.5,-0.04331983805668016
P62841,RPS15,40S ribosomal protein S15,keep,keep,FALSE,TRUE,NA,480000,355.7,14.7,0.44891640866873067
P62847,RPS24,40S ribosomal protein S24,keep,keep,FALSE,TRUE,NA,29000,413.5,36.5,0.03734259661311333
P62851,RPS25,40S ribosomal protein S25,keep,keep,FALSE,TRUE,NA,47000,132.7,15.3,0.1651107251411203
P62854,RPS26,40S ribosomal protein S26,keep,keep,FALSE,TRUE,NA,31000,96.5,20.2,0.030161943319838055
P62857,RPS28,40S ribosomal protein S28,keep,keep,FALSE,TRUE,NA,1000000,334.3,23.8,-0.1194572926302806
P62873,GNB1,Guanine nucleotide-binding protein G(I)/G(S)/G(T) subunit beta-1,keep,keep,FALSE,TRUE,NA,4000000,14.3,106.8,0.31394542090656796
P62879,GNB2,Guanine nucleotide-binding protein G(I)/G(S)/G(T) subunit beta-2,keep,keep,FALSE,TRUE,NA,3200000,29.6,3.1,0.03619333950046253
P62888,RPL30,60S ribosomal protein L30,keep,keep,FALSE,TRUE,NA,140000,365.6,36.2,0.09204440333024977
P62899,RPL31,60S ribosomal protein L31,keep,keep,FALSE,TRUE,NA,110000,156.1,151.6,-0.09824293353705117
P62906,RPL10A,60S ribosomal protein L10a,keep,keep,FALSE,TRUE,NA,450000,124,22.4,0.17915510329941411
P62910,RPL32,60S ribosomal protein L32,keep,keep,FALSE,TRUE,NA,16000,396.6,26.9,-0.015479876160990712
P62913,RPL11,60S ribosomal protein L11,keep,keep,FALSE,TRUE,NA,240000,308.7,31.8,0.22165991902834006
P62917,RPL8,60S ribosomal protein L8,keep,keep,FALSE,TRUE,NA,420000,288.4,20.4,NA
P62937,PPIA,Peptidyl-prolyl cis-trans isomerase A,keep: rescued (muscle-expressed),keep: rescued (muscle-expressed),FALSE,TRUE,Secreted to blood,230000000,48.8,21.1,0.31155015197568386
P62942,FKBP1A,Peptidyl-prolyl cis-trans isomerase FKBP1A,keep,keep,FALSE,TRUE,NA,19000000,0.1,0.2,0.2735562310030395
P62979,RPS27A,Ubiquitin-40S ribosomal protein S27a,keep,keep,FALSE,TRUE,NA,170000000,377.2,15.3,0.13243595310464612
P62993,GRB2,Growth factor receptor-bound protein 2,keep,keep,FALSE,TRUE,NA,2300000,17.6,79.5,0.19148936170212766
P63000,RAC1,Ras-related C3 botulinum toxin substrate 1,keep,keep,FALSE,TRUE,NA,3400000,24.9,48.8,0.19973947025618757
P63010,AP2B1,AP-2 complex subunit beta,keep,keep,FALSE,TRUE,NA,360000,61.1,158.9,0.1051444679351656
P63027,VAMP2,Vesicle-associated membrane protein 2,keep,keep,FALSE,TRUE,NA,5200000,3.2,1.4,-0.024577861163227025
P63098,PPP3R1,Calcineurin subunit B type 1,keep,keep,FALSE,TRUE,NA,53000,0.7,0.4,0.06752062527138515
P63104,YWHAZ,14-3-3 protein zeta/delta,keep,keep,FALSE,TRUE,NA,330000000,30.6,109.5,0.2699739470256188
P63146,UBE2B,Ubiquitin-conjugating enzyme E2 B,keep,keep,FALSE,TRUE,NA,NA,123.6,421.6,0.2719941348973607
P63151,PPP2R2A,Serine/threonine-protein phosphatase 2A 55 kDa regulatory subunit B alpha isoform,keep,keep,FALSE,TRUE,NA,18000,17.2,240.1,-0.13610083256244218
P63167,DYNLL1,"Dynein light chain 1, cytoplasmic",keep,keep,FALSE,TRUE,NA,910000,102.9,30.2,0.04934894408578619
P63172,DYNLT1,Dynein light chain Tctex-type 1,keep,keep,FALSE,FALSE,NA,NA,4.7,81.7,-0.09677419354838711
P63173,RPL38,60S ribosomal protein L38,keep,keep,FALSE,TRUE,NA,75000,191.4,12.7,0.10985670864090316
P63208,SKP1,S-phase kinase-associated protein 1,keep,keep,FALSE,TRUE,NA,1400000,12.3,30.9,0.2456059204440333
P63220,RPS21,40S ribosomal protein S21,keep,keep,FALSE,TRUE,NA,59000,318.5,10.9,0.037927844588344126
P63241,EIF5A,Eukaryotic translation initiation factor 5A-1,keep,keep,FALSE,TRUE,NA,NA,17.8,0.3,0.16326530612244897
P63244,RACK1,Receptor of activated protein C kinase 1,keep,keep,FALSE,TRUE,NA,470000,140.1,29.8,0.09085974815458098
P63279,UBE2I,SUMO-conjugating enzyme UBC9,keep,keep,FALSE,TRUE,NA,170000,22.5,27.2,0.10280604378661731
P63302,SELENOW,Selenoprotein W,keep,keep,FALSE,TRUE,NA,NA,1.2,103.2,0.1729064039408867
P63316,TNNC1,"Troponin C, slow skeletal and cardiac muscles",keep,keep,FALSE,FALSE,NA,890000,0,266.3,0.09780720798957881
P67775,PPP2CA,Serine/threonine-protein phosphatase 2A catalytic subunit alpha isoform,keep,keep,FALSE,TRUE,NA,NA,0.7,0.5,-0.08065566652192792
P67809,YBX1,Y-box-binding protein 1,keep,keep,FALSE,TRUE,Intracellular and membrane,1200000,407.2,31.6,0.12696577243293247
P67870,CSNK2B,Casein kinase II subunit beta,keep,keep,FALSE,TRUE,NA,71000,17,2.7,0.16883116883116886
P67936,TPM4,Tropomyosin alpha-4 chain,keep,keep,FALSE,TRUE,NA,410000000,8.3,0.4,0.08426457263666567
P68032,ACTC1,"Actin, alpha cardiac muscle 1",keep,keep,FALSE,TRUE,NA,NA,0,18.9,0.3205882352941176
P68036,UBE2L3,Ubiquitin-conjugating enzyme E2 L3,keep,keep,FALSE,TRUE,NA,5400000,17.3,62.5,0.056882327399044724
P68104,EEF1A1,Elongation factor 1-alpha 1,keep,keep,FALSE,TRUE,NA,76000000,81.3,23.7,0.07913590968302214
P68133,ACTA1,"Actin, alpha skeletal muscle",keep,keep,FALSE,TRUE,NA,3500000000,0,1143.9,0.05167173252279635
P68363,TUBA1B,Tubulin alpha-1B chain,keep,keep,FALSE,TRUE,NA,NA,256.8,1.8,-0.07815892314372558
P68366,TUBA4A,Tubulin alpha-4A chain,keep,keep,FALSE,TRUE,NA,210000000,32.8,37.6,0.05959617889709075
P68371,TUBB4B,Tubulin beta-4B chain,keep,keep,FALSE,TRUE,NA,130000000,112.6,9.8,0.06437255753365176
P68400,CSNK2A1,Casein kinase II subunit alpha,keep,keep,FALSE,TRUE,NA,510000,15.4,177.4,-0.09749425538899222
P68402,PAFAH1B2,Platelet-activating factor acetylhydrolase IB subunit beta,keep,keep,FALSE,TRUE,NA,220000,17.4,69.2,-0.012684989429175477
P68871,HBB,Hemoglobin subunit beta,remove: globin,red-cell carryover,TRUE,TRUE,NA,17000000000,521402.5,0.9,0.69811115935736
P69891,HBG1,Hemoglobin subunit gamma-1,remove: globin,red-cell carryover,TRUE,TRUE,NA,6900000000,0,0,0.37386018237082064
P69892,HBG2,Hemoglobin subunit gamma-2,remove: globin,orphan gamma-globin: HbF is a2g2 and no alpha or beta chain survives. Shares tryptic peptides with HBB/HBD; razor-assigned onto the last entry standing,TRUE,TRUE,NA,7000000000,0,0,0.5960591133004925
P69905,HBA1,Hemoglobin subunit alpha,remove: globin,red-cell carryover,TRUE,TRUE,NA,34000000000,129436.6,0.6,0.6525184541901867
P78344,EIF4G2,Eukaryotic translation initiation factor 4 gamma 2,keep,keep,FALSE,FALSE,NA,36000,36.1,78.3,0.0696864111498258
P78356,PIP4K2B,Phosphatidylinositol 5-phosphate 4-kinase type-2 beta,keep,keep,FALSE,TRUE,NA,NA,0,0.1,-0.2925472747497219
P78371,CCT2,T-complex protein 1 subunit beta,keep,keep,FALSE,TRUE,NA,3400000,32,24,0.14915327833260963
P78417,GSTO1,Glutathione S-transferase omega-1,keep,keep,FALSE,TRUE,NA,36000000,24.6,13.9,0.18161094224924013
P78560,CRADD,Death domain-containing protein CRADD,keep,keep,FALSE,TRUE,NA,NA,2.6,399.8,-0.07419354838709678
P80188,LCN2,Neutrophil gelatinase-associated lipocalin,keep,keep,FALSE,TRUE,Secreted in other tissues,120000000,13.8,0,NA
P80511,S100A12,Protein S100-A12,remove: plasma,remove: plasma,TRUE,FALSE,Secreted to blood,27000000,25,0,NA
P80748,IGLV3-21,Immunoglobulin lambda variable 3-21,remove: red-cell (blood-tracking + RBC proteome),remove: red-cell (blood-tracking + RBC proteome),TRUE,TRUE,Immunoglobulin genes,NA,3,0,0.5789915966386555
P81605,DCD,Dermcidin,remove: keratin,dermcidin; sweat,TRUE,TRUE,Secreted in other tissues,200000000,0,0,NA
P82650,MRPS22,"28S ribosomal protein S22, mitochondrial",keep,keep,FALSE,FALSE,NA,NA,1.9,35,-0.11325090272458692
P82675,MRPS5,"28S ribosomal protein S5, mitochondrial",keep,keep,FALSE,TRUE,NA,NA,1.9,17,NA
P82909,MRPS36,"28S ribosomal protein S36, mitochondrial",keep,keep,FALSE,TRUE,NA,NA,13.8,2.5,-0.047562582345191035
P82921,MRPS21,"28S ribosomal protein S21, mitochondrial",keep,keep,FALSE,FALSE,NA,NA,4.4,43.6,NA
P82933,MRPS9,"28S ribosomal protein S9, mitochondrial",keep,keep,FALSE,FALSE,NA,NA,8.1,98.7,NA
P83111,LACTB,"Serine beta-lactamase-like protein LACTB, mitochondrial",keep,keep,FALSE,TRUE,NA,NA,2.1,37.4,-0.20277898393399912
P83731,RPL24,60S ribosomal protein L24,keep,keep,FALSE,TRUE,NA,30000,237.5,36.1,-0.08767507002801121
P84077,ARF1,ADP-ribosylation factor 1,remove: red-cell (blood-tracking + RBC proteome),remove: red-cell (blood-tracking + RBC proteome),TRUE,TRUE,NA,20000000,62,21,0.4557099435518888
P84085,ARF5,ADP-ribosylation factor 5,keep,keep,FALSE,TRUE,NA,5100000,5.4,4.4,0.08797653958944282
P84095,RHOG,Rho-related GTP-binding protein RhoG,keep,keep,FALSE,TRUE,NA,470000,3.7,1.6,NA
P84098,RPL19,60S ribosomal protein L19,keep,keep,FALSE,TRUE,NA,47000,269.8,19,0.14609837128271616
P84103,SRSF3,Serine/arginine-rich splicing factor 3,keep,keep,FALSE,TRUE,NA,120000,63.3,52.7,0.36179529282977557
P84157,MXRA7,Matrix-remodeling-associated protein 7,keep,keep,FALSE,FALSE,NA,45000,0,14.4,0.030632411067193676
P84243,H3-3A,Histone H3.3,keep,keep,FALSE,FALSE,NA,40000000,36.6,21,0.21473172987974098
P98095,FBLN2,Fibulin-2,keep,keep,FALSE,FALSE,Secreted to extracellular matrix,11000000,0,1,-0.017786561264822136
P98160,HSPG2,Basement membrane-specific heparan sulfate proteoglycan core protein,keep,keep,FALSE,TRUE,Secreted to extracellular matrix,470000000,0.5,32,0.002898550724637681
P99999,CYCS,Cytochrome c,keep,keep,FALSE,TRUE,NA,21000000,20.3,40.7,-0.1538211029092488
Q00013,MPP1,55 kDa erythrocyte membrane protein,keep,keep,FALSE,TRUE,NA,370000,305.6,8.8,0.4346829640947288
Q00059,TFAM,"Transcription factor A, mitochondrial",keep,keep,FALSE,TRUE,NA,NA,1.8,17.5,-0.18405797101449273
Q00169,PITPNA,Phosphatidylinositol transfer protein alpha isoform,keep,keep,FALSE,TRUE,NA,120000,10.4,34.6,0.25317035905271196
Q00325,SLC25A3,"Phosphate carrier protein, mitochondrial",keep,keep,FALSE,TRUE,NA,340000,49.5,54.7,-0.12223187147199306
Q00577,PURA,Transcriptional activator protein Pur-alpha,keep,keep,FALSE,TRUE,NA,1400000,8,80.5,0.22658517952635598
Q00610,CLTC,Clathrin heavy chain 1,keep,keep,FALSE,TRUE,NA,15000000,48.2,195.8,0.018038852913968548
Q00688,FKBP3,Peptidyl-prolyl cis-trans isomerase FKBP3,keep,keep,FALSE,TRUE,NA,460000,18.4,145.8,0.05030064754856615
Q00765,REEP5,Receptor expression-enhancing protein 5,keep,keep,FALSE,TRUE,NA,6600,16.5,93.3,0.15034737299174988
Q00796,SORD,Sorbitol dehydrogenase,keep,keep,FALSE,TRUE,NA,3600000,0.7,3.6,0.2257085020242915
Q00839,HNRNPU,Heterogeneous nuclear ribonucleoprotein U,keep,keep,FALSE,TRUE,NA,3800000,39.6,512.4,0.14059196617336153
Q00872,MYBPC1,"Myosin-binding protein C, slow-type",keep,keep,FALSE,FALSE,NA,210000,0,14831,0.2082066869300912
Q00G26,PLIN5,Perilipin-5,keep,keep,FALSE,FALSE,NA,NA,1.6,177.4,-0.08623693379790942
Q01082,SPTBN1,"Spectrin beta chain, non-erythrocytic 1",keep,keep,FALSE,TRUE,NA,1800000,3.8,85.2,0.2058823529411765
Q01105,SET,Protein SET,keep,keep,FALSE,TRUE,NA,1700000,44.9,13,0.40392156862745104
Q01130,SRSF2,Serine/arginine-rich splicing factor 2,keep,keep,FALSE,FALSE,NA,53000,45.9,145.9,0.08517823639774862
Q01432,AMPD3,AMP deaminase 3,keep,keep,FALSE,TRUE,NA,51000,3.6,65.7,-0.15132435953104648
Q01469,FABP5,Fatty acid-binding protein 5,keep,keep,FALSE,TRUE,Intracellular and membrane,12000000,0.5,1,-0.19224924012158054
Q01484,ANK2,Ankyrin-2,keep,keep,FALSE,TRUE,NA,NA,0.2,1069.4,-0.2354273633343401
Q01518,CAP1,Adenylyl cyclase-associated protein 1,keep,keep,FALSE,TRUE,NA,77000000,10.4,29.3,0.2998381128584644
Q01814,ATP2B2,Plasma membrane calcium-transporting ATPase 2,keep,keep,FALSE,TRUE,NA,NA,0,67.9,NA
Q01995,TAGLN,Transgelin,keep,keep,FALSE,FALSE,NA,6000000,0.3,4.3,0.06613965744400525
Q02127,DHODH,"Dihydroorotate dehydrogenase (quinone), mitochondrial",keep,keep,FALSE,TRUE,NA,NA,4.5,10.8,NA
Q02218,OGDH,"2-oxoglutarate dehydrogenase, mitochondrial",keep,keep,FALSE,TRUE,NA,91000,15.3,365.1,-0.21157186278766826
Q02252,ALDH6A1,"Methylmalonate-semialdehyde dehydrogenase [acylating], mitochondrial",keep,keep,FALSE,TRUE,NA,44000,3.7,26.3,0.1331923890063425
Q02338,BDH1,"D-beta-hydroxybutyrate dehydrogenase, mitochondrial",keep,keep,FALSE,FALSE,NA,NA,0,8.3,0.07631350412505428
Q02413,DSG1,Desmoglein-1,remove: keratin,desmoglein-1; skin desmosome,TRUE,TRUE,NA,86000000,0,0,NA
Q02543,RPL18A,60S ribosomal protein L18a,keep,keep,FALSE,TRUE,NA,8200,302.3,13.6,-0.03596837944664031
Q02641,CACNB1,Voltage-dependent L-type calcium channel subunit beta-1,keep,keep,FALSE,TRUE,NA,NA,0,95.8,-0.2587110699969164
Q02750,MAP2K1,Dual specificity mitogen-activated protein kinase kinase 1,keep,keep,FALSE,TRUE,NA,110000,3.5,114.9,-0.16211840888066606
Q02790,FKBP4,Peptidyl-prolyl cis-trans isomerase FKBP4,keep,keep,FALSE,TRUE,NA,600000,5.8,5.7,0.17290848686197524
Q02818,NUCB1,Nucleobindin-1,keep: rescued (muscle-expressed),keep: rescued (muscle-expressed),FALSE,TRUE,Secreted to blood,46000000,12.6,30.8,NA
Q02878,RPL6,60S ribosomal protein L6,keep,keep,FALSE,TRUE,NA,530000,191.4,34.2,0.08694595251600357
Q02952,AKAP12,A-kinase anchor protein 12,keep,keep,FALSE,FALSE,NA,3700000,0,1.3,-0.2434782608695652
Q02978,SLC25A11,Mitochondrial 2-oxoglutarate/malate carrier protein,keep,keep,FALSE,TRUE,NA,5600,3.7,11.7,0.01932262266608771
Q03013,GSTM4,Glutathione S-transferase Mu 4,keep,keep,FALSE,FALSE,NA,1700000,0.2,8.8,-0.09458128078817732
Q03135,CAV1,Caveolin-1,keep,keep,FALSE,FALSE,NA,4800,0,0.8,-0.033765032377428304
Q03154,ACY1,Aminoacylase-1,keep,keep,FALSE,FALSE,NA,19000000,0,0.2,-0.1356382978723404
Q03252,LMNB2,Lamin-B2,keep,keep,FALSE,TRUE,NA,79000,1.8,5.3,-0.2473684210526316
Q04323,UBXN1,UBX domain-containing protein 1,keep,keep,FALSE,TRUE,NA,18000,24.2,6,0.03583662714097496
Q04446,GBE1,"1,4-alpha-glucan-branching enzyme",keep,keep,FALSE,TRUE,NA,7700000,5.3,1502.9,-0.08603145235892692
Q04637,EIF4G1,Eukaryotic translation initiation factor 4 gamma 1,keep,keep,FALSE,TRUE,NA,480000,19.8,40.9,-0.12338112858464384
Q04695,KRT17,"Keratin, type I cytoskeletal 17",remove: keratin,cRAP dust/contact,TRUE,TRUE,NA,380000000,0,0,NA
Q04759,PRKCQ,Protein kinase C theta type,keep,keep,FALSE,TRUE,NA,NA,1.8,413.3,-0.16007248565388102
Q04760,GLO1,Lactoylglutathione lyase,keep,keep,FALSE,TRUE,NA,2000000,14,41.6,0.061224489795918366
Q04828,AKR1C1,Aldo-keto reductase family 1 member C1,keep,keep,FALSE,TRUE,NA,3400000,1.8,10.7,0.012384716732542817
Q04837,SSBP1,"Single-stranded DNA-binding protein, mitochondrial",keep,keep,FALSE,TRUE,NA,36000,22.1,31.6,-0.15769349367869256
Q04917,YWHAH,14-3-3 protein eta,keep,keep,FALSE,TRUE,NA,54000000,32.6,1.1,0.1276595744680851
Q05086,UBE3A,Ubiquitin-protein ligase E3A,keep,keep,FALSE,TRUE,NA,NA,5.8,498.3,-0.04072580645161291
Q05639,EEF1A2,Elongation factor 1-alpha 2,keep,keep,FALSE,FALSE,NA,44000000,0,71.1,0.09845853234910985
Q05682,CALD1,Caldesmon,keep,keep,FALSE,FALSE,NA,46000000,0.3,125.9,-0.030103995621237
Q05707,COL14A1,Collagen alpha-1(XIV) chain,keep,keep,FALSE,TRUE,Secreted to extracellular matrix,6100000,0,42.1,NA
Q06055,ATP5MC2,"ATP synthase F(0) complex subunit C2, mitochondrial",keep,keep,FALSE,FALSE,NA,NA,34.8,70.6,-0.08179271708683475
Q06124,PTPN11,Tyrosine-protein phosphatase non-receptor type 11,keep,keep,FALSE,TRUE,NA,100000,18.9,133,0.13130434782608694
Q06210,GFPT1,Glutamine--fructose-6-phosphate aminotransferase [isomerizing] 1,keep,keep,FALSE,FALSE,NA,67000,2.1,60.2,NA
Q06323,PSME1,Proteasome activator complex subunit 1,keep,keep,FALSE,TRUE,NA,6500000,22.2,1.2,0.3686495874945723
Q06432,CACNG1,Voltage-dependent calcium channel gamma-1 subunit,keep,keep,FALSE,FALSE,NA,NA,0,127.4,-0.16662958843159065
Q06828,FMOD,Fibromodulin,keep,keep,FALSE,FALSE,Secreted to extracellular matrix,1200000,0,0.2,NA
Q06830,PRDX1,Peroxiredoxin-1,keep,keep,FALSE,TRUE,NA,75000000,55.2,11.2,0.25162831089882765
Q07020,RPL18,60S ribosomal protein L18,keep,keep,FALSE,TRUE,NA,230000,242,12.1,0.1674989144594008
Q07021,C1QBP,"Complement component 1 Q subcomponent-binding protein, mitochondrial",remove: plasma,remove: plasma,TRUE,TRUE,Secreted to blood,1500000,7.2,9.5,-0.0053191489361702135
Q07065,CKAP4,Cytoskeleton-associated protein 4,keep,keep,FALSE,TRUE,NA,120000,0.7,6.1,NA
Q07507,DPT,Dermatopontin,keep,keep,FALSE,FALSE,Secreted to extracellular matrix,3500000,0,0.3,NA
Q07666,KHDRBS1,"KH domain-containing, RNA-binding, signal transduction-associated protein 1",keep,keep,FALSE,TRUE,NA,52000,15,80.4,NA
Q07699,SCN1B,Sodium channel subunit beta-1,keep,keep,FALSE,FALSE,Secreted in other tissues,NA,0.4,58.4,0.10805860805860805
Q07812,BAX,Apoptosis regulator BAX,keep,keep,FALSE,TRUE,NA,89000,10.4,7.6,0.16691729323308271
Q07866,KLC1,Kinesin light chain 1,keep,keep,FALSE,TRUE,NA,6900,2.5,72.5,0.06428571428571428
Q07955,SRSF1,Serine/arginine-rich splicing factor 1,keep,keep,FALSE,FALSE,NA,82000,1.5,1.7,-0.23823529411764707
Q07960,ARHGAP1,Rho GTPase-activating protein 1,keep,keep,FALSE,TRUE,NA,3900000,2.2,14.5,0.20756302521008405
Q08043,ACTN3,Alpha-actinin-3,keep,keep,FALSE,TRUE,NA,18000000,0,46.3,0.06975806451612904
Q08209,PPP3CA,Serine/threonine-protein phosphatase 2B catalytic subunit alpha isoform,keep,keep,FALSE,TRUE,NA,80000,20.4,388.1,0.028658271819366046
Q08257,CRYZ,Quinone oxidoreductase,keep,keep,FALSE,TRUE,NA,3800000,0.3,17.1,-0.1181005242059821
Q08380,LGALS3BP,Galectin-3-binding protein,remove: plasma,remove: plasma,TRUE,TRUE,Secreted to blood,2700000000,0,0.8,0.1211474632527264
Q08623,PUDP,Pseudouridine-5'-phosphatase,keep,keep,FALSE,TRUE,NA,170000,0.6,68,-0.03299414122725871
Q08752,PPID,Peptidyl-prolyl cis-trans isomerase D,keep,keep,FALSE,TRUE,NA,4900,3.2,35.8,0.32540322580645165
Q09028,RBBP4,Histone-binding protein RBBP4,keep,keep,FALSE,FALSE,NA,390000,18.9,112.5,0.012195121951219516
Q09666,AHNAK,Neuroblast differentiation-associated protein AHNAK,keep,keep,FALSE,FALSE,NA,48000000,6.4,58.3,0.12972210160660008
Q0VAK6,LMOD3,Leiomodin-3,keep,keep,FALSE,FALSE,NA,NA,0,241.8,0.1317889317889318
Q0VDG4,SCRN3,Secernin-3,keep,keep,FALSE,TRUE,NA,27000,0.1,60.6,-0.05599222105177863
Q0ZGT2,NEXN,Nexilin,keep,keep,FALSE,TRUE,NA,4500000,0,2709.1,0.11336032388663968
Q10567,AP1B1,AP-1 complex subunit beta-1,keep,keep,FALSE,TRUE,NA,580000,10.1,44,0.07862903225806453
Q10588,BST1,ADP-ribosyl cyclase/cyclic ADP-ribose hydrolase 2,keep,keep,FALSE,TRUE,Intracellular and membrane,52000000,0.4,0.5,NA
Q10713,PMPCA,Mitochondrial-processing peptidase subunit alpha,keep,keep,FALSE,FALSE,NA,37000,1.8,14.1,-0.087865193128351
Q12797,ASPH,Aspartyl/asparaginyl beta-hydroxylase,keep,keep,FALSE,TRUE,NA,850000,9,354,-0.015156794425087109
Q12805,EFEMP1,EGF-containing fibulin-like extracellular matrix protein 1,keep,keep,FALSE,FALSE,Secreted to extracellular matrix,1500000000,0,0.4,NA
Q12849,GRSF1,G-rich sequence factor 1,keep,keep,FALSE,FALSE,NA,NA,8.2,84.5,0.17125506072874494
Q12904,AIMP1,Aminoacyl tRNA synthase complex-interacting multifunctional protein 1,keep: rescued (muscle-expressed),keep: rescued (muscle-expressed),FALSE,TRUE,Secreted to blood,31000,6.1,43.3,0.0736586493987049
Q12905,ILF2,Interleukin enhancer-binding factor 2,keep,keep,FALSE,TRUE,NA,1800000,11.5,11.7,0.2698412698412698
Q12906,ILF3,Interleukin enhancer-binding factor 3,keep,keep,FALSE,TRUE,NA,2000000,30.9,48.8,0.17692307692307693
Q12907,LMAN2,Vesicular integral-membrane protein VIP36,keep,keep,FALSE,TRUE,NA,29000000,8.1,32.4,-0.03848720800889878
Q12931,TRAP1,"Heat shock protein 75 kDa, mitochondrial",keep,keep,FALSE,TRUE,NA,5100000,0.5,116,-0.08533765032377429
Q12955,ANK3,Ankyrin-3,keep,keep,FALSE,TRUE,NA,NA,0.5,527.9,0.03667214012041598
Q12988,HSPB3,Heat shock protein beta-3,keep,keep,FALSE,FALSE,NA,NA,0,20.3,0.004369274136715997
Q13011,ECH1,"Delta(3,5)-Delta(2,4)-dienoyl-CoA isomerase, mitochondrial",keep,keep,FALSE,TRUE,NA,1300000,4.5,4.5,-0.10323491098567086
Q13033,STRN3,Striatin-3,keep,keep,FALSE,TRUE,NA,NA,8.2,477.3,NA
Q13057,COASY,Bifunctional coenzyme A synthase,keep,keep,FALSE,TRUE,Intracellular and membrane,35000,0.3,4.8,-0.09369369369369371
Q13085,ACACA,Acetyl-CoA carboxylase 1,keep,keep,FALSE,TRUE,NA,310000,0.2,31.5,0.05080330004342163
Q13098,GPS1,COP9 signalosome complex subunit 1,keep,keep,FALSE,TRUE,NA,72000,8.5,4.1,0.08464384828862165
Q13126,MTAP,S-methyl-5'-thioadenosine phosphorylase,keep,keep,FALSE,TRUE,NA,1500000,0,0.7,0.27391304347826084
Q13131,PRKAA1,5'-AMP-activated protein kinase catalytic subunit alpha-1,keep,keep,FALSE,TRUE,NA,NA,2.5,53.1,-0.04995374653098983
Q13148,TARDBP,TAR DNA-binding protein 43,keep,keep,FALSE,TRUE,NA,220000,6.4,135.4,0.048713738368910776
Q13151,HNRNPA0,Heterogeneous nuclear ribonucleoprotein A0,keep,keep,FALSE,FALSE,NA,56000,15.6,11.3,0.11111111111111109
Q13153,PAK1,Serine/threonine-protein kinase PAK 1,keep,keep,FALSE,TRUE,NA,320000,6.2,124.3,0.13537221431958274
Q13155,AIMP2,Aminoacyl tRNA synthase complex-interacting multifunctional protein 2,keep,keep,FALSE,TRUE,NA,39000,8.3,85.3,-0.2853754940711462
Q13162,PRDX4,Peroxiredoxin-4,keep,keep,FALSE,TRUE,Intracellular and membrane,2300000,8.1,10.3,0.03484427998766574
Q13177,PAK2,Serine/threonine-protein kinase PAK 2,keep,keep,FALSE,TRUE,NA,1200000,12.2,126.2,0.24505928853754938
Q13185,CBX3,Chromobox protein homolog 3,keep,keep,FALSE,TRUE,NA,220000,63,27.1,-0.10977443609022557
Q13200,PSMD2,26S proteasome non-ATPase regulatory subunit 2,keep,keep,FALSE,TRUE,NA,640000,28.1,23.2,0.04555966697502312
Q13203,MYBPH,Myosin-binding protein H,keep,keep,FALSE,FALSE,NA,NA,0,6.7,0.1368866695614416
Q13228,SELENBP1,Methanethiol oxidase,keep,keep,FALSE,TRUE,NA,50000000,189.6,10.9,0.3693009118541033
Q13310,PABPC4,Polyadenylate-binding protein 4,keep,keep,FALSE,TRUE,NA,540000,9.5,77.5,-0.04646113764654798
Q13326,SGCG,Gamma-sarcoglycan,keep,keep,FALSE,FALSE,NA,NA,0,946.8,0.06328498500931852
Q13347,EIF3I,Eukaryotic translation initiation factor 3 subunit I,keep,keep,FALSE,TRUE,NA,26000,9.8,11.5,-0.039182522903453136
Q13363,CTBP1,C-terminal-binding protein 1,keep,keep,FALSE,TRUE,NA,6500,6.9,25.6,0.1768610715979137
Q13404,UBE2V1,Ubiquitin-conjugating enzyme E2 variant 1,keep,keep,FALSE,TRUE,NA,2000000,13.4,11.3,0.20972644376899696
Q13405,MRPL49,"39S ribosomal protein L49, mitochondrial",keep,keep,FALSE,FALSE,NA,NA,3.1,4.3,-0.2876529477196885
Q13409,DYNC1I2,Cytoplasmic dynein 1 intermediate chain 2,keep,keep,FALSE,FALSE,NA,57000,8,69.6,0.07296484736355227
Q13418,ILK,Integrin-linked protein kinase,keep,keep,FALSE,TRUE,NA,25000000,10.5,33.9,0.009881422924901184
Q13423,NNT,"NAD(P) transhydrogenase, mitochondrial",keep,keep,FALSE,TRUE,NA,120000,3.5,472.1,-0.09650455927051672
Q13424,SNTA1,Alpha-1-syntrophin,keep,keep,FALSE,FALSE,NA,NA,0,204.2,0.0018501387604070304
Q13425,SNTB2,Beta-2-syntrophin,keep,keep,FALSE,FALSE,NA,NA,0.1,26.4,0.11482423681776133
Q13442,PDAP1,28 kDa heat- and acid-stable phosphoprotein,keep,keep,FALSE,TRUE,NA,510000,25.6,15.2,0.1588145896656535
Q13445,TMED1,Transmembrane emp24 domain-containing protein 1,keep,keep,FALSE,TRUE,NA,NA,2.8,6.4,-0.1290075500601816
Q13496,MTM1,Myotubularin,keep,keep,FALSE,TRUE,NA,NA,1.7,67,-0.15445665445665444
Q13501,SQSTM1,Sequestosome-1,keep,keep,FALSE,TRUE,NA,81000,8.7,58.5,NA
Q13505,MTX1,Metaxin-1,keep,keep,FALSE,TRUE,NA,NA,0,3.1,-0.13462033462033465
Q13508,ART3,Ecto-ADP-ribosyltransferase 3,keep,keep,FALSE,FALSE,Intracellular and membrane,16000000,0,527.5,-0.013175230566534914
Q13510,ASAH1,Acid ceramidase,keep,keep,FALSE,TRUE,Intracellular and membrane,800000,20,226.3,0.03227016885553472
Q13522,PPP1R1A,Protein phosphatase 1 regulatory subunit 1A,keep,keep,FALSE,FALSE,NA,NA,0.2,15.8,-0.09311740890688258
Q13526,PIN1,Peptidyl-prolyl cis-trans isomerase NIMA-interacting 1,keep,keep,FALSE,TRUE,NA,83000,15.5,16.8,-0.06403162055335967
Q13541,EIF4EBP1,Eukaryotic translation initiation factor 4E-binding protein 1,keep,keep,FALSE,TRUE,NA,33000,3.3,8.7,-0.2597402597402597
Q13554,CAMK2B,Calcium/calmodulin-dependent protein kinase type II subunit beta,keep,keep,FALSE,FALSE,NA,140000,0,151.5,-0.11680416847590101
Q13555,CAMK2G,Calcium/calmodulin-dependent protein kinase type II subunit gamma,keep,keep,FALSE,FALSE,NA,170000,3.7,175.9,-0.1963459759481961
Q13557,CAMK2D,Calcium/calmodulin-dependent protein kinase type II subunit delta,keep,keep,FALSE,TRUE,NA,110000,0.5,1130.4,0.11734693877551021
Q13561,DCTN2,Dynactin subunit 2,keep,keep,FALSE,TRUE,NA,660000,16.1,32.3,-0.059782608695652176
Q13564,NAE1,NEDD8-activating enzyme E1 regulatory subunit,keep,keep,FALSE,TRUE,NA,140000,6.4,53.4,0.07216349541930937
Q13586,STIM1,Stromal interaction molecule 1,keep,keep,FALSE,TRUE,NA,1100000,3.6,525.6,-0.19817813765182188
Q13616,CUL1,Cullin-1,keep,keep,FALSE,TRUE,NA,170000,9.3,199.2,0.12332015810276678
Q13617,CUL2,Cullin-2,keep,keep,FALSE,TRUE,NA,14000,2.2,71,0.11416490486257928
Q13618,CUL3,Cullin-3,keep,keep,FALSE,TRUE,NA,69000,13.6,204.3,-0.023960535588442564
Q13619,CUL4A,Cullin-4A,keep,keep,FALSE,TRUE,NA,18000,23.9,229.8,-0.0820816864295125
Q13620,CUL4B,Cullin-4B,keep,keep,FALSE,TRUE,NA,5900,3.8,64.4,-0.02779353374929098
Q13630,TSTA3,GDP-L-fucose synthase,keep,keep,FALSE,TRUE,NA,1100000,14.4,0.1,NA
Q13642,FHL1,Four and a half LIM domains protein 1,keep,keep,FALSE,TRUE,NA,11000000,1.7,1299.3,0.029960920538428137
Q13643,FHL3,Four and a half LIM domains protein 3,keep,keep,FALSE,TRUE,NA,NA,1.7,379.1,0.0037993920972644373
Q13683,ITGA7,Integrin alpha-7,keep,keep,FALSE,FALSE,NA,1100000,0.1,277.2,0.01597286463151403
Q13698,CACNA1S,Voltage-dependent L-type calcium channel subunit alpha-1S,keep,keep,FALSE,FALSE,NA,NA,0,437.2,0.22762873882207832
Q13724,MOGS,Mannosyl-oligosaccharide glucosidase,keep,keep,FALSE,TRUE,NA,1100000,0.4,29.9,-0.10461229946524064
Q13813,SPTAN1,"Spectrin alpha chain, non-erythrocytic 1",keep,keep,FALSE,TRUE,NA,1600000,3.5,36.1,-0.07268454744348109
Q13825,AUH,"Methylglutaconyl-CoA hydratase, mitochondrial",keep,keep,FALSE,FALSE,NA,NA,12.4,341.2,0.04912891986062719
Q13838,DDX39B,Spliceosome RNA helicase DDX39B,keep,keep,FALSE,TRUE,NA,540000,0,0.3,0.2591362126245847
Q13867,BLMH,Bleomycin hydrolase,keep,keep,FALSE,TRUE,NA,22000000,1.8,29.6,-0.027272727272727264
Q13884,SNTB1,Beta-1-syntrophin,keep,keep,FALSE,FALSE,NA,5100,6.6,162.9,0.05019762845849801
Q13885,TUBB2A,Tubulin beta-2A chain,keep,keep,FALSE,TRUE,NA,NA,91.2,0.8,-0.055689176688251615
Q13907,IDI1,Isopentenyl-diphosphate Delta-isomerase 1,keep,keep,FALSE,FALSE,NA,52000,4.8,74.4,-0.14930619796484734
Q13951,CBFB,Core-binding factor subunit beta,keep,keep,FALSE,TRUE,NA,NA,6.9,74.9,NA
Q13976,PRKG1,cGMP-dependent protein kinase 1,keep,keep,FALSE,TRUE,NA,36000,0.4,4254.4,-0.11489361702127658
Q14011,CIRBP,Cold-inducible RNA-binding protein,keep,keep,FALSE,TRUE,NA,95000,18.9,117.1,-0.08845975948196115
Q14061,COX17,Cytochrome c oxidase copper chaperone,keep,keep,FALSE,FALSE,NA,140000,29.1,12.2,-0.14572926302806044
Q14103,HNRNPD,Heterogeneous nuclear ribonucleoprotein D0,keep,keep,FALSE,TRUE,NA,860000,43.7,104,0.21786799826313502
Q14108,SCARB2,Lysosome membrane protein 2,keep,keep,FALSE,TRUE,NA,NA,2.7,180.7,-0.3161290322580645
Q14112,NID2,Nidogen-2,keep,keep,FALSE,FALSE,Secreted to extracellular matrix,6900000,1.6,2.1,NA
Q14116,IL18,Interleukin-18,keep: rescued (muscle-expressed),keep: rescued (muscle-expressed),FALSE,TRUE,Secreted to blood,21000,0.3,64.2,0.1862068965517241
Q14118,DAG1,Dystroglycan,keep,keep,FALSE,TRUE,Intracellular and membrane,42000000,0.1,285.5,-0.03058491895701198
Q14139,UBE4A,Ubiquitin conjugation factor E4 A,keep,keep,FALSE,TRUE,NA,NA,3.6,73.9,NA
Q14141,SEPTIN6,Septin-6,remove: red-cell (blood-tracking + RBC proteome),remove: red-cell (blood-tracking + RBC proteome),TRUE,TRUE,NA,2400000,1,6.8,0.510194404931247
Q14152,EIF3A,Eukaryotic translation initiation factor 3 subunit A,keep,keep,FALSE,TRUE,NA,140000,24.1,98.7,0.09288537549407114
Q14157,UBAP2L,Ubiquitin-associated protein 2-like,keep,keep,FALSE,TRUE,NA,19000,2.7,64.1,-0.31225296442687744
Q14165,MLEC,Malectin,keep,keep,FALSE,TRUE,NA,510000,9.4,24.7,-0.03879124267653407
Q14166,TTLL12,Tubulin--tyrosine ligase-like protein 12,keep,keep,FALSE,TRUE,NA,86000,3.4,4.6,NA
Q14195,DPYSL3,Dihydropyrimidinase-related protein 3,keep,keep,FALSE,FALSE,NA,680000,0,36.1,-0.11734693877551021
Q14197,MRPL58,"Peptidyl-tRNA hydrolase ICT1, mitochondrial",keep,keep,FALSE,FALSE,NA,NA,0,13,-0.32987012987012987
Q14203,DCTN1,Dynactin subunit 1,keep,keep,FALSE,TRUE,NA,170000,0.2,10.3,-0.21149398704902866
Q14204,DYNC1H1,Cytoplasmic dynein 1 heavy chain 1,keep,keep,FALSE,TRUE,NA,540000,8.3,95.1,-0.1519426456984274
Q14240,EIF4A2,Eukaryotic initiation factor 4A-II,keep,keep,FALSE,TRUE,NA,3800000,23.6,70.2,-0.06426400347372992
Q14249,ENDOG,"Endonuclease G, mitochondrial",keep,keep,FALSE,FALSE,Intracellular and membrane,NA,13.6,10.4,-0.2314986123959297
Q14254,FLOT2,Flotillin-2,keep,keep,FALSE,TRUE,NA,140000,12.1,11.4,0.05515660809778457
Q14257,RCN2,Reticulocalbin-2,keep,keep,FALSE,TRUE,Intracellular and membrane,24000,12,31.2,-0.1866930171277997
Q14315,FLNC,Filamin-C,keep,keep,FALSE,FALSE,NA,26000000,0,137.4,0.20940078158923142
Q14324,MYBPC2,"Myosin-binding protein C, fast-type",keep,keep,FALSE,FALSE,NA,190000,0,280.6,0.20147633521493705
Q14353,GAMT,Guanidinoacetate N-methyltransferase,keep,keep,FALSE,FALSE,NA,200000,0,52,-0.27290490664350847
Q14558,PRPSAP1,Phosphoribosyl pyrophosphate synthase-associated protein 1,keep,keep,FALSE,TRUE,NA,89000,1.5,27.2,-0.04962406015037594
Q14624,ITIH4,Inter-alpha-trypsin inhibitor heavy chain H4,remove: red-cell (blood-tracking + RBC proteome),remove: red-cell (blood-tracking + RBC proteome),TRUE,TRUE,Secreted to blood,98000000000,0,21.4,0.5654808959156784
Q14697,GANAB,Neutral alpha-glucosidase AB,keep,keep,FALSE,TRUE,Intracellular and membrane,24000000,6,41.8,0.06654332408263952
Q14714,SSPN,Sarcospan,keep,keep,FALSE,FALSE,NA,NA,0.3,78.4,NA
Q14738,PPP2R5D,Serine/threonine-protein phosphatase 2A 56 kDa regulatory subunit delta isoform,keep,keep,FALSE,TRUE,NA,24000,3.3,27.2,-0.15417130144605118
Q14764,MVP,Major vault protein,keep,keep,FALSE,TRUE,NA,280000,0.8,6.9,0.43653250773993807
Q14847,LASP1,LIM and SH3 domain protein 1,keep,keep,FALSE,TRUE,NA,14000000,4.6,4.5,0.2663101604278075
Q14894,CRYM,Ketimine reductase mu-crystallin,keep,keep,FALSE,TRUE,NA,76000,0,0.9,-0.05777777777777777
Q14914,PTGR1,Prostaglandin reductase 1,keep,keep,FALSE,TRUE,NA,4600000,0,15.9,-0.057859313938341296
Q14956,GPNMB,Transmembrane glycoprotein NMB,keep,keep,FALSE,FALSE,Intracellular and membrane,22000000,0.2,1.1,NA
Q14974,KPNB1,Importin subunit beta-1,keep,keep,FALSE,TRUE,NA,3400000,12.4,77.1,0.17216673903603993
Q14BN4,SLMAP,Sarcolemmal membrane-associated protein,keep,keep,FALSE,TRUE,NA,3800,15.4,638.3,0.04895788102475033
Q14CB8,ARHGAP19,Rho GTPase-activating protein 19,keep,keep,FALSE,FALSE,NA,NA,3,0,0.5019157088122604
Q14CX7,NAA25,"N-alpha-acetyltransferase 25, NatB auxiliary subunit",keep,keep,FALSE,TRUE,NA,NA,3.2,248.9,-0.014705882352941175
Q15008,PSMD6,26S proteasome non-ATPase regulatory subunit 6,keep,keep,FALSE,TRUE,NA,97000,20.2,18.8,0.04466403162055335
Q15019,SEPTIN2,Septin-2,keep,keep,FALSE,TRUE,NA,1500000,27.4,202.3,-0.12793148880105398
Q15046,KARS1,Lysine--tRNA ligase,keep,keep,FALSE,TRUE,Intracellular and membrane,74000,7.7,20.1,0.10730804810360778
Q15056,EIF4H,Eukaryotic translation initiation factor 4H,keep,keep,FALSE,TRUE,NA,640000,9.7,43.3,-0.006938020351526365
Q15063,POSTN,Periostin,keep,keep,FALSE,FALSE,Secreted to extracellular matrix,300000000,0,0.1,NA
Q15075,EEA1,Early endosome antigen 1,keep,keep,FALSE,TRUE,NA,47000,4.8,250.6,0.12256993835941203
Q15084,PDIA6,Protein disulfide-isomerase A6,keep,keep,FALSE,TRUE,Intracellular and membrane,14000000,11.1,21.1,-0.033326096396005214
Q15102,PAFAH1B3,Platelet-activating factor acetylhydrolase IB subunit gamma,keep,keep,FALSE,TRUE,NA,300000,4.4,0.9,0.3440052700922266
Q15111,PLCL1,Inactive phospholipase C-like protein 1,keep,keep,FALSE,FALSE,NA,NA,0.9,550.8,NA
Q15119,PDK2,"[Pyruvate dehydrogenase (acetyl-transferring)] kinase isozyme 2, mitochondrial",keep,keep,FALSE,FALSE,NA,NA,1.8,50.2,-0.08442776735459664
Q15120,PDK3,"[Pyruvate dehydrogenase (acetyl-transferring)] kinase isozyme 3, mitochondrial",keep,keep,FALSE,FALSE,NA,NA,5.1,9.5,NA
Q15121,PEA15,Astrocytic phosphoprotein PEA-15,keep,keep,FALSE,TRUE,NA,140000,1.7,5.5,-0.09499443826473859
Q15124,PGM5,Phosphoglucomutase-like protein 5,keep,keep,FALSE,FALSE,NA,250000,0,219.2,0.03992094861660079
Q15149,PLEC,Plectin,keep,keep,FALSE,TRUE,NA,3600000,1.9,69.6,0.03386886669561442
Q15172,PPP2R5A,Serine/threonine-protein phosphatase 2A 56 kDa regulatory subunit alpha isoform,keep,keep,FALSE,TRUE,NA,NA,8,173,0.0900251195202982
Q15181,PPA1,Inorganic pyrophosphatase,keep,keep,FALSE,TRUE,NA,650000,13,22.3,0.17325227963525835
Q15185,PTGES3,Prostaglandin E synthase 3,keep,keep,FALSE,TRUE,NA,1300000,88.2,140.4,0.009481961147086031
Q15208,STK38,Serine/threonine-protein kinase 38,remove: red-cell (blood-tracking + RBC proteome),remove: red-cell (blood-tracking + RBC proteome),TRUE,TRUE,NA,NA,2.8,46.9,0.5096774193548388
Q15233,NONO,Non-POU domain-containing octamer-binding protein,keep,keep,FALSE,FALSE,NA,4300000,12.8,46.8,0.47662337662337667
Q15257,PTPA,Serine/threonine-protein phosphatase 2A activator,keep,keep,FALSE,TRUE,NA,2300000,1.5,13.2,0.08825161887141535
Q15293,RCN1,Reticulocalbin-1,keep,keep,FALSE,TRUE,Intracellular and membrane,3100000,0.2,1.1,-0.0065666041275797395
Q15327,ANKRD1,Ankyrin repeat domain-containing protein 1,keep,keep,FALSE,FALSE,NA,NA,0,119.4,NA
Q15363,TMED2,Transmembrane emp24 domain-containing protein 2,keep,keep,FALSE,TRUE,NA,58000,7.1,17.1,0.18378202344767694
Q15365,PCBP1,Poly(rC)-binding protein 1,keep,keep,FALSE,TRUE,NA,2700000,100.4,9.2,-0.01411202778983934
Q15366,PCBP2,Poly(rC)-binding protein 2,keep,keep,FALSE,TRUE,NA,1300000,106.7,133.2,0.08662613981762918
Q15369,ELOC,Elongin-C,keep,keep,FALSE,TRUE,NA,51000,15.9,39.8,0.09670619235836626
Q15370,ELOB,Elongin-B,keep,keep,FALSE,TRUE,NA,160000,158.2,5.4,0.11667437557816836
Q15386,UBE3C,Ubiquitin-protein ligase E3C,keep,keep,FALSE,TRUE,NA,3300,16.5,342.2,0.07500000000000001
Q15388,TOMM20,Mitochondrial import receptor subunit TOM20 homolog,keep,keep,FALSE,TRUE,NA,81000,13.3,23.8,NA
Q15392,DHCR24,Delta(24)-sterol reductase,keep,keep,FALSE,TRUE,NA,NA,0,13.7,0.08120300751879699
Q15404,RSU1,Ras suppressor protein 1,keep,keep,FALSE,TRUE,NA,27000000,34.2,107.8,-0.05215078630897318
Q15435,PPP1R7,Protein phosphatase 1 regulatory subunit 7,keep,keep,FALSE,TRUE,NA,1400000,8.4,20.6,0.13610083256244218
Q15436,SEC23A,Protein transport protein Sec23A,keep,keep,FALSE,TRUE,NA,35000,1.6,58.7,0.10169354185236204
Q15526,SURF1,Surfeit locus protein 1,keep,keep,FALSE,TRUE,NA,NA,8.8,1.4,-0.1361522198731501
Q15555,MAPRE2,Microtubule-associated protein RP/EB family member 2,keep,keep,FALSE,TRUE,NA,8200000,5.7,445.8,-0.0786308973172988
Q15582,TGFBI,Transforming growth factor-beta-induced protein ig-h3,remove: plasma,remove: plasma,TRUE,TRUE,Secreted to blood,1400000000,0.4,0.5,NA
Q15631,TSN,Translin,keep,keep,FALSE,TRUE,NA,680000,8.4,29.1,0.19950662966389143
Q15642,TRIP10,Cdc42-interacting protein 4,keep,keep,FALSE,TRUE,NA,14000,0,93.8,0.1074236817761332
Q15691,MAPRE1,Microtubule-associated protein RP/EB family member 1,keep,keep,FALSE,TRUE,NA,4500000,9.7,9.2,0.2919057686499547
Q15717,ELAVL1,ELAV-like protein 1,keep,keep,FALSE,TRUE,NA,15000,9.2,50.4,NA
Q15746,MYLK,"Myosin light chain kinase, smooth muscle",keep,keep,FALSE,TRUE,NA,2300000,0.8,21.2,-0.09834997828918801
Q15772,SPEG,Striated muscle preferentially expressed protein kinase,keep,keep,FALSE,FALSE,NA,NA,0,187.4,-0.3645320197044334
Q15813,TBCE,Tubulin-specific chaperone E,keep,keep,FALSE,TRUE,NA,NA,0,0,NA
Q15819,UBE2V2,Ubiquitin-conjugating enzyme E2 variant 2,keep,keep,FALSE,TRUE,NA,1500000,1.1,73.7,0.22351280937907078
Q15836,VAMP3,Vesicle-associated membrane protein 3,keep,keep,FALSE,TRUE,NA,NA,9.6,11.7,0.10226480836236937
Q15843,NEDD8,NEDD8,keep,keep,FALSE,TRUE,NA,1100000,5.2,0.5,0.1656534954407295
Q15847,ADIRF,Adipogenesis regulatory factor,keep,keep,FALSE,FALSE,NA,360000,0,1.3,0.21954887218045113
Q15848,ADIPOQ,Adiponectin,remove: plasma,remove: plasma,TRUE,FALSE,Secreted to blood,890000000,0,0.3,0.18594346829640945
Q15907,RAB11B,Ras-related protein Rab-11B,keep,keep,FALSE,TRUE,NA,NA,12.8,9.2,0.1888010540184453
Q15942,ZYX,Zyxin,keep,keep,FALSE,FALSE,NA,140000000,0.1,0.1,0.25299506694855534
Q16082,HSPB2,Heat shock protein beta-2,keep,keep,FALSE,FALSE,NA,NA,0,0,0.0784845853234911
Q16134,ETFDH,"Electron transfer flavoprotein-ubiquinone oxidoreductase, mitochondrial",keep,keep,FALSE,TRUE,NA,3700,5.4,241.3,-0.090751194094659135
Q16181,SEPTIN7,Septin-7,keep,keep,FALSE,TRUE,NA,4000000,42.6,74.1,-0.03558433549182855
Q16401,PSMD5,26S proteasome non-ATPase regulatory subunit 5,keep,keep,FALSE,TRUE,NA,230000,2.1,66.1,0.2916666666666667
Q16531,DDB1,DNA damage-binding protein 1,keep,keep,FALSE,TRUE,NA,860000,22.4,63,0.12071211463308729
Q16539,MAPK14,Mitogen-activated protein kinase 14,keep,keep,FALSE,TRUE,NA,650000,23.5,158.5,-0.06862745098039216
Q16543,CDC37,Hsp90 co-chaperone Cdc37,keep,keep,FALSE,TRUE,NA,1600000,7.7,81.8,0.23613937711995064
Q16555,DPYSL2,Dihydropyrimidinase-related protein 2,keep,keep,FALSE,TRUE,NA,2500000,2,1.5,-0.102104532839963
Q16563,SYPL1,Synaptophysin-like protein 1,keep,keep,FALSE,TRUE,NA,NA,0.4,76.7,0.028098982423681775
Q16576,RBBP7,Histone-binding protein RBBP7,keep,keep,FALSE,TRUE,NA,190000,7.9,48.5,-0.14615384615384616
Q16585,SGCB,Beta-sarcoglycan,keep,keep,FALSE,FALSE,NA,NA,0,90.3,0.10131752305665347
Q16586,SGCA,Alpha-sarcoglycan,keep,keep,FALSE,FALSE,Intracellular and membrane,NA,0,113.1,0.2335800185013876
Q16595,FXN,"Frataxin, mitochondrial",keep,keep,FALSE,TRUE,NA,NA,1.5,0.1,0.07088274044795782
Q16654,PDK4,"[Pyruvate dehydrogenase (acetyl-transferring)] kinase isozyme 4, mitochondrial",keep,keep,FALSE,FALSE,NA,NA,0.5,522.1,0.2012987012987013
Q16658,FSCN1,Fascin,keep,keep,FALSE,TRUE,NA,3500000,0.4,0.2,-0.01773399014778325
Q16698,DECR1,"2,4-dienoyl-CoA reductase, mitochondrial",keep,keep,FALSE,TRUE,NA,260000,8.1,208.5,-0.067194963091619625
Q16718,NDUFA5,NADH dehydrogenase [ubiquinone] 1 alpha subcomplex subunit 5,keep,keep,FALSE,TRUE,NA,15000,15,68.1,-0.25271385149804604
Q16740,CLPP,"ATP-dependent Clp protease proteolytic subunit, mitochondrial",keep,keep,FALSE,FALSE,NA,5700,4.7,7.6,0.10307692307692308
Q16762,TST,Thiosulfate sulfurtransferase,keep,keep,FALSE,TRUE,NA,870000,4,4.5,0.02390405963860303
Q16773,KYAT1,Kynurenine--oxoglutarate transaminase 1,keep,keep,FALSE,TRUE,NA,11000,0,0.1,0.021993653572600937
Q16775,HAGH,"Hydroxyacylglutathione hydrolase, mitochondrial",keep,keep,FALSE,TRUE,NA,2200000,183.1,75.7,0.41348241424229265
Q16777,HIST2H2AC,Histone H2A type 2-C,keep,keep,FALSE,FALSE,NA,NA,58.3,0.7,NA
Q16778,HIST2H2BE,Histone H2B type 2-E,keep,keep,FALSE,FALSE,NA,NA,0.5,1.5,0.17444005270092222
Q16795,NDUFA9,"NADH dehydrogenase [ubiquinone] 1 alpha subcomplex subunit 9, mitochondrial",keep,keep,FALSE,TRUE,NA,NA,0,1.8,-0.060247503256621794
Q16816,PHKG1,"Phosphorylase b kinase gamma catalytic chain, skeletal muscle/heart isoform",keep,keep,FALSE,FALSE,NA,NA,0.2,431.5,-0.2676943117672601
Q16821,PPP1R3A,Protein phosphatase 1 regulatory subunit 3A,keep,keep,FALSE,FALSE,NA,NA,0.2,583.4,-0.3939933259176863
Q16836,HADH,"Hydroxyacyl-coenzyme A dehydrogenase, mitochondrial",keep,keep,FALSE,TRUE,NA,1100000,0.9,167.5,0.0261615284411637
Q16851,UGP2,UTP--glucose-1-phosphate uridylyltransferase,keep,keep,FALSE,TRUE,NA,26000000,4.9,332.9,-0.08043855840208423
Q16853,AOC3,Membrane primary amine oxidase,keep,keep,FALSE,FALSE,NA,120000000,0,0.2,-0.011257035647279553
Q16864,ATP6V1F,V-type proton ATPase subunit F,keep,keep,FALSE,TRUE,NA,19000,13.9,13.3,NA
Q16881,TXNRD1,"Thioredoxin reductase 1, cytoplasmic",keep,keep,FALSE,TRUE,NA,3000000,14.4,127.6,0.20646982197134173
Q16890,TPD52L1,Tumor protein D53,keep,keep,FALSE,FALSE,NA,NA,0,857.6,0.19777327935222672
Q16891,IMMT,MICOS complex subunit MIC60,keep,keep,FALSE,TRUE,NA,71000,8.3,220.9,-0.1326530612244898
Q1KMD3,HNRNPUL2,Heterogeneous nuclear ribonucleoprotein U-like protein 2,keep,keep,FALSE,FALSE,NA,51000,1.6,0.1,0.28631813125695216
Q2TAA2,IAH1,Isoamyl acetate-hydrolyzing esterase 1 homolog,keep,keep,FALSE,TRUE,NA,120000,0.3,45.3,-0.014003473729917499
Q2TBA0,KLHL40,Kelch-like protein 40,keep,keep,FALSE,FALSE,NA,NA,0,26.3,0.20125922709509336
Q30154,HLA-DRB5,"HLA class II histocompatibility antigen, DR beta 5 chain",keep,keep,FALSE,TRUE,NA,NA,0.2,0,-0.10357142857142856
Q3LXA3,TKFC,Triokinase/FMN cyclase,keep,keep,FALSE,TRUE,NA,7600000,0.2,2,0.1537367326841011
Q3SXM5,HSDL1,Inactive hydroxysteroid dehydrogenase-like protein 1,keep,keep,FALSE,FALSE,NA,NA,0.2,22.1,-0.20187617260788
Q3ZCQ8,TIMM50,Mitochondrial import inner membrane translocase subunit TIM50,keep,keep,FALSE,TRUE,NA,NA,2,19.2,-0.2555749128919861
Q3ZCW2,LGALSL,Galectin-related protein,keep,keep,FALSE,FALSE,NA,6400000,0.2,15.8,NA
Q49AH0,CDNF,Cerebral dopamine neurotrophic factor,keep,keep,FALSE,FALSE,Secreted in other tissues,NA,0,63,-0.06898954703832755
Q49B96,COX19,Cytochrome c oxidase assembly protein COX19,keep,keep,FALSE,FALSE,NA,NA,1.9,36.3,-0.13043478260869565
Q4G0N4,NADK2,"NAD kinase 2, mitochondrial",keep,keep,FALSE,TRUE,NA,31000,1.8,41.5,NA
Q4G0W2,DUSP28,Dual specificity phosphatase 28,keep,keep,FALSE,FALSE,NA,NA,2.4,6.8,0.08097165991902834
Q4J6C6,PREPL,Prolyl endopeptidase-like,keep,keep,FALSE,FALSE,NA,NA,2,245.6,NA
Q4VC31,CCDC58,Coiled-coil domain-containing protein 58,keep,keep,FALSE,FALSE,NA,22000,1.5,54.3,-0.14901185770750985
Q52LJ0,FAM98B,Protein FAM98B,keep,keep,FALSE,FALSE,NA,8000,5.9,27.3,-0.4558823529411765
Q53EU6,GPAT3,Glycerol-3-phosphate acyltransferase 3,keep,keep,FALSE,FALSE,NA,NA,0.2,260.9,0.469941348973607
Q53FT3,HIKESHI,Protein Hikeshi,keep,keep,FALSE,TRUE,NA,NA,12.8,73.9,0.14369501466275658
Q53GG5,PDLIM3,PDZ and LIM domain protein 3,keep,keep,FALSE,FALSE,NA,300000,0,4134.7,0.09161962657403387
Q53GQ0,HSD17B12,Very-long-chain 3-oxoacyl-CoA reductase,keep,keep,FALSE,TRUE,NA,6900,3.2,14.7,-0.004933051444679351
Q53H12,AGK,"Acylglycerol kinase, mitochondrial",keep,keep,FALSE,FALSE,NA,NA,0.1,56.1,NA
Q53H82,LACTB2,Endoribonuclease LACTB2,keep,keep,FALSE,TRUE,NA,93000,3.1,17.1,0.15202429149797572
Q562R1,ACTBL2,Beta-actin-like protein 2,keep,keep,FALSE,TRUE,NA,1100000000,0,0,0.04512032085561497
Q58WW2,DCAF6,DDB1- and CUL4-associated factor 6,keep,keep,FALSE,TRUE,NA,NA,39.4,592.2,0.13602251407129462
Q5BKX8,CAVIN4,Caveolae-associated protein 4,keep,keep,FALSE,FALSE,NA,NA,0.3,172.6,-0.002713851498046027
Q5HYK3,COQ5,"2-methoxy-6-polyprenyl-1,4-benzoquinol methylase, mitochondrial",keep,keep,FALSE,FALSE,NA,NA,1.7,56,-0.30089423373419666
Q5J8M3,EMC4,ER membrane protein complex subunit 4,keep,keep,FALSE,TRUE,NA,NA,5.4,8.5,NA
Q5JRX3,PITRM1,"Presequence protease, mitochondrial",keep,keep,FALSE,TRUE,NA,NA,2.1,23.8,0.07935222672064778
Q5JTJ3,COA6,Cytochrome c oxidase assembly factor 6 homolog,keep,keep,FALSE,FALSE,NA,10000,11.2,14.2,-0.009682392846130126
Q5JWF2,GNAS,Guanine nucleotide-binding protein G(s) subunit alpha isoforms XLas,keep,keep,FALSE,TRUE,NA,NA,152.2,161.1,-0.025100215849522045
Q5R3I4,TTC38,Tetratricopeptide repeat protein 38,keep,keep,FALSE,TRUE,NA,270000,0,34.3,NA
Q5RI15,COX20,"Cytochrome c oxidase assembly protein COX20, mitochondrial",keep,keep,FALSE,TRUE,NA,NA,7.2,154.9,-0.17230443974630022
Q5SQH8,C6orf136,Uncharacterized protein C6orf136,keep,keep,FALSE,FALSE,NA,NA,0,0.6,-0.31568409343715237
Q5SRE7,PHYHD1,Phytanoyl-CoA dioxygenase domain-containing protein 1,keep,keep,FALSE,TRUE,NA,15000,0,17.9,NA
Q5T440,IBA57,"Putative transferase CAF17, mitochondrial",keep,keep,FALSE,FALSE,NA,NA,11.3,8.3,-0.45482295482295476
Q5T6V5,C9orf64,Queuosine salvage protein,keep,keep,FALSE,TRUE,NA,7300,0.2,5.8,NA
Q5TA50,CPTP,Ceramide-1-phosphate transfer protein,keep,keep,FALSE,TRUE,NA,NA,0.2,2.5,-0.44861660079051385
Q5TAQ9,DCAF8,DDB1- and CUL4-associated factor 8,keep,keep,FALSE,TRUE,NA,NA,9.8,19.5,NA
Q5TC12,ATPAF1,ATP synthase mitochondrial F1 complex assembly factor 1,keep,keep,FALSE,FALSE,NA,NA,4.9,79.5,-0.07753036437246964
Q5TDH0,DDI2,Protein DDI1 homolog 2,remove: red-cell (blood-tracking + RBC proteome),remove: red-cell (blood-tracking + RBC proteome),TRUE,TRUE,NA,720000,23.9,178.9,0.65
Q5TEU4,NDUFAF5,"Arginine-hydroxylase NDUFAF5, mitochondrial",keep,keep,FALSE,FALSE,NA,NA,0.1,108.4,-0.37593984962406013
Q5U5X0,LYRM7,Complex III assembly factor LYRM7,keep,keep,FALSE,FALSE,NA,NA,1.9,64.7,0.2035647279549719
Q5VST9,OBSCN,Obscurin,keep,keep,FALSE,FALSE,NA,NA,0.4,2490.1,-0.0972644376899696
Q5VTT5,MYOM3,Myomesin-3,keep,keep,FALSE,FALSE,NA,750000,0.2,685.8,-0.0058587727412889295
Q5VVW2,GARNL3,GTPase-activating Rap/Ran-GAP domain-like protein 3,keep,keep,FALSE,FALSE,NA,NA,0.2,78.7,-0.06663748769011926
Q5VW32,BROX,BRO1 domain-containing protein BROX,keep,keep,FALSE,TRUE,NA,150000,18.6,21.4,0.3491902834008097
Q5VWP3,MLIP,Muscular LMNA-interacting protein,keep,keep,FALSE,FALSE,NA,NA,0,3506.9,0.04891125943757522
Q5VXT5,SYPL2,Synaptophysin-like protein 2,keep,keep,FALSE,FALSE,NA,NA,0,427.8,0.31328701693443334
Q5VYK3,ECPAS,Proteasome adapter and scaffold protein ECM29,keep,keep,FALSE,TRUE,NA,15000,3.9,505.5,-0.0316836262719704
Q5XKP0,MICOS13,MICOS complex subunit MIC13,keep,keep,FALSE,FALSE,NA,NA,8.1,21.6,-0.10442900564481111
Q5XPI4,RNF123,E3 ubiquitin-protein ligase RNF123,keep,keep,FALSE,TRUE,NA,120000,13.5,43.5,0.16408418131359853
Q68EM7,ARHGAP17,Rho GTPase-activating protein 17,keep,keep,FALSE,TRUE,NA,5100,0.2,1.3,NA
Q69YU5,C12orf73,Uncharacterized protein C12orf73,keep,keep,FALSE,FALSE,Intracellular and membrane,NA,0.6,33.1,0.02658934237881606
Q6DKJ4,NXN,Nucleoredoxin,keep,keep,FALSE,FALSE,NA,NA,0.2,446.6,-0.09437148217636025
Q6FI13,HIST2H2AA3,Histone H2A type 2-A,keep,keep,FALSE,TRUE,NA,NA,0,0,0.0821754233608337
Q6GMV3,PTRHD1,Putative peptidyl-tRNA hydrolase PTRHD1,keep,keep,FALSE,TRUE,NA,60000,10.3,1,-0.1253545093590471
Q6H8Q1,ABLIM2,Actin-binding LIM protein 2,keep,keep,FALSE,FALSE,NA,NA,0,668.2,NA
Q6IAA8,LAMTOR1,Ragulator complex protein LAMTOR1,keep,keep,FALSE,TRUE,NA,59000,17.1,15.7,-0.025725232621784343
Q6IAN0,DHRS7B,Dehydrogenase/reductase SDR family member 7B,keep,keep,FALSE,TRUE,NA,NA,6,207.3,0.060790273556231
Q6IBS0,TWF2,Twinfilin-2,keep,keep,FALSE,TRUE,NA,2000000,1.6,4.9,0.14997687326549491
Q6ICL3,TANGO2,Transport and Golgi organization protein 2 homolog,keep,keep,FALSE,TRUE,NA,220000,54,40.3,NA
Q6IPR1,ETFRF1,Electron transfer flavoprotein regulatory factor 1,keep,keep,FALSE,FALSE,NA,NA,0.5,66.8,-0.09435751541014699
Q6IQ22,RAB12,Ras-related protein Rab-12,keep,keep,FALSE,TRUE,NA,NA,NA,NA,-0.08360323886639676
Q6JBY9,RCSD1,CapZ-interacting protein,keep,keep,FALSE,FALSE,NA,150000,12.4,166,-0.25020043169904405
Q6JQN1,ACAD10,Acyl-CoA dehydrogenase family member 10,keep,keep,FALSE,TRUE,NA,NA,0,101.5,-0.10869565217391304
Q6L8Q7,PDE12,"2',5'-phosphodiesterase 12",keep,keep,FALSE,TRUE,NA,8300,4.6,17.4,NA
Q6NUJ1,PSAPL1,Proactivator polypeptide-like 1,keep,keep,FALSE,FALSE,Secreted - unknown location,3700,0,0,-0.21811284969179706
Q6NUK1,SLC25A24,Calcium-binding mitochondrial carrier protein SCaMC-1,keep,keep,FALSE,TRUE,NA,5100,0.1,6.6,-0.2028011204481793
Q6NVY1,HIBCH,"3-hydroxyisobutyryl-CoA hydrolase, mitochondrial",keep,keep,FALSE,TRUE,NA,270000,0.7,244.4,-0.007978723404255319
Q6NZI2,CAVIN1,Caveolae-associated protein 1,keep,keep,FALSE,FALSE,NA,300000,0,25.4,0.0694745983499783
Q6P1A2,LPCAT3,Lysophospholipid acyltransferase 5,keep,keep,FALSE,TRUE,NA,NA,5,255.5,-0.025974025974025976
Q6P1L8,MRPL14,"39S ribosomal protein L14, mitochondrial",keep,keep,FALSE,FALSE,NA,NA,18.1,37.6,NA
Q6P1N9,TATDN1,Putative deoxyribonuclease TATDN1,keep,keep,FALSE,TRUE,NA,1700000,2.8,128,-0.012025901942645696
Q6P1X6,C8orf82,UPF0598 protein C8orf82,keep,keep,FALSE,FALSE,NA,NA,0,0.9,NA
Q6P4A7,SFXN4,Sideroflexin-4,keep,keep,FALSE,TRUE,NA,NA,3,193.5,NA
Q6P587,FAHD1,"Acylpyruvase FAHD1, mitochondrial",keep,keep,FALSE,TRUE,NA,9000,8.4,6.3,-0.1310514955288313
Q6PCB7,SLC27A1,Long-chain fatty acid transport protein 1,keep,keep,FALSE,FALSE,NA,NA,0.1,139.1,NA
Q6PCE3,PGM2L1,"Glucose 1,6-bisphosphate synthase",keep,keep,FALSE,TRUE,NA,140000,22,13.5,NA
Q6PGP7,TTC37,Tetratricopeptide repeat protein 37,keep,keep,FALSE,TRUE,NA,NA,3.2,161.4,NA
Q6PI48,DARS2,"Aspartate--tRNA ligase, mitochondrial",keep,keep,FALSE,TRUE,NA,NA,3.1,18,0.08031358885017423
Q6PIU2,NCEH1,Neutral cholesterol ester hydrolase 1,keep,keep,FALSE,TRUE,NA,NA,21.1,103.1,NA
Q6QEF8,CORO6,Coronin-6,keep,keep,FALSE,TRUE,NA,NA,0,117.6,0.22256410256410253
Q6UW68,TMEM205,Transmembrane protein 205,keep,keep,FALSE,TRUE,NA,NA,0,2,-5.78168362627197e-4
Q6UW78,UQCC3,Ubiquinol-cytochrome-c reductase complex assembly factor 3,keep,keep,FALSE,TRUE,NA,NA,15.2,2.8,-0.1214285714285714
Q6UWP2,DHRS11,Dehydrogenase/reductase SDR family member 11,keep,keep,FALSE,TRUE,Secreted to digestive system,51000,0,0.1,0.4205882352941176
Q6UX06,OLFM4,Olfactomedin-4,keep,keep,FALSE,FALSE,Secreted to digestive system,840000,14.8,0,NA
Q6UXV4,APOOL,MICOS complex subunit MIC27,keep,keep,FALSE,TRUE,NA,NA,1.5,62.1,-0.14622231871471994
Q6XQN6,NAPRT,Nicotinate phosphoribosyltransferase,keep,keep,FALSE,TRUE,NA,2400000,4.8,1,0.16402232191705876
Q6YN16,HSDL2,Hydroxysteroid dehydrogenase-like protein 2,keep,keep,FALSE,TRUE,NA,NA,5.2,435,-0.16293964394268345
Q6YP21,KYAT3,Kynurenine--oxoglutarate transaminase 3,keep,keep,FALSE,FALSE,NA,NA,6.2,19.4,NA
Q6ZMU5,TRIM72,Tripartite motif-containing protein 72,keep,keep,FALSE,TRUE,NA,NA,0,232.6,-0.07967867998263135
Q6ZVM7,TOM1L2,TOM1-like protein 2,keep,keep,FALSE,TRUE,NA,19000,0.1,220.6,-0.2546230440967283
Q702N8,XIRP1,Xin actin-binding repeat-containing protein 1,keep,keep,FALSE,FALSE,NA,NA,0,15.9,0.26867129830655667
Q709C8,VPS13C,Vacuolar protein sorting-associated protein 13C,keep,keep,FALSE,TRUE,NA,NA,7.4,351.1,-0.056521739130434775
Q70IA6,MOB2,MOB kinase activator 2,keep,keep,FALSE,TRUE,NA,NA,12.2,18.2,0.15689149560117302
Q712K3,UBE2R2,Ubiquitin-conjugating enzyme E2 R2,keep,keep,FALSE,TRUE,NA,NA,14.7,448.7,-0.08526256352343312
Q7KZF4,SND1,Staphylococcal nuclease domain-containing protein 1,keep,keep,FALSE,TRUE,NA,3600000,11.4,93.8,-0.033846153846153845
Q7L0Y3,TRMT10C,tRNA methyltransferase 10 homolog C,keep,keep,FALSE,TRUE,NA,NA,3.4,12.4,-0.16233766233766234
Q7L1Q6,BZW1,Basic leucine zipper and W2 domain-containing protein 1,keep,keep,FALSE,TRUE,NA,170000,7.4,11.1,-0.08964059196617336
Q7L2H7,EIF3M,Eukaryotic translation initiation factor 3 subunit M,keep,keep,FALSE,TRUE,NA,210000,15.7,45.8,0.06216577540106952
Q7L523,RRAGA,Ras-related GTP-binding protein A,keep,keep,FALSE,TRUE,NA,NA,5.7,2.7,0.19248120300751878
Q7L576,CYFIP1,Cytoplasmic FMR1-interacting protein 1,keep,keep,FALSE,TRUE,NA,780000,0.2,3.8,NA
Q7L5D6,GET4,Golgi to ER traffic protein 4 homolog,keep,keep,FALSE,TRUE,NA,NA,0,0.2,-0.012280701754385967
Q7L5N1,COPS6,COP9 signalosome complex subunit 6,keep,keep,FALSE,TRUE,NA,72000,10.9,25.2,0.2362136343899262
Q7LBR1,CHMP1B,Charged multivesicular body protein 1b,keep,keep,FALSE,TRUE,NA,NA,0,0.1,-0.030252100840336138
Q7Z3D6,DGLUCY,"D-glutamate cyclase, mitochondrial",keep,keep,FALSE,TRUE,NA,NA,0.6,353.5,0.18011257035647285
Q7Z406,MYH14,Myosin-14,keep,keep,FALSE,TRUE,NA,26000000,0,154,-0.1596669750231267
Q7Z434,MAVS,Mitochondrial antiviral-signaling protein,keep,keep,FALSE,TRUE,NA,200000,3.3,124.5,-0.44233870967741945
Q7Z4H3,HDDC2,HD domain-containing protein 2,keep,keep,FALSE,TRUE,NA,13000,0.2,265.6,0.10276679841897234
Q7Z4W1,DCXR,L-xylulose reductase,keep,keep,FALSE,TRUE,NA,4700000,13.6,10.9,0.05286582718193661
Q7Z6Z7,HUWE1,E3 ubiquitin-protein ligase HUWE1,keep,keep,FALSE,TRUE,NA,130000,22.9,186.9,0.2149744753261486
Q7Z794,KRT77,"Keratin, type II cytoskeletal 1b",remove: keratin,cRAP dust/contact,TRUE,TRUE,NA,400000000,0,0,0.42490118577075103
Q7Z7F7,MRPL55,"39S ribosomal protein L55, mitochondrial",keep,keep,FALSE,FALSE,Intracellular and membrane,NA,5.1,5.7,-0.1003861003861004
Q86SX6,GLRX5,"Glutaredoxin-related protein 5, mitochondrial",keep,keep,FALSE,TRUE,NA,6400,779.1,20,0.016466234967622572
Q86T13,CLEC14A,C-type lectin domain family 14 member A,keep,keep,FALSE,FALSE,NA,510000,0,0.4,NA
Q86TC9,MYPN,Myopalladin,keep,keep,FALSE,FALSE,NA,NA,0,2111.1,0.3904869945709424
Q86TD4,SRL,Sarcalumenin,keep,keep,FALSE,FALSE,Intracellular and membrane,37000,0,626.6,-0.021602257924446377
Q86TP1,PRUNE1,Exopolyphosphatase PRUNE1,keep,keep,FALSE,TRUE,NA,42000,1.7,28.7,-0.1613445378151261
Q86TX2,ACOT1,Acyl-coenzyme A thioesterase 1,keep,keep,FALSE,TRUE,NA,NA,0,5.5,0.05514705882352941
Q86U28,ISCA2,"Iron-sulfur cluster assembly 2 homolog, mitochondrial",keep,keep,FALSE,TRUE,NA,NA,6.2,9,-0.23650458069062721
Q86U42,PABPN1,Polyadenylate-binding protein 2,keep,keep,FALSE,TRUE,NA,12000,1.5,0.5,NA
Q86UP2,KTN1,Kinectin,keep,keep,FALSE,TRUE,NA,36000,31.2,669.9,NA
Q86UT6,NLRX1,NLR family member X1,keep,keep,FALSE,FALSE,NA,NA,0.2,24.2,-0.021254355400696867
Q86UX7,FERMT3,Fermitin family homolog 3,keep,keep,FALSE,TRUE,NA,200000000,13.1,5.9,NA
Q86V88,MDP1,Magnesium-dependent phosphatase 1,keep,keep,FALSE,TRUE,NA,NA,0,0,-0.09681050656660414
Q86VD7,SLC25A42,Mitochondrial coenzyme A transporter SLC25A42,keep,keep,FALSE,FALSE,NA,NA,8.7,182.5,NA
Q86VF7,NRAP,Nebulin-related-anchoring protein,keep,keep,FALSE,FALSE,NA,NA,0,1072.1,0.19246634824142422
Q86VP6,CAND1,Cullin-associated NEDD8-dissociated protein 1,keep,keep,FALSE,TRUE,NA,5200000,9.2,132.8,0.19050262102991056
Q86VS8,HOOK3,Protein Hook homolog 3,keep,keep,FALSE,TRUE,NA,NA,2.4,154.9,NA
Q86VU5,COMTD1,Catechol O-methyltransferase domain-containing protein 1,keep,keep,FALSE,FALSE,NA,NA,1.7,8.7,-0.3023735810113519
Q86WA6,BPHL,Valacyclovir hydrolase,keep,keep,FALSE,FALSE,NA,7000,0,16.7,NA
Q86WU2,LDHD,"Probable D-lactate dehydrogenase, mitochondrial",keep,keep,FALSE,FALSE,NA,NA,0.1,14.9,-0.04298801973220578
Q86X55,CARM1,Histone-arginine methyltransferase CARM1,keep,keep,FALSE,TRUE,NA,29000,24.4,67.1,0.17233833023306705
Q86X76,NIT1,Deaminated glutathione amidase,keep,keep,FALSE,TRUE,NA,77000,3.9,39,0.2444005270092226
Q86Y39,NDUFA11,NADH dehydrogenase [ubiquinone] 1 alpha subcomplex subunit 11,keep,keep,FALSE,TRUE,NA,NA,22.5,2,-0.0340859748154581
Q86YB7,ECHDC2,"Enoyl-CoA hydratase domain-containing protein 2, mitochondrial",keep,keep,FALSE,FALSE,NA,210000,0.2,368.3,0.44675324675324674
Q8IUF8,RIOX2,Ribosomal oxygenase 2,keep,keep,FALSE,FALSE,NA,NA,0,26.6,NA
Q8IUZ5,PHYKPL,5-phosphohydroxy-L-lysine phospho-lyase,keep,keep,FALSE,TRUE,NA,120000,0.8,119.7,5.628517823639777e-4
Q8IVF2,AHNAK2,Protein AHNAK2,keep,keep,FALSE,FALSE,NA,400000,0,0.1,NA
Q8IVN3,MUSTN1,Musculoskeletal embryonic nuclear protein 1,keep,keep,FALSE,FALSE,NA,88000,0,0.2,0.21211463308727746
Q8IVP5,FUNDC1,FUN14 domain-containing protein 1,keep,keep,FALSE,TRUE,NA,NA,3.2,2.4,-0.3157894736842105
Q8IW45,NAXD,ATP-dependent (S)-NAD(P)H-hydrate dehydratase,keep,keep,FALSE,TRUE,NA,210000,0.1,19.3,-0.11329016342892383
Q8IWA5,SLC44A2,Choline transporter-like protein 2,keep,keep,FALSE,TRUE,NA,2600000,12.1,85,0.1285714285714286
Q8IWW8,ADHFE1,"Hydroxyacid-oxoacid transhydrogenase, mitochondrial",keep,keep,FALSE,FALSE,NA,NA,0,0.6,0.07209374036386061
Q8IWX7,UNC45B,Protein unc-45 homolog B,keep,keep,FALSE,FALSE,NA,NA,0,82.4,0.11854103343465046
Q8IXJ6,SIRT2,NAD-dependent protein deacetylase sirtuin-2,keep,keep,FALSE,TRUE,NA,NA,0.2,1.7,0.22660098522167482
Q8IXM3,MRPL41,"39S ribosomal protein L41, mitochondrial",keep,keep,FALSE,FALSE,NA,NA,6.7,7.9,-0.1470588235294118
Q8IYS1,PM20D2,Peptidase M20 domain-containing protein 2,keep,keep,FALSE,FALSE,NA,NA,0.5,202.7,0.0028921023359288096
Q8IYU8,MICU2,"Calcium uptake protein 2, mitochondrial",keep,keep,FALSE,FALSE,NA,NA,14.6,171.5,0.2961038961038961
Q8IZ83,ALDH16A1,Aldehyde dehydrogenase family 16 member A1,keep,keep,FALSE,TRUE,NA,720000,1.5,1.7,0.3569230769230769
Q8N0U8,VKORC1L1,Vitamin K epoxide reductase complex subunit 1-like protein 1,keep,keep,FALSE,TRUE,NA,NA,3.3,136.4,0.3693181818181818
Q8N0X4,CLYBL,"Citramalyl-CoA lyase, mitochondrial",keep,keep,FALSE,FALSE,NA,120000,0,189.4,-0.15316205533596838
Q8N142,ADSS1,Adenylosuccinate synthetase isozyme 1,keep,keep,FALSE,FALSE,NA,150000,0,75.1,-0.026812852800694745
Q8N1G4,LRRC47,Leucine-rich repeat-containing protein 47,keep,keep,FALSE,TRUE,NA,14000,1.9,24.5,0.07142857142857142
Q8N1N4,KRT78,"Keratin, type II cytoskeletal 78",remove: keratin,cRAP dust/contact,TRUE,TRUE,NA,100000000,0,0,NA
Q8N335,GPD1L,Glycerol-3-phosphate dehydrogenase 1-like protein,keep,keep,FALSE,TRUE,NA,NA,0.3,234.4,-0.07251411202778985
Q8N3D4,EHBP1L1,EH domain-binding protein 1-like protein 1,keep,keep,FALSE,TRUE,NA,91000,18.5,211,-0.09146341463414635
Q8N3L3,TXLNB,Beta-taxilin,keep,keep,FALSE,FALSE,NA,NA,0,194.5,-0.2591185410334347
Q8N3V7,SYNPO,Synaptopodin,keep,keep,FALSE,FALSE,NA,NA,0,196.5,-0.028330206378986873
Q8N4Q0,ZADH2,Prostaglandin reductase 3,keep,keep,FALSE,FALSE,NA,NA,0.2,25.4,-0.2145877378435518
Q8N4Q1,CHCHD4,Mitochondrial intermembrane space import and assembly protein 40,keep,keep,FALSE,FALSE,NA,NA,1.5,3.8,NA
Q8N4T8,CBR4,Carbonyl reductase family member 4,keep,keep,FALSE,FALSE,NA,200000,5,303.9,0.05793695810712259
Q8N5C6,SRBD1,S1 RNA-binding domain-containing protein 1,keep,keep,FALSE,FALSE,NA,NA,2,85.2,NA
Q8N5G0,SMIM20,Small integral membrane protein 20,remove: plasma,remove: plasma,TRUE,TRUE,Secreted to blood,NA,3.7,13.4,-0.024861239592969472
Q8N5K1,CISD2,CDGSH iron-sulfur domain-containing protein 2,keep,keep,FALSE,TRUE,NA,6300,73.4,11.1,-0.11363636363636363
Q8N5M1,ATPAF2,ATP synthase mitochondrial F1 complex assembly factor 2,keep,keep,FALSE,FALSE,NA,NA,0.3,23.2,-0.3263106717445912
Q8N5M9,JAGN1,Protein jagunal homolog 1,keep,keep,FALSE,TRUE,NA,NA,5,4.9,0.05383275261324043
Q8N6M3,FITM2,Fat storage-inducing transmembrane protein 2,keep,keep,FALSE,TRUE,NA,NA,1.5,14.3,-0.22348178137651822
Q8N766,EMC1,ER membrane protein complex subunit 1,keep,keep,FALSE,TRUE,NA,13000,3,38.2,-0.005081874647092039
Q8N8N7,PTGR2,Prostaglandin reductase 2,keep,keep,FALSE,TRUE,NA,32000,0,2,-0.12342596613113331
Q8NB12,SMYD1,Histone-lysine N-methyltransferase SMYD1,keep,keep,FALSE,FALSE,NA,NA,0,392.8,-0.08347807207989578
Q8NB90,SPATA5,ATPase family protein 2 homolog,keep,keep,FALSE,TRUE,NA,NA,9.1,154.9,-0.028571428571428574
Q8NBF2,NHLRC2,NHL repeat-containing protein 2,keep,keep,FALSE,TRUE,NA,140000,5.1,182.6,-0.10176180408738549
Q8NBN7,RDH13,Retinol dehydrogenase 13,keep,keep,FALSE,FALSE,Intracellular and membrane,NA,0,1,-0.16584564860426926
Q8NBS9,TXNDC5,Thioredoxin domain-containing protein 5,keep,keep,FALSE,TRUE,Intracellular and membrane,5300000,1.5,0.2,NA
Q8NBU5,ATAD1,ATPase family AAA domain-containing protein 1,keep,keep,FALSE,FALSE,NA,6400,0.5,84.9,-0.04764107308048104
Q8NBX0,SCCPDH,Saccharopine dehydrogenase-like oxidoreductase,keep,keep,FALSE,TRUE,NA,29000,3.1,50.8,-0.08886833179155103
Q8NC51,SERBP1,Plasminogen activator inhibitor 1 RNA-binding protein,keep,keep,FALSE,TRUE,NA,380000,73.1,137.6,0.16402518454190185
Q8NCA5,FAM98A,Protein FAM98A,keep,keep,FALSE,TRUE,NA,NA,1.9,108.9,-0.033797909407665506
Q8NCN5,PDPR,"Pyruvate dehydrogenase phosphatase regulatory subunit, mitochondrial",keep,keep,FALSE,FALSE,NA,NA,1.7,51.4,-0.16397748592870548
Q8NCW5,NAXE,NAD(P)H-hydrate epimerase,keep: rescued (muscle-expressed),keep: rescued (muscle-expressed),FALSE,TRUE,Secreted to blood,1200000,1.1,20.6,-0.12874511506730352
Q8NDH3,NPEPL1,Probable aminopeptidase NPEPL1,keep,keep,FALSE,TRUE,NA,8700,1.7,9.7,-0.15810276679841895
Q8NDY3,ADPRHL1,[Protein ADP-ribosylarginine] hydrolase-like protein 1,keep,keep,FALSE,FALSE,NA,NA,0,150.6,-0.0013026487190620929
Q8NE62,CHDH,"Choline dehydrogenase, mitochondrial",keep,keep,FALSE,FALSE,NA,NA,0,5.5,NA
Q8NE71,ABCF1,ATP-binding cassette sub-family F member 1,keep,keep,FALSE,TRUE,NA,210000,3.9,4.8,0.23829658713379645
Q8NE86,MCU,"Calcium uniporter protein, mitochondrial",keep,keep,FALSE,TRUE,NA,37000,12.5,1130.9,-0.020176646949193744
Q8NEZ2,VPS37A,Vacuolar protein sorting-associated protein 37A,keep,keep,FALSE,TRUE,NA,NA,6.8,93.3,NA
Q8NFV4,ABHD11,Protein ABHD11,keep,keep,FALSE,TRUE,NA,7900,0.1,2.9,-0.27373358348968113
Q8NHH9,ATL2,Atlastin-2,keep,keep,FALSE,TRUE,NA,NA,6.9,236.2,-0.08637835337650324
Q8NI22,MCFD2,Multiple coagulation factor deficiency protein 2,keep,keep,FALSE,TRUE,Intracellular and membrane,530000,3.1,40.7,NA
Q8NI37,PPTC7,Protein phosphatase PTC7 homolog,keep,keep,FALSE,FALSE,NA,NA,0.8,319.4,-0.029588431590656286
Q8NI60,COQ8A,"Atypical kinase COQ8A, mitochondrial",keep,keep,FALSE,FALSE,NA,NA,0,0.7,-0.3057967867998263
Q8TAE6,PPP1R14C,Protein phosphatase 1 regulatory subunit 14C,keep,keep,FALSE,FALSE,NA,NA,0,39.5,NA
Q8TAT6,NPLOC4,Nuclear protein localization protein 4 homolog,keep,keep,FALSE,TRUE,NA,NA,8.5,221.9,-0.020235892691951897
Q8TB22,SPATA20,Spermatogenesis-associated protein 20,keep,keep,FALSE,FALSE,Secreted in male reproductive system,NA,0,5.8,NA
Q8TB37,NUBPL,Iron-sulfur protein NUBPL,keep,keep,FALSE,TRUE,NA,NA,2,139.6,-0.13632053105737316
Q8TB45,DEPTOR,DEP domain-containing mTOR-interacting protein,keep,keep,FALSE,FALSE,NA,NA,1.5,834.3,0.024606845513413505
Q8TBC4,UBA3,NEDD8-activating enzyme E1 catalytic subunit,keep,keep,FALSE,TRUE,NA,21000,7.1,101,-0.1064558629776021
Q8TBQ9,TMEM167A,Protein kish-A,keep,keep,FALSE,TRUE,NA,NA,12.2,18.6,0.27669172932330827
Q8TC12,RDH11,Retinol dehydrogenase 11,keep,keep,FALSE,TRUE,Intracellular and membrane,180000,0.2,5.8,0.05363984674329502
Q8TC44,POC1B,POC1 centriolar protein homolog B,keep,keep,FALSE,TRUE,NA,NA,29,26.6,NA
Q8TCA0,LRRC20,Leucine-rich repeat-containing protein 20,keep,keep,FALSE,TRUE,NA,NA,1.5,111.8,-0.18465045592705165
Q8TCD5,NT5C,"5'(3')-deoxyribonucleotidase, cytosolic type",keep,keep,FALSE,TRUE,NA,300000,6,29.8,-0.07127799736495387
Q8TCJ2,STT3B,Dolichyl-diphosphooligosaccharide--protein glycosyltransferase subunit STT3B,keep,keep,FALSE,TRUE,NA,7100,16.6,169.9,0.0441025641025641
Q8TCS8,PNPT1,"Polyribonucleotide nucleotidyltransferase 1, mitochondrial",keep,keep,FALSE,FALSE,NA,4600,5.1,85.5,-0.5352226720647774
Q8TCT8,SPPL2A,Signal peptide peptidase-like 2A,keep,keep,FALSE,TRUE,NA,NA,8.9,740,-0.2075187969924812
Q8TD30,GPT2,Alanine aminotransferase 2,keep,keep,FALSE,FALSE,NA,NA,0,86.3,NA
Q8TDC0,MYOZ3,Myozenin-3,keep,keep,FALSE,FALSE,NA,NA,0,165.4,-0.09810901001112347
Q8TDX7,NEK7,Serine/threonine-protein kinase Nek7,keep,keep,FALSE,TRUE,NA,NA,27.5,185.8,0.1784150477952513
Q8TEA8,DTD1,D-aminoacyl-tRNA deacylase 1,keep,keep,FALSE,TRUE,NA,310000,0,3.6,0.0031007751937984496
Q8WTS6,SETD7,Histone-lysine N-methyltransferase SETD7,keep,keep,FALSE,FALSE,NA,NA,1.6,58.7,0.1167900092506938
Q8WUD1,RAB2B,Ras-related protein Rab-2B,keep,keep,FALSE,TRUE,NA,NA,39.2,28.9,-0.388695652173913
Q8WUM4,PDCD6IP,Programmed cell death 6-interacting protein,keep,keep,FALSE,TRUE,Intracellular and membrane,2300000,6.7,96.9,-0.047062904717853835
Q8WVI0,SMIM4,Small integral membrane protein 4,keep,keep,FALSE,TRUE,NA,NA,0.3,105.7,-0.09512195121951222
Q8WVM8,SCFD1,Sec1 family domain-containing protein 1,keep,keep,FALSE,TRUE,NA,69000,45.4,197.6,-0.24608819345661448
Q8WW22,DNAJA4,DnaJ homolog subfamily A member 4,keep,keep,FALSE,TRUE,NA,NA,34.7,70.1,0.03200740055504162
Q8WW59,SPRYD4,SPRY domain-containing protein 4,keep,keep,FALSE,FALSE,NA,75000,0.2,6.6,-0.002035152636447733
Q8WWC4,MAIP1,"m-AAA protease-interacting protein 1, mitochondrial",keep,keep,FALSE,FALSE,NA,NA,1.7,34,NA
Q8WWV3,RTN4IP1,"Reticulon-4-interacting protein 1, mitochondrial",keep,keep,FALSE,FALSE,NA,NA,3.1,73.7,0.07335834896810509
Q8WX93,PALLD,Palladin,keep,keep,FALSE,FALSE,NA,12000,0.1,2714.2,NA
Q8WXH0,SYNE2,Nesprin-2,remove: red-cell (blood-tracking + RBC proteome),remove: red-cell (blood-tracking + RBC proteome),TRUE,TRUE,NA,NA,3.1,302.5,0.5774358974358974
Q8WY91,THAP4,THAP domain-containing protein 4,keep,keep,FALSE,FALSE,NA,NA,0.1,29.2,-0.12605042016806722
Q8WYQ3,CHCHD10,"Coiled-coil-helix-coiled-coil-helix domain-containing protein 10, mitochondrial",keep,keep,FALSE,FALSE,NA,NA,3.5,14.2,-0.17429643527204508
Q8WZ42,TTN,Titin,keep,keep,FALSE,TRUE,NA,4100000,1.8,35695.3,0.13764654798089448
Q8WZ82,OVCA2,Esterase OVCA2,keep,keep,FALSE,TRUE,NA,NA,0,0,NA
Q8WZA0,LZIC,Protein LZIC,keep,keep,FALSE,TRUE,NA,310000,1.9,30.8,0.20787992495309573
Q8WZA9,IRGQ,Immunity-related GTPase family Q protein,keep,keep,FALSE,TRUE,NA,33000,3,1.7,-0.1543417366946779
Q92499,DDX1,ATP-dependent RNA helicase DDX1,keep,keep,FALSE,TRUE,NA,35000,12.6,75,-0.2602913968547641
Q92506,HSD17B8,Estradiol 17-beta-dehydrogenase 8,keep,keep,FALSE,TRUE,NA,84000,0,0.7,0.04211897524967434
Q92523,CPT1B,"Carnitine O-palmitoyltransferase 1, muscle isoform",keep,keep,FALSE,FALSE,NA,NA,0,3.3,0.09607034303082934
Q92530,PSMF1,Proteasome inhibitor PI31 subunit,keep,keep,FALSE,TRUE,NA,310000,107.6,92.9,0.19568300955905021
Q92552,MRPS27,"28S ribosomal protein S27, mitochondrial",keep,keep,FALSE,FALSE,NA,NA,6.6,80.1,-0.22260869565217387
Q92575,UBXN4,UBX domain-containing protein 4,keep,keep,FALSE,FALSE,NA,NA,17.6,194.2,NA
Q92598,HSPH1,Heat shock protein 105 kDa,keep,keep,FALSE,TRUE,NA,1000000,24.6,14.6,0.21625615763546793
Q92614,MYO18A,Unconventional myosin-XVIIIa,keep,keep,FALSE,TRUE,NA,3100,1.8,371,0.008456659619450317
Q92616,GCN1,eIF-2-alpha kinase activator GCN1,keep,keep,FALSE,TRUE,NA,180000,6.1,47.2,-0.19711042311661506
Q92629,SGCD,Delta-sarcoglycan,keep,keep,FALSE,FALSE,NA,NA,1.5,2979.1,0.13829787234042554
Q92667,AKAP1,"A-kinase anchor protein 1, mitochondrial",keep,keep,FALSE,TRUE,NA,NA,0.2,90.6,0.010714285714285713
Q92696,RABGGTA,Geranylgeranyl transferase type-2 subunit alpha,keep,keep,FALSE,TRUE,NA,NA,0,0.8,0.029900332225913623
Q92734,TFG,Protein TFG,keep,keep,FALSE,TRUE,NA,170000,1.1,64.4,-0.1306340718105424
Q92736,RYR2,Ryanodine receptor 2,keep,keep,FALSE,TRUE,NA,NA,0,32,0.08000434216239687
Q92747,ARPC1A,Actin-related protein 2/3 complex subunit 1A,keep,keep,FALSE,TRUE,NA,200000,0.4,0.1,NA
Q92841,DDX17,Probable ATP-dependent RNA helicase DDX17,keep,keep,FALSE,TRUE,Intracellular and membrane,110000,36,608.6,0.21282593375616632
Q92879,CELF1,CUGBP Elav-like family member 1,keep,keep,FALSE,TRUE,NA,NA,21,304.4,NA
Q92882,OSTF1,Osteoclast-stimulating factor 1,keep,keep,FALSE,TRUE,NA,430000,7.7,7.9,NA
Q92890,UFD1,Ubiquitin recognition factor in ER-associated degradation protein 1,keep,keep,FALSE,TRUE,NA,6300,13.1,30,0.2571805006587615
Q92901,RPL3L,60S ribosomal protein L3-like,keep,keep,FALSE,FALSE,NA,NA,0.3,352,NA
Q92905,COPS5,COP9 signalosome complex subunit 5,keep,keep,FALSE,TRUE,NA,35000,9.2,49.2,0.15631784628745116
Q92947,GCDH,"Glutaryl-CoA dehydrogenase, mitochondrial",keep,keep,FALSE,TRUE,NA,NA,5.9,21.6,-0.1819838056680162
Q92973,TNPO1,Transportin-1,keep,keep,FALSE,TRUE,NA,150000,14.6,415.8,0.07396950875211747
Q92995,USP13,Ubiquitin carboxyl-terminal hydrolase 13,keep,keep,FALSE,TRUE,NA,NA,0,108.5,-0.12352941176470587
Q93008,USP9X,Probable ubiquitin carboxyl-terminal hydrolase FAF-X,keep,keep,FALSE,TRUE,NA,16000,59.1,190.8,-0.048411964230650625
Q93009,USP7,Ubiquitin carboxyl-terminal hydrolase 7,keep,keep,FALSE,TRUE,NA,15000,48.4,48,NA
Q93034,CUL5,Cullin-5,keep,keep,FALSE,TRUE,NA,6800,3.8,295.6,-0.05796786799826314
Q93052,LPP,Lipoma-preferred partner,keep,keep,FALSE,FALSE,NA,230000,26.8,1088.6,-0.2030791788856305
Q93084,ATP2A3,Sarcoplasmic/endoplasmic reticulum calcium ATPase 3,keep,keep,FALSE,TRUE,NA,6300000,7,0.7,-0.03180633955709944
Q93088,BHMT,Betaine--homocysteine S-methyltransferase 1,keep,keep,FALSE,FALSE,NA,15000000,0,0.2,NA
Q93100,PHKB,Phosphorylase b kinase regulatory subunit beta,keep,keep,FALSE,TRUE,NA,NA,7.5,471.2,-0.26074685193226227
Q969G5,CAVIN3,Caveolae-associated protein 3,keep,keep,FALSE,FALSE,NA,NA,0,0.6,NA
Q969Q5,RAB24,Ras-related protein Rab-24,keep,keep,FALSE,TRUE,NA,NA,0,6.1,-0.14608695652173911
Q969X5,ERGIC1,Endoplasmic reticulum-Golgi intermediate compartment protein 1,keep,keep,FALSE,TRUE,NA,NA,1.4,72.9,0.03362369337979095
Q969Z3,MTARC2,Mitochondrial amidoxime reducing component 2,keep,keep,FALSE,TRUE,NA,NA,0,37.2,0.1699248120300752
Q96A26,FAM162A,Protein FAM162A,keep,keep,FALSE,TRUE,NA,17000,0.2,55.7,-0.1857359965262701
Q96A32,MYLPF,"Myosin regulatory light chain 2, skeletal muscle isoform",keep,keep,FALSE,FALSE,NA,860000,0.2,239.3,0.21580547112462006
Q96A33,CCDC47,Coiled-coil domain-containing protein 47,keep,keep,FALSE,TRUE,NA,NA,7.1,53.2,NA
Q96AB3,ISOC2,Isochorismatase domain-containing protein 2,keep,keep,FALSE,TRUE,NA,130000,4.6,4.5,-0.045701259227095094
Q96AC1,FERMT2,Fermitin family homolog 2,keep,keep,FALSE,FALSE,NA,81000,0,96.8,0.03145235892691952
Q96AE4,FUBP1,Far upstream element-binding protein 1,keep,keep,FALSE,TRUE,NA,27000,10.4,125.6,0.23754789272030646
Q96AG3,SLC25A46,Solute carrier family 25 member 46,keep,keep,FALSE,TRUE,NA,NA,0.4,54.3,-0.14673377831272566
Q96AN5,TMEM143,Transmembrane protein 143,keep,keep,FALSE,FALSE,NA,NA,0.2,51.2,-0.09908386187455955
Q96AQ6,PBXIP1,Pre-B-cell leukemia transcription factor-interacting protein 1,keep,keep,FALSE,TRUE,NA,44000,1.9,21.5,0.19018671298306558
Q96AY3,FKBP10,Peptidyl-prolyl cis-trans isomerase FKBP10,keep,keep,FALSE,FALSE,Intracellular and membrane,84000,0,0.8,NA
Q96B96,TMEM159,Promethin,keep,keep,FALSE,FALSE,NA,NA,0,26.8,NA
Q96BM9,ARL8A,ADP-ribosylation factor-like protein 8A,keep,keep,FALSE,TRUE,NA,NA,1.7,11.5,-0.11093104286524592
Q96C00,ZBTB9,Zinc finger and BTB domain-containing protein 9,keep,keep,FALSE,FALSE,NA,NA,0,0,0.13023255813953488
Q96C01,FAM136A,Protein FAM136A,keep,keep,FALSE,FALSE,NA,NA,3.5,13,-0.3577075098814229
Q96C11,FGGY,FGGY carbohydrate kinase domain-containing protein,keep,keep,FALSE,TRUE,NA,95000,5.6,526.5,-0.04153846153846154
Q96C19,EFHD2,EF-hand domain-containing protein D2,keep,keep,FALSE,TRUE,NA,250000,10.8,0.4,NA
Q96C23,GALM,Aldose 1-epimerase,keep,keep,FALSE,TRUE,NA,530000,5.9,87.4,0.04594785059901339
Q96C90,PPP1R14B,Protein phosphatase 1 regulatory subunit 14B,keep,keep,FALSE,FALSE,NA,55000,10.4,11.8,0.05213903743315508
Q96CM8,ACSF2,"Medium-chain acyl-CoA ligase ACSF2, mitochondrial",keep,keep,FALSE,FALSE,NA,NA,0.2,115.7,-0.022016651248843663
Q96CN7,ISOC1,Isochorismatase domain-containing protein 1,keep,keep,FALSE,TRUE,NA,1500000,4.5,8.2,-0.13922294172062905
Q96CT7,CCDC124,Coiled-coil domain-containing protein 124,keep,keep,FALSE,TRUE,NA,NA,8.3,6.1,NA
Q96CV9,OPTN,Optineurin,keep,keep,FALSE,TRUE,NA,2400000,84.2,244.8,0.06904475325527956
Q96CW1,AP2M1,AP-2 complex subunit mu,keep,keep,FALSE,TRUE,NA,6500,64.1,21.4,-0.05891181988742966
Q96CX2,KCTD12,BTB/POZ domain-containing protein KCTD12,keep,keep,FALSE,TRUE,NA,4700000,3.9,0.4,-0.12353649195754457
Q96D15,RCN3,Reticulocalbin-3,keep,keep,FALSE,FALSE,Intracellular and membrane,3800000,0.2,2.7,NA
Q96DA6,DNAJC19,Mitochondrial import inner membrane translocase subunit TIM14,keep,keep,FALSE,TRUE,NA,NA,6.1,48.5,-0.20443548387096774
Q96DB5,RMDN1,Regulator of microtubule dynamics protein 1,keep,keep,FALSE,TRUE,NA,NA,3.4,118.8,1.8501387604070302e-4
Q96DC8,ECHDC3,"Enoyl-CoA hydratase domain-containing protein 3, mitochondrial",keep,keep,FALSE,FALSE,NA,170000,0.1,23.6,0.0988540870893812
Q96DE0,NUDT16,U8 snoRNA-decapping enzyme,keep,keep,FALSE,TRUE,NA,27000,3.6,7.7,-0.14722617354196302
Q96DG6,CMBL,Carboxymethylenebutenolidase homolog,keep,keep,FALSE,TRUE,NA,630000,8.8,77.6,0.06155015197568389
Q96DH6,MSI2,RNA-binding protein Musashi homolog 2,keep,keep,FALSE,FALSE,NA,NA,20.3,1085.4,-0.14362226920366455
Q96DV4,MRPL38,"39S ribosomal protein L38, mitochondrial",keep,keep,FALSE,FALSE,NA,NA,0,0.9,-0.3879699248120301
Q96EL3,MRPL53,"39S ribosomal protein L53, mitochondrial",keep,keep,FALSE,FALSE,NA,NA,0.1,0.4,NA
Q96EM0,L3HYPDH,Trans-3-hydroxy-L-proline dehydratase,keep,keep,FALSE,TRUE,NA,28000,0,17.7,-0.1925465838509317
Q96EY1,DNAJA3,"DnaJ homolog subfamily A member 3, mitochondrial",keep,keep,FALSE,FALSE,NA,33000,0.2,2,0.07517233833023307
Q96EY7,PTCD3,"Pentatricopeptide repeat domain-containing protein 3, mitochondrial",keep,keep,FALSE,FALSE,NA,NA,9.8,149.8,-0.050219941348973604
Q96EY8,MMAB,Corrinoid adenosyltransferase,keep,keep,FALSE,FALSE,NA,43000,1.7,48.5,-0.18883689839572193
Q96FJ2,DYNLL2,"Dynein light chain 2, cytoplasmic",keep,keep,FALSE,TRUE,NA,760000,17.6,8.8,-0.17618323925314808
Q96FQ6,S100A16,Protein S100-A16,keep,keep,FALSE,TRUE,NA,270000,0.2,1.3,0.15487179487179487
Q96FV2,SCRN2,Secernin-2,keep,keep,FALSE,TRUE,NA,330000,0,7.3,-0.14222941720629048
Q96FW1,OTUB1,Ubiquitin thioesterase OTUB1,keep,keep,FALSE,TRUE,NA,1200000,8.1,35,0.10058587727412889
Q96FZ7,CHMP6,Charged multivesicular body protein 6,keep,keep,FALSE,TRUE,NA,10000,3.3,8.8,0.059218559218559216
Q96GG9,DCUN1D1,DCN1-like protein 1,keep,keep,FALSE,TRUE,NA,280000,50.7,125.9,0.21669037458511142
Q96GK7,FAHD2A,Fumarylacetoacetate hydrolase domain-containing protein 2A,keep,keep,FALSE,TRUE,NA,100000,0,25.6,-0.34992887624466573
Q96GX9,APIP,Methylthioribulose-1-phosphate dehydratase,keep,keep,FALSE,TRUE,NA,54000,3.2,75.8,-0.08698553948832036
Q96H20,SNF8,Vacuolar-sorting protein SNF8,keep,keep,FALSE,TRUE,NA,NA,17.7,36.6,NA
Q96HC4,PDLIM5,PDZ and LIM domain protein 5,keep,keep,FALSE,TRUE,NA,1500000,5.2,5563.8,0.12320885801128963
Q96HE7,ERO1A,ERO1-like protein alpha,keep,keep,FALSE,TRUE,Intracellular and membrane,30000,2.2,25.5,-0.14285714285714285
Q96HN2,AHCYL2,Adenosylhomocysteinase 3,keep,keep,FALSE,FALSE,NA,91000,1.8,374.2,-0.029326475942565967
Q96HY7,DHTKD1,"Probable 2-oxoglutarate dehydrogenase E1 component DHKTD1, mitochondrial",keep,keep,FALSE,FALSE,NA,NA,1.6,56.5,-0.19607843137254904
Q96I23,PYURF,"Protein preY, mitochondrial",keep,keep,FALSE,FALSE,NA,NA,0,0,-0.09584214235377025
Q96I99,SUCLG2,"Succinate--CoA ligase [GDP-forming] subunit beta, mitochondrial",keep,keep,FALSE,TRUE,NA,270000,7.5,263.3,-0.2074468085106383
Q96IU4,ABHD14B,Protein ABHD14B,keep,keep,FALSE,TRUE,NA,2300000,0,4.9,-0.05631359851988899
Q96IV0,NGLY1,Peptide-N(4)-(N-acetyl-beta-glucosaminyl)asparagine amidase,keep,keep,FALSE,TRUE,NA,NA,13.9,148.4,0.4387254901960785
Q96IX5,ATP5MD,"ATP synthase membrane subunit DAPIT, mitochondrial",keep,keep,FALSE,TRUE,NA,14000,41.7,60,0.026270082501085538
Q96IY4,CPB2,Carboxypeptidase B2,remove: plasma,remove: plasma,TRUE,TRUE,Secreted to blood,4300000000,1.5,2.5,NA
Q96JB5,CDK5RAP3,CDK5 regulatory subunit-associated protein 3,keep,keep,FALSE,TRUE,NA,NA,3,2.8,NA
Q96JJ7,TMX3,Protein disulfide-isomerase TMX3,keep,keep,FALSE,TRUE,Intracellular and membrane,NA,1.5,39.8,0.11564171122994653
Q96K17,BTF3L4,Transcription factor BTF3 homolog 4,keep,keep,FALSE,TRUE,NA,23000,8.3,85.5,0.05994729907773386
Q96K76,USP47,Ubiquitin carboxyl-terminal hydrolase 47,keep,keep,FALSE,TRUE,NA,8600,22.7,434.9,0.15607287449392712
Q96KP4,CNDP2,Cytosolic non-specific dipeptidase,keep,keep,FALSE,TRUE,NA,2200000,2.2,5,-0.16310935441370222
Q96L96,ALPK3,Alpha-protein kinase 3,keep,keep,FALSE,TRUE,NA,NA,0,774.4,0.016068376068376064
Q96MF2,STAC3,SH3 and cysteine-rich domain-containing protein 3,keep,keep,FALSE,FALSE,NA,NA,0.1,358.7,-0.12270168855534713
Q96MF6,COQ10A,"Coenzyme Q-binding protein COQ10 homolog A, mitochondrial",keep,keep,FALSE,FALSE,NA,NA,0.2,237.8,-0.04791859389454208
Q96MG2,JSRP1,Junctional sarcoplasmic reticulum protein 1,keep,keep,FALSE,FALSE,NA,21000,8.8,36.2,-0.21330872774641774
Q96MW1,CCDC43,Coiled-coil domain-containing protein 43,keep,keep,FALSE,TRUE,NA,NA,0.1,18.3,-0.1925465838509317
Q96NY7,CLIC6,Chloride intracellular channel protein 6,keep,keep,FALSE,FALSE,NA,NA,0,2.1,-0.14895470383275264
Q96P70,IPO9,Importin-9,keep,keep,FALSE,TRUE,NA,130000,9.2,109.5,NA
Q96PD5,PGLYRP2,N-acetylmuramoyl-L-alanine amidase,remove: plasma,remove: plasma,TRUE,TRUE,Secreted to blood,21000000000,0,0.4,0.21435605646131958
Q96PE7,MCEE,"Methylmalonyl-CoA epimerase, mitochondrial",keep,keep,FALSE,TRUE,NA,15000,0.2,164.2,-0.24324324324324328
Q96PU8,QKI,Protein quaking,keep,keep,FALSE,FALSE,NA,NA,27.6,3258.7,0.22979094076655057
Q96Q06,PLIN4,Perilipin-4,keep,keep,FALSE,FALSE,NA,130000,0,56.5,-0.19138080764220583
Q96QK1,VPS35,Vacuolar protein sorting-associated protein 35,keep,keep,FALSE,TRUE,NA,520000,5.5,62.1,-0.007832254085723096
Q96RD7,PANX1,Pannexin-1,keep,keep,FALSE,TRUE,NA,NA,0.2,8.2,NA
Q96RP9,GFM1,"Elongation factor G, mitochondrial",keep,keep,FALSE,FALSE,NA,43000,2.7,74,-0.1334494773519164
Q96RQ3,MCCC1,"Methylcrotonoyl-CoA carboxylase subunit alpha, mitochondrial",keep,keep,FALSE,FALSE,NA,7700,0.5,117.4,-0.047842401500938096
Q96S19,METTL26,Methyltransferase-like 26,keep,keep,FALSE,TRUE,NA,NA,5,3.3,0.2112375533428165
Q96S66,CLCC1,Chloride channel CLIC-like protein 1,keep,keep,FALSE,TRUE,NA,NA,0,3.3,0.02766798418972332
Q96S96,PEBP4,Phosphatidylethanolamine-binding protein 4,keep,keep,FALSE,FALSE,Secreted in other tissues,39000000,0,1086.2,NA
Q99426,TBCB,Tubulin-folding cofactor B,keep,keep,FALSE,TRUE,NA,430000,8.2,4.6,-0.17715286136338768
Q99436,PSMB7,Proteasome subunit beta type-7,keep,keep,FALSE,TRUE,NA,5000000,18.8,81.7,0.1416630481980026
Q99439,CNN2,Calponin-2,keep,keep,FALSE,TRUE,NA,7300000,4.3,0.1,NA
Q99447,PCYT2,Ethanolamine-phosphate cytidylyltransferase,keep,keep,FALSE,TRUE,NA,86000,3,1.8,-0.3038961038961039
Q99460,PSMD1,26S proteasome non-ATPase regulatory subunit 1,keep,keep,FALSE,TRUE,NA,290000,22.4,274.2,-0.07577073382544508
Q99471,PFDN5,Prefoldin subunit 5,keep,keep,FALSE,TRUE,NA,95000,0.5,0.3,-0.1051444679351656
Q99497,PARK7,Protein/nucleic acid deglycase DJ-1,keep,keep,FALSE,TRUE,NA,28000000,30.9,36.3,-0.12266608771168042
Q99504,EYA3,Eyes absent homolog 3,keep,keep,FALSE,FALSE,NA,NA,3.7,175.2,0.3488158899923606
Q99536,VAT1,Synaptic vesicle membrane protein VAT-1 homolog,keep,keep,FALSE,TRUE,NA,3300000,0.1,0.6,-0.004681365146481426
Q99541,PLIN2,Perilipin-2,keep,keep,FALSE,FALSE,NA,NA,9.9,126.7,-0.1225994651973098
Q99584,S100A13,Protein S100-A13,keep,keep,FALSE,FALSE,Secreted in other tissues,7700,0.2,2.8,-0.03658271819366044
Q99598,TSNAX,Translin-associated protein X,keep,keep,FALSE,TRUE,NA,21000,0,0.5,0.1176470588235294
Q99613,EIF3C,Eukaryotic translation initiation factor 3 subunit C,keep,keep,FALSE,TRUE,NA,NA,0,4,-0.03227931488801054
Q99623,PHB2,Prohibitin-2,keep,keep,FALSE,TRUE,NA,200000,6.5,11.7,0.05927051671732523
Q99627,COPS8,COP9 signalosome complex subunit 8,keep,keep,FALSE,TRUE,NA,190000,3.3,49.5,0.010545790934320072
Q99643,SDHC,"Succinate dehydrogenase cytochrome b560 subunit, mitochondrial",keep,keep,FALSE,TRUE,NA,NA,4.8,84.7,-0.1255781683626272
Q99653,CHP1,Calcineurin B homologous protein 1,keep,keep,FALSE,TRUE,NA,NA,17.1,109.6,0.08648648648648649
Q99685,MGLL,Monoglyceride lipase,keep,keep,FALSE,TRUE,NA,110000,5.2,284.2,-0.025725232621784343
Q99714,HSD17B10,3-hydroxyacyl-CoA dehydrogenase type-2,keep,keep,FALSE,TRUE,NA,420000,1.9,3.4,-0.189209726443769
Q99733,NAP1L4,Nucleosome assembly protein 1-like 4,keep,keep,FALSE,TRUE,NA,3800000,22,14.7,0.1557585568917669
Q99735,MGST2,Microsomal glutathione S-transferase 2,keep,keep,FALSE,TRUE,NA,11000,0.5,108.8,-0.005665349143610012
Q99757,TXN2,"Thioredoxin, mitochondrial",keep,keep,FALSE,FALSE,NA,3600000,7,15.2,0.024283071230342276
Q99766,DMAC2L,"ATP synthase subunit s, mitochondrial",keep,keep,FALSE,TRUE,NA,NA,4.9,37.9,-0.48988221081244343
Q99798,ACO2,"Aconitate hydratase, mitochondrial",keep,keep,FALSE,TRUE,NA,2500000,4.1,312.5,-0.04808944854537559
Q99807,COQ7,"5-demethoxyubiquinone hydroxylase, mitochondrial",keep,keep,FALSE,FALSE,NA,NA,3.5,41,0.02176996608078939
Q99816,TSG101,Tumor susceptibility gene 101 protein,keep,keep,FALSE,TRUE,NA,11000,21.3,72.2,0.27842401500938097
Q99829,CPNE1,Copine-1,keep,keep,FALSE,TRUE,NA,520000,10.6,33.2,-0.07641196013289037
Q99832,CCT7,T-complex protein 1 subunit eta,keep,keep,FALSE,TRUE,NA,4100000,8.3,15.7,0.2997177594442032
Q99873,PRMT1,Protein arginine N-methyltransferase 1,keep,keep,FALSE,TRUE,NA,16000,8.2,19.1,0.17977181621954977
Q9BPX5,ARPC5L,Actin-related protein 2/3 complex subunit 5-like protein,keep,keep,FALSE,TRUE,NA,13000,6.4,8.3,-0.1614982578397213
Q9BQ69,MACROD1,ADP-ribose glycohydrolase MACROD1,keep,keep,FALSE,TRUE,NA,8500,5.9,327.8,-0.17021276595744683
Q9BQA1,WDR77,Methylosome protein 50,keep,keep,FALSE,TRUE,NA,54000,0,3.1,0.13364542434309878
Q9BQE3,TUBA1C,Tubulin alpha-1C chain,keep,keep,FALSE,FALSE,NA,220000000,29.6,4.5,NA
Q9BQE5,APOL2,Apolipoprotein L2,keep,keep,FALSE,TRUE,NA,3200000,1.9,8.4,NA
Q9BQS8,FYCO1,FYVE and coiled-coil domain-containing protein 1,keep,keep,FALSE,TRUE,NA,NA,3.1,226.1,0.015856236786469347
Q9BR39,JPH2,Junctophilin-2,keep,keep,FALSE,FALSE,NA,NA,0.6,387.4,0.08973172987974098
Q9BRA2,TXNDC17,Thioredoxin domain-containing protein 17,keep,keep,FALSE,TRUE,NA,620000,7.4,1.4,-0.016535615171137837
Q9BRC7,PLCD4,"1-phosphatidylinositol 4,5-bisphosphate phosphodiesterase delta-4",keep,keep,FALSE,FALSE,NA,NA,0,370.6,-0.046137835337650326
Q9BRF8,CPPED1,Serine/threonine-protein phosphatase CPPED1,keep,keep,FALSE,TRUE,NA,580000,4.9,21.6,-0.010545790934320072
Q9BRG1,VPS25,Vacuolar protein-sorting-associated protein 25,keep,keep,FALSE,TRUE,NA,NA,3.3,4.9,0.20123839009287925
Q9BRT2,UQCC2,Ubiquinol-cytochrome-c reductase complex assembly factor 2,keep,keep,FALSE,TRUE,NA,NA,10.5,43,0.04285714285714285
Q9BRT3,MIEN1,Migration and invasion enhancer 1,keep,keep,FALSE,TRUE,NA,65000,14.8,1.1,-0.27563025210084036
Q9BRX8,PRXL2A,Peroxiredoxin-like 2A,keep,keep,FALSE,FALSE,Secreted in other tissues,NA,0.5,11.3,-0.07666512488436633
Q9BS26,ERP44,Endoplasmic reticulum resident protein 44,keep,keep,FALSE,TRUE,Intracellular and membrane,6700000,5.5,93.4,0.12032069071847054
Q9BS40,LXN,Latexin,remove: red-cell (blood-tracking + RBC proteome),remove: red-cell (blood-tracking + RBC proteome),TRUE,TRUE,NA,880000,13.5,23.4,0.551231527093596
Q9BS92,NIPSNAP3B,Protein NipSnap homolog 3B,keep,keep,FALSE,FALSE,NA,NA,0,57.7,0.02659574468085106
Q9BSD7,NTPCR,Cancer-related nucleoside-triphosphatase,keep,keep,FALSE,TRUE,NA,NA,4.5,40.2,0.23269908386187457
Q9BSE5,AGMAT,"Agmatinase, mitochondrial",keep,keep,FALSE,FALSE,NA,120000,0,19.1,-0.0989010989010989
Q9BSH4,TACO1,Translational activator of cytochrome c oxidase 1,keep,keep,FALSE,FALSE,NA,NA,0,0.7,-0.12451433857539314
Q9BSJ8,ESYT1,Extended synaptotagmin-1,keep,keep,FALSE,TRUE,NA,1000000,1.8,29.2,-0.07038327526132405
Q9BSL1,UBAC1,Ubiquitin-associated domain-containing protein 1,keep,keep,FALSE,TRUE,NA,70000,62,158,0.038536691272253586
Q9BT73,PSMG3,Proteasome assembly chaperone 3,keep,keep,FALSE,TRUE,NA,NA,12.2,6.4,NA
Q9BT78,COPS4,COP9 signalosome complex subunit 4,keep,keep,FALSE,TRUE,NA,260000,3.8,82.4,-0.14650786308973174
Q9BTE6,AARSD1,Alanyl-tRNA editing protein Aarsd1,keep,keep,FALSE,TRUE,NA,NA,1.5,0.7,0.13883016208597604
Q9BTT0,ANP32E,Acidic leucine-rich nuclear phosphoprotein 32 family member E,remove: red-cell (blood-tracking + RBC proteome),remove: red-cell (blood-tracking + RBC proteome),TRUE,TRUE,NA,270000,49.9,20.6,0.461321287408244
Q9BTV4,TMEM43,Transmembrane protein 43,keep,keep,FALSE,TRUE,NA,NA,1.6,13.9,-0.1389711064129669
Q9BTZ2,DHRS4,Dehydrogenase/reductase SDR family member 4,keep,keep,FALSE,FALSE,NA,NA,0,0.2,-0.061740890688259116
Q9BU02,THTPA,Thiamine-triphosphatase,keep,keep,FALSE,TRUE,NA,NA,0,0,-0.023376623376623377
Q9BU61,NDUFAF3,NADH dehydrogenase [ubiquinone] 1 alpha subcomplex assembly factor 3,keep,keep,FALSE,FALSE,NA,NA,19.3,3.9,0.047842401500938096
Q9BUB7,TMEM70,"Transmembrane protein 70, mitochondrial",keep,keep,FALSE,TRUE,NA,NA,1.8,32,-0.4117647058823529
Q9BUF5,TUBB6,Tubulin beta-6 chain,keep,keep,FALSE,TRUE,NA,51000000,8.4,25.4,0.07339172455451526
Q9BUJ2,HNRNPUL1,Heterogeneous nuclear ribonucleoprotein U-like protein 1,keep,keep,FALSE,TRUE,NA,21000,13.6,43,0.34695652173913044
Q9BUK0,CHCHD7,Coiled-coil-helix-coiled-coil-helix domain-containing protein 7,keep,keep,FALSE,FALSE,NA,NA,6.5,8.2,-0.0365045806906272
Q9BUN8,DERL1,Derlin-1,keep,keep,FALSE,TRUE,NA,NA,7.1,23.9,NA
Q9BUR5,APOO,MICOS complex subunit MIC26,keep: rescued (muscle-expressed),keep: rescued (muscle-expressed),FALSE,TRUE,Secreted to blood,NA,6.4,50.7,-0.13200173686495875
Q9BUT1,BDH2,3-hydroxybutyrate dehydrogenase type 2,keep,keep,FALSE,FALSE,NA,16000,0,10.1,-0.023150762281197067
Q9BV57,ADI1,"1,2-dihydroxy-3-keto-5-methylthiopentene dioxygenase",keep,keep,FALSE,FALSE,NA,96000,1.7,22.7,NA
Q9BV68,RNF126,E3 ubiquitin-protein ligase RNF126,keep,keep,FALSE,TRUE,NA,NA,6.5,11.5,-0.29961389961389967
Q9BV79,MECR,"Enoyl-[acyl-carrier-protein] reductase, mitochondrial",keep,keep,FALSE,TRUE,NA,NA,0,61.7,-0.012252964426877469
Q9BV86,NTMT1,N-terminal Xaa-Pro-Lys N-methyltransferase 1,keep,keep,FALSE,TRUE,NA,NA,3.1,25.1,-0.09523809523809523
Q9BVC6,TMEM109,Transmembrane protein 109,keep,keep,FALSE,TRUE,NA,NA,1.5,6.3,0.12747456059204437
Q9BVG4,PBDC1,Protein PBDC1,keep,keep,FALSE,TRUE,NA,5100,0.7,1.9,0.032492997198879554
Q9BVK6,TMED9,Transmembrane emp24 domain-containing protein 9,keep,keep,FALSE,TRUE,NA,49000,6.1,6.5,NA
Q9BVV7,TIMM21,Mitochondrial import inner membrane translocase subunit Tim21,keep,keep,FALSE,TRUE,NA,NA,5.9,27.7,-0.056582633053221296
Q9BW30,TPPP3,Tubulin polymerization-promoting protein family member 3,keep,keep,FALSE,FALSE,NA,48000,0,2.4,0.2052173913043478
Q9BW91,NUDT9,"ADP-ribose pyrophosphatase, mitochondrial",keep,keep,FALSE,TRUE,Intracellular and membrane,42000,0.1,51.2,NA
Q9BWH2,FUNDC2,FUN14 domain-containing protein 2,keep,keep,FALSE,FALSE,NA,NA,22.8,41.9,0.03495440729483283
Q9BWM7,SFXN3,Sideroflexin-3,keep,keep,FALSE,TRUE,NA,5300,0.1,0.7,NA
Q9BX68,HINT2,"Histidine triad nucleotide-binding protein 2, mitochondrial",keep,keep,FALSE,FALSE,NA,100000,0,0.3,-0.15880357693493677
Q9BXB4,OSBPL11,Oxysterol-binding protein-related protein 11,keep,keep,FALSE,TRUE,NA,NA,0.4,255.1,-0.1367302052785924
Q9BXI3,NT5C1A,Cytosolic 5'-nucleotidase 1A,keep,keep,FALSE,FALSE,NA,NA,0,27.1,-0.07132001736864958
Q9BXJ9,NAA15,"N-alpha-acetyltransferase 15, NatA auxiliary subunit",keep,keep,FALSE,TRUE,NA,59000,11.5,179,NA
Q9BXK5,BCL2L13,Bcl-2-like protein 13,keep,keep,FALSE,TRUE,NA,37000,9.2,305.3,-0.2312201476335215
Q9BXN1,ASPN,Asporin,keep,keep,FALSE,FALSE,Secreted to extracellular matrix,1100000,0,44.5,-0.023264540337711075
Q9BXT2,CACNG6,Voltage-dependent calcium channel gamma-6 subunit,keep,keep,FALSE,FALSE,NA,NA,0,101.5,-0.04962406015037594
Q9BXW6,OSBPL1A,Oxysterol-binding protein-related protein 1,keep,keep,FALSE,TRUE,NA,NA,5.5,230.8,-5.473453749315817e-4
Q9BXW7,HDHD5,Haloacid dehalogenase-like hydrolase domain-containing 5,keep,keep,FALSE,FALSE,NA,NA,0.1,39.6,-0.208738548273432
Q9BY44,EIF2A,Eukaryotic translation initiation factor 2A,keep,keep,FALSE,TRUE,NA,6400,5.3,110.9,0.06491228070175438
Q9BYD1,MRPL13,"39S ribosomal protein L13, mitochondrial",keep,keep,FALSE,TRUE,NA,NA,6.2,34.4,-0.44362745098039225
Q9BYD2,MRPL9,"39S ribosomal protein L9, mitochondrial",keep,keep,FALSE,FALSE,NA,NA,0,11.4,0.003448275862068965
Q9BYD3,MRPL4,"39S ribosomal protein L4, mitochondrial",keep,keep,FALSE,FALSE,NA,NA,9.1,17.8,NA
Q9BYD6,MRPL1,"39S ribosomal protein L1, mitochondrial",keep,keep,FALSE,FALSE,NA,18000,16.8,103.2,-0.16205533596837943
Q9BYT8,NLN,"Neurolysin, mitochondrial",keep,keep,FALSE,TRUE,NA,29000,0,50.6,NA
Q9BYV2,TRIM54,Tripartite motif-containing protein 54,keep,keep,FALSE,FALSE,NA,NA,0,980.5,0.2761332099907493
Q9BYV7,BCO2,"Beta,beta-carotene 9',10'-oxygenase",keep,keep,FALSE,FALSE,NA,NA,0,147.3,NA
Q9BZE1,MRPL37,"39S ribosomal protein L37, mitochondrial",keep,keep,FALSE,FALSE,NA,NA,1.7,13.8,-0.28141711229946526
Q9BZL1,UBL5,Ubiquitin-like protein 5,keep,keep,FALSE,FALSE,NA,NA,57.1,5.5,0.022651766837813354
Q9BZQ8,NIBAN1,Protein Niban 1,keep,keep,FALSE,TRUE,NA,170000,6.9,112.1,0.02189330866481653
Q9BZV1,UBXN6,UBX domain-containing protein 6,keep,keep,FALSE,TRUE,NA,NA,114.9,9.7,-0.11455108359133127
Q9BZZ5,API5,Apoptosis inhibitor 5,keep,keep,FALSE,FALSE,NA,120000,5.6,59.9,0.25127046866177305
Q9C0C9,UBE2O,(E3-independent) E2 ubiquitin-conjugating enzyme,keep,keep,FALSE,TRUE,NA,450000,53.1,113.4,-0.3473684210526316
Q9C0D3,ZYG11B,Protein zyg-11 homolog B,keep,keep,FALSE,TRUE,NA,NA,3.8,243.8,NA
Q9C0E8,LNPK,Endoplasmic reticulum junction formation protein lunapark,keep,keep,FALSE,TRUE,NA,NA,14.3,221,-0.15663236366582936
Q9GZM7,TINAGL1,Tubulointerstitial nephritis antigen-like,keep,keep,FALSE,FALSE,Secreted to extracellular matrix,180000,0.3,0.6,NA
Q9GZN8,C20orf27,UPF0687 protein C20orf27,keep,keep,FALSE,TRUE,Secreted in other tissues,78000,8.5,1,NA
Q9GZP4,PITHD1,PITH domain-containing protein 1,keep,keep,FALSE,TRUE,NA,350000,122.9,24.1,0.36656891495601174
Q9GZS3,WDR61,WD repeat-containing protein 61,keep,keep,FALSE,TRUE,NA,35000,8.1,76,0.20725806451612905
Q9GZT3,SLIRP,"SRA stem-loop-interacting RNA-binding protein, mitochondrial",keep,keep,FALSE,TRUE,NA,NA,32.4,121.9,0.05623678646934461
Q9GZT8,NIF3L1,NIF3-like protein 1,keep,keep,FALSE,TRUE,NA,6000000,0.3,16.3,-0.004611330698287219
Q9GZV1,ANKRD2,Ankyrin repeat domain-containing protein 2,keep,keep,FALSE,FALSE,NA,7100,0.2,248.4,0.05340859748154581
Q9GZZ1,NAA50,N-alpha-acetyltransferase 50,keep,keep,FALSE,TRUE,NA,NA,23.1,355.4,-0.07354596622889308
Q9H008,LHPP,Phospholysine phosphohistidine inorganic pyrophosphate phosphatase,keep,keep,FALSE,TRUE,NA,280000,4.2,30,NA
Q9H061,TMEM126A,Transmembrane protein 126A,keep,keep,FALSE,TRUE,NA,NA,4.5,20.5,0.07586533902323377
Q9H074,PAIP1,Polyadenylate-binding protein-interacting protein 1,keep,keep,FALSE,TRUE,NA,95000,4,35.3,-0.1842985842985843
Q9H0E2,TOLLIP,Toll-interacting protein,keep,keep,FALSE,TRUE,NA,63000,11.2,13.9,-0.1529245947850599
Q9H0N5,PCBD2,Pterin-4-alpha-carbinolamine dehydratase 2,keep,keep,FALSE,TRUE,NA,NA,3.1,254.5,0.1519756838905775
Q9H0P0,NT5C3A,Cytosolic 5'-nucleotidase 3A,keep,keep,FALSE,TRUE,NA,23000,15.1,212.6,-0.3653929656969171
Q9H0R4,HDHD2,Haloacid dehalogenase-like hydrolase domain-containing protein 2,keep,keep,FALSE,TRUE,NA,130000,0.1,2,-0.23589269195189635
Q9H0U4,RAB1B,Ras-related protein Rab-1B,keep,keep,FALSE,TRUE,NA,8800000,10,9.6,0.2790924880590534
Q9H0W9,C11orf54,Ester hydrolase C11orf54,keep,keep,FALSE,TRUE,NA,570000,0.2,2.3,-0.13156752062527138
Q9H0Z9,RBM38,RNA-binding protein 38,keep,keep,FALSE,TRUE,NA,NA,426.9,16.5,0.08463726884779516
Q9H1C7,CYSTM1,Cysteine-rich and transmembrane domain-containing protein 1,keep,keep,FALSE,TRUE,NA,NA,23.6,470.2,-0.015810276679841896
Q9H1E5,TMX4,Thioredoxin-related transmembrane protein 4,keep,keep,FALSE,TRUE,NA,NA,14.8,61.3,-0.019796484736355226
Q9H1K1,ISCU,"Iron-sulfur cluster assembly enzyme ISCU, mitochondrial",keep,keep,FALSE,FALSE,NA,NA,85.4,15.2,-0.026324786324786322
Q9H1R3,MYLK2,"Myosin light chain kinase 2, skeletal/cardiac muscle",keep,keep,FALSE,FALSE,NA,NA,0,194.7,-0.16396854764107308
Q9H223,EHD4,EH domain-containing protein 4,keep,keep,FALSE,TRUE,NA,510000,1.6,4.1,-0.22499999999999995
Q9H299,SH3BGRL3,SH3 domain-binding glutamic acid-rich-like protein 3,keep,keep,FALSE,TRUE,NA,65000000,77,5.8,0.2631578947368421
Q9H2G2,SLK,STE20-like serine/threonine-protein kinase,keep,keep,FALSE,TRUE,NA,23000,16,67.4,0.02857142857142857
Q9H2H8,PPIL3,Peptidyl-prolyl cis-trans isomerase-like 3,keep,keep,FALSE,TRUE,NA,110000,3,43.9,-0.2142379679144385
Q9H2J4,PDCL3,Phosducin-like protein 3,keep,keep,FALSE,TRUE,NA,NA,0.1,4.3,0.02290862290862291
Q9H2U2,PPA2,"Inorganic pyrophosphatase 2, mitochondrial",keep,keep,FALSE,TRUE,NA,85000,14.1,170.3,0.0923913043478261
Q9H2W6,MRPL46,"39S ribosomal protein L46, mitochondrial",keep,keep,FALSE,FALSE,NA,NA,0,1.2,0.15000000000000002
Q9H3H3,C11orf68,UPF0696 protein C11orf68,keep,keep,FALSE,TRUE,NA,NA,1.2,3,0.15954363243909958
Q9H3K2,GHITM,Growth hormone-inducible transmembrane protein,keep,keep,FALSE,TRUE,NA,NA,65.1,20.7,-0.29350649350649355
Q9H3K6,BOLA2,BolA-like protein 2,keep,keep,FALSE,TRUE,NA,480000,0,0,0.11379310344827584
Q9H3N1,TMX1,Thioredoxin-related transmembrane protein 1,keep,keep,FALSE,TRUE,Intracellular and membrane,12000,4.8,20.1,-0.12682926829268296
Q9H444,CHMP4B,Charged multivesicular body protein 4b,keep,keep,FALSE,TRUE,NA,60000,12.5,33.7,-0.01782300339192106
Q9H446,RWDD1,RWD domain-containing protein 1,keep,keep,FALSE,TRUE,NA,NA,15.8,44.1,-0.33695652173913043
Q9H477,RBKS,Ribokinase,keep,keep,FALSE,TRUE,NA,13000,0.1,100.1,0.1815384615384615
Q9H479,FN3K,Fructosamine-3-kinase,keep,keep,FALSE,TRUE,NA,300000,3.1,43.6,-0.07643385753931545
Q9H488,POFUT1,GDP-fucose protein O-fucosyltransferase 1,keep,keep,FALSE,TRUE,Intracellular and membrane,68000,1.7,26.1,NA
Q9H4A4,RNPEP,Aminopeptidase B,keep,keep,FALSE,TRUE,Secreted - unknown location,6400000,4.8,20.1,-0.15148011100832562
Q9H4G4,GLIPR2,Golgi-associated plant pathogenesis-related protein 1,keep,keep,FALSE,TRUE,NA,13000000,13.2,0.4,NA
Q9H4M9,EHD1,EH domain-containing protein 1,keep,keep,FALSE,TRUE,NA,6100000,5.9,5.8,-0.08985507246376812
Q9H6F2,TMEM38A,Trimeric intracellular cation channel type A,keep,keep,FALSE,FALSE,NA,NA,0.1,848,0.16443108233117484
Q9H6K4,OPA3,Optic atrophy 3 protein,keep,keep,FALSE,FALSE,NA,NA,0.2,59.9,-0.07294721407624633
Q9H7C4,SYNC,Syncoilin,keep,keep,FALSE,FALSE,NA,NA,3.5,145.7,0.1236589497459063
Q9H7C9,AAMDC,Mth938 domain-containing protein,keep,keep,FALSE,TRUE,NA,NA,1.7,395.5,0.08347807207989578
Q9H7Z7,PTGES2,Prostaglandin E synthase 2,keep,keep,FALSE,FALSE,NA,NA,1.9,27.5,-0.21519426456984275
Q9H845,ACAD9,"Complex I assembly factor ACAD9, mitochondrial",keep,keep,FALSE,TRUE,NA,8900,3.1,82.8,-0.1232645403377111
Q9H8H3,METTL7A,Methyltransferase-like protein 7A,keep,keep,FALSE,TRUE,NA,8700,0.6,4.5,0.017368649587494574
Q9H8M1,COQ10B,"Coenzyme Q-binding protein COQ10 homolog B, mitochondrial",keep,keep,FALSE,FALSE,NA,NA,6.9,36,-0.12610837438423642
Q9H8Y8,GORASP2,Golgi reassembly-stacking protein 2,keep,keep,FALSE,TRUE,NA,560000,6.6,39.1,-0.582142857142857
Q9H910,JPT2,Jupiter microtubule associated homolog 2,keep,keep,FALSE,TRUE,NA,97000,4.6,7.1,-0.08036984352773825
Q9H987,SYNPO2L,Synaptopodin 2-like protein,keep,keep,FALSE,FALSE,NA,NA,0,90.5,-0.13081554460864803
Q9H993,ARMT1,Damage-control phosphatase ARMT1,keep,keep,FALSE,TRUE,NA,310000,0.3,12.2,-0.1489781536293164
Q9H9A6,LRRC40,Leucine-rich repeat-containing protein 40,keep,keep,FALSE,TRUE,NA,NA,3.8,52.9,NA
Q9H9B4,SFXN1,Sideroflexin-1,keep,keep,FALSE,TRUE,NA,34000,3.1,79.1,-0.07389162561576353
Q9H9J2,MRPL44,"39S ribosomal protein L44, mitochondrial",keep,keep,FALSE,FALSE,NA,NA,3.5,6.9,NA
Q9H9P8,L2HGDH,"L-2-hydroxyglutarate dehydrogenase, mitochondrial",keep,keep,FALSE,FALSE,NA,NA,1.6,104.9,0.0024967433782023445
Q9H9Q2,COPS7B,COP9 signalosome complex subunit 7b,keep,keep,FALSE,TRUE,NA,47000,3.2,33,NA
Q9H9S4,CAB39L,Calcium-binding protein 39-like,keep,keep,FALSE,TRUE,NA,NA,0.2,16.8,0.25413533834586466
Q9HA64,FN3KRP,Ketosamine-3-kinase,keep,keep,FALSE,TRUE,NA,50000,6.3,31.5,NA
Q9HA65,TBC1D17,TBC1 domain family member 17,keep,keep,FALSE,TRUE,NA,NA,2.5,18.4,-0.23441258094357076
Q9HA77,CARS2,"Probable cysteine--tRNA ligase, mitochondrial",keep,keep,FALSE,FALSE,NA,NA,5.2,100.4,0.22394220846233232
Q9HAB8,PPCS,Phosphopantothenate--cysteine ligase,keep,keep,FALSE,TRUE,NA,120000,2,12,0.33948717948717944
Q9HB71,CACYBP,Calcyclin-binding protein,keep,keep,FALSE,TRUE,NA,140000,18.2,27.7,0.06478405315614617
Q9HB90,RRAGC,Ras-related GTP-binding protein C,keep,keep,FALSE,TRUE,NA,NA,4.8,0.8,0.07352941176470588
Q9HBH5,RDH14,Retinol dehydrogenase 14,keep,keep,FALSE,TRUE,NA,NA,1.9,6.7,0.11352177234530175
Q9HBI1,PARVB,Beta-parvin,keep,keep,FALSE,TRUE,NA,26000000,13,227.5,0.11346018322762509
Q9HBL0,TNS1,Tensin-1,keep,keep,FALSE,TRUE,NA,17000,88.2,229.6,0.2890688259109312
Q9HBL7,PLGRKT,Plasminogen receptor (KT),keep,keep,FALSE,TRUE,NA,NA,0.2,60.3,0.08862437945562421
Q9HC38,GLOD4,Glyoxalase domain-containing protein 4,keep,keep,FALSE,TRUE,NA,3500000,10.7,22.4,0.11951801997394704
Q9HCC0,MCCC2,"Methylcrotonoyl-CoA carboxylase beta chain, mitochondrial",keep,keep,FALSE,FALSE,NA,NA,0.5,73.6,-0.2222672064777328
Q9HCP6,HHATL,Protein-cysteine N-palmitoyltransferase HHAT-like protein,keep,keep,FALSE,FALSE,NA,NA,0,32.1,-0.026482213438735174
Q9HCU5,PREB,Prolactin regulatory element-binding protein,keep,keep,FALSE,TRUE,NA,NA,3.4,16.3,-0.31620553359683795
Q9HD33,MRPL47,"39S ribosomal protein L47, mitochondrial",keep,keep,FALSE,FALSE,NA,NA,12.4,13.5,-0.1376923076923077
Q9HD89,RETN,Resistin,remove: plasma,remove: plasma,TRUE,FALSE,Secreted to blood,2000000,8.1,0,NA
Q9HDC5,JPH1,Junctophilin-1,keep,keep,FALSE,FALSE,NA,NA,0,681,0.16879432624113475
Q9HDC9,APMAP,Adipocyte plasma membrane-associated protein,keep,keep,FALSE,TRUE,NA,110000000,7.4,10.5,0.3984280042135969
Q9NNW7,TXNRD2,"Thioredoxin reductase 2, mitochondrial",keep,keep,FALSE,FALSE,NA,450000,5.2,71.2,0.026254826254826256
Q9NP72,RAB18,Ras-related protein Rab-18,keep,keep,FALSE,TRUE,NA,70000,5.9,90.1,0.13102665910380035
Q9NP74,PALMD,Palmdelphin,keep,keep,FALSE,FALSE,NA,NA,0,461.6,0.2756395995550612
Q9NP79,VTA1,Vacuolar protein sorting-associated protein VTA1 homolog,keep,keep,FALSE,TRUE,NA,350000,4.8,35.4,-2.6350461133069827e-4
Q9NP81,SARS2,"Serine--tRNA ligase, mitochondrial",keep,keep,FALSE,FALSE,NA,NA,0,2.3,0.015873015873015872
Q9NP97,DYNLRB1,Dynein light chain roadblock-type 1,keep,keep,FALSE,FALSE,NA,NA,3.8,1,-0.07496706192358366
Q9NP98,MYOZ1,Myozenin-1,keep,keep,FALSE,TRUE,NA,53000,0,381,-0.07111470860314524
Q9NPC6,MYOZ2,Myozenin-2,keep,keep,FALSE,FALSE,NA,NA,0,351.6,NA
Q9NPH2,ISYNA1,Inositol-3-phosphate synthase 1,keep,keep,FALSE,TRUE,NA,7300,0,0.6,-0.07769230769230769
Q9NPJ3,ACOT13,Acyl-coenzyme A thioesterase 13,keep,keep,FALSE,TRUE,NA,8200,0.8,64.4,-0.12646547980894485
Q9NPL8,TIMMDC1,"Complex I assembly factor TIMMDC1, mitochondrial",keep,keep,FALSE,TRUE,NA,NA,3.3,91.1,-0.016798418972332016
Q9NPQ8,RIC8A,Synembryn-A,keep,keep,FALSE,TRUE,NA,20000,3.2,2.6,-0.006923076923076923
Q9NQ50,MRPL40,"39S ribosomal protein L40, mitochondrial",keep,keep,FALSE,FALSE,NA,NA,0.3,6.3,-0.10741023682200153
Q9NQ88,TIGAR,"Fructose-2,6-bisphosphatase TIGAR",keep,keep,FALSE,FALSE,NA,15000,0,0,-0.23246753246753246
Q9NQC3,RTN4,Reticulon-4,keep,keep,FALSE,TRUE,NA,2600000,16.9,415.8,-0.004450716456795485
Q9NQE9,HINT3,Histidine triad nucleotide-binding protein 3,keep,keep,FALSE,TRUE,NA,NA,1.7,23.5,0.1083564600678384
Q9NQP4,PFDN4,Prefoldin subunit 4,keep,keep,FALSE,TRUE,NA,430000,14.4,11.2,-0.05467720685111988
Q9NQR4,NIT2,Omega-amidase NIT2,keep,keep,FALSE,TRUE,NA,2300000,1.7,34.1,-0.11343663274745605
Q9NQW7,XPNPEP1,Xaa-Pro aminopeptidase 1,keep,keep,FALSE,TRUE,NA,840000,3.2,22,-0.19987665741597285
Q9NQX3,GPHN,Gephyrin,keep,keep,FALSE,TRUE,NA,3600,3.6,1136,0.07555555555555554
Q9NQY0,BIN3,Bridging integrator 3,keep,keep,FALSE,TRUE,NA,NA,0.6,17.4,0.16844919786096257
Q9NR12,PDLIM7,PDZ and LIM domain protein 7,keep,keep,FALSE,TRUE,NA,1600000,4.6,101.6,0.14361001317523053
Q9NR19,ACSS2,"Acetyl-coenzyme A synthetase, cytoplasmic",keep,keep,FALSE,TRUE,NA,58000,4.7,359.2,0.24164438502673796
Q9NR28,DIABLO,"Diablo homolog, mitochondrial",keep,keep,FALSE,TRUE,NA,NA,0,0,-0.128419452887538
Q9NR31,SAR1A,GTP-binding protein SAR1a,keep,keep,FALSE,TRUE,NA,810000,4.2,41.3,-0.12320885801128963
Q9NR45,NANS,Sialic acid synthase,keep,keep,FALSE,TRUE,NA,290000,4.5,7.8,0.23636363636363636
Q9NR56,MBNL1,Muscleblind-like protein 1,keep,keep,FALSE,TRUE,NA,10000,91.2,4764.8,-0.03941407429779523
Q9NRG4,SMYD2,N-lysine methyltransferase SMYD2,keep,keep,FALSE,FALSE,NA,NA,3,76.9,0.2180451127819549
Q9NRG7,SDR39U1,Epimerase family protein SDR39U1,keep,keep,FALSE,TRUE,NA,NA,1.7,13.4,-0.016304347826086956
Q9NRP0,OSTC,Oligosaccharyltransferase complex subunit OSTC,keep,keep,FALSE,TRUE,NA,NA,8.2,21.6,-0.10850202429149797
Q9NRV9,HEBP1,Heme-binding protein 1,keep,keep,FALSE,TRUE,NA,660000,58.3,6.2,NA
Q9NRX4,PHPT1,14 kDa phosphohistidine phosphatase,keep,keep,FALSE,TRUE,NA,950000,15.8,15.1,-0.04125809435707678
Q9NRY5,FAM114A2,Protein FAM114A2,keep,keep,FALSE,TRUE,NA,NA,1.7,17,0.24231283422459893
Q9NS69,TOMM22,Mitochondrial import receptor subunit TOM22 homolog,keep,keep,FALSE,TRUE,NA,28000,8.5,2.1,0.015584415584415584
Q9NS86,LANCL2,LanC-like protein 2,keep,keep,FALSE,TRUE,NA,16000,0.3,66,0.2153846153846154
Q9NSD9,FARSB,Phenylalanine--tRNA ligase beta subunit,keep,keep,FALSE,TRUE,NA,37000,5.1,85.3,0.05130373502466526
Q9NSE4,IARS2,"Isoleucine--tRNA ligase, mitochondrial",keep,keep,FALSE,FALSE,NA,88000,0.2,49,-0.02567067530064755
Q9NSK7,C19orf12,Protein C19orf12,keep,keep,FALSE,TRUE,NA,NA,0,60.7,NA
Q9NT62,ATG3,Ubiquitin-like-conjugating enzyme ATG3,keep,keep,FALSE,TRUE,NA,90000,27.6,15.1,0.23219814241486067
Q9NTG7,SIRT3,"NAD-dependent protein deacetylase sirtuin-3, mitochondrial",keep,keep,FALSE,FALSE,NA,NA,1.7,38.2,-0.15355233002291824
Q9NTJ4,MAN2C1,Alpha-mannosidase 2C1,keep,keep,FALSE,TRUE,NA,5600,0.6,20.8,-0.20427807486631017
Q9NTK5,OLA1,Obg-like ATPase 1,keep,keep,FALSE,TRUE,NA,1700000,10.3,195.4,-0.01780286582718194
Q9NTM9,CUTC,Copper homeostasis protein cutC homolog,keep,keep,FALSE,FALSE,NA,NA,5.9,339.8,-0.00890143291359097
Q9NTX5,ECHDC1,Ethylmalonyl-CoA decarboxylase,keep,keep,FALSE,TRUE,NA,33000,12.1,117.7,-0.20975609756097566
Q9NUB1,ACSS1,"Acetyl-coenzyme A synthetase 2-like, mitochondrial",keep,keep,FALSE,TRUE,NA,NA,6.1,50.1,0.08421052631578947
Q9NUJ1,ABHD10,"Mycophenolic acid acyl-glucuronide esterase, mitochondrial",keep,keep,FALSE,TRUE,NA,63000,7.6,25.6,-0.09111933395004625
Q9NUQ8,ABCF3,ATP-binding cassette sub-family F member 3,keep,keep,FALSE,FALSE,NA,NA,0.6,10.6,-0.11416361416361416
Q9NUQ9,FAM49B,Protein FAM49B,keep,keep,FALSE,TRUE,NA,1400000,18.4,140.6,0.19222941720629044
Q9NUU7,DDX19A,ATP-dependent RNA helicase DDX19A,keep,keep,FALSE,TRUE,NA,NA,0,6.3,-0.05655257477644156
Q9NVA2,SEPTIN11,Septin-11,keep,keep,FALSE,TRUE,NA,2100000,6.5,24.2,-0.14482758620689654
Q9NVD7,PARVA,Alpha-parvin,keep,keep,FALSE,FALSE,NA,2700000,0.2,13.2,-0.19012382965871338
Q9NVE7,PANK4,4'-phosphopantetheine phosphatase,keep,keep,FALSE,TRUE,NA,NA,0,0.3,-0.14511255010792476
Q9NVH6,TMLHE,"Trimethyllysine dioxygenase, mitochondrial",keep,keep,FALSE,FALSE,NA,NA,3.3,875.2,0.1996936207462523
Q9NVI7,ATAD3A,ATPase family AAA domain-containing protein 3A,keep,keep,FALSE,TRUE,NA,23000,4.5,11.4,-0.014461830251303934
Q9NVJ2,ARL8B,ADP-ribosylation factor-like protein 8B,keep,keep,FALSE,TRUE,NA,NA,8.4,92.9,0.15880357693493677
Q9NVS9,PNPO,Pyridoxine-5'-phosphate oxidase,keep,keep,FALSE,TRUE,NA,410000,0,2.4,-0.025963613937711995
Q9NWU1,OXSM,"3-oxoacyl-[acyl-carrier-protein] synthase, mitochondrial",keep,keep,FALSE,FALSE,NA,10000,0.1,13.4,-0.13675958188153312
Q9NWU5,MRPL22,"39S ribosomal protein L22, mitochondrial",keep,keep,FALSE,FALSE,NA,NA,7.7,22.6,-0.21626199887069456
Q9NWV4,CZIB,CXXC motif containing zinc binding protein,keep,keep,FALSE,TRUE,NA,690000,1.9,12.1,-0.09181313598519888
Q9NWW6,NMRK1,Nicotinamide riboside kinase 1,keep,keep,FALSE,TRUE,NA,NA,0.4,28.4,NA
Q9NWX5,ASB6,Ankyrin repeat and SOCS box protein 6,keep,keep,FALSE,TRUE,NA,NA,2.5,3,NA
Q9NX14,NDUFB11,"NADH dehydrogenase [ubiquinone] 1 beta subcomplex subunit 11, mitochondrial",keep,keep,FALSE,TRUE,NA,NA,23.3,9.2,-0.0644811115935736
Q9NX40,OCIAD1,OCIA domain-containing protein 1,keep,keep,FALSE,TRUE,NA,NA,11.7,219.7,0.018809744064138142
Q9NX46,ADPRHL2,ADP-ribose glycohydrolase ARH3,keep,keep,FALSE,TRUE,NA,78000,1.7,7.4,0.1036036036036036
Q9NX47,MARCHF5,E3 ubiquitin-protein ligase MARCHF5,keep,keep,FALSE,TRUE,NA,NA,13.1,77.1,-0.11176470588235293
Q9NX63,CHCHD3,MICOS complex subunit MIC19,keep,keep,FALSE,TRUE,NA,10000,17.4,576.1,-0.10714285714285714
Q9NXA8,SIRT5,"NAD-dependent protein deacylase sirtuin-5, mitochondrial",keep,keep,FALSE,TRUE,NA,NA,2.9,118.4,-0.2707986432315757
Q9NXJ5,PGPEP1,Pyroglutamyl-peptidase 1,keep,keep,FALSE,FALSE,NA,NA,0.7,36.2,-0.23847338141155497
Q9NY33,DPP3,Dipeptidyl peptidase 3,keep,keep,FALSE,TRUE,NA,4900000,0.2,4,0.05388529139685476
Q9NY65,TUBA8,Tubulin alpha-8 chain,keep,keep,FALSE,FALSE,NA,110000000,0,13.6,-0.052540165002171076
Q9NYL2,MAP3K20,Mitogen-activated protein kinase kinase kinase 20,keep,keep,FALSE,TRUE,NA,NA,10.9,1066.6,0.38864477335800185
Q9NYU2,UGGT1,UDP-glucose:glycoprotein glucosyltransferase 1,keep,keep,FALSE,TRUE,Intracellular and membrane,3400000,16.4,70.2,-0.02252252252252252
Q9NZ01,TECR,Very-long-chain enoyl-CoA reductase,keep,keep,FALSE,TRUE,NA,NA,8,307.1,0.224967824967825
Q9NZ08,ERAP1,Endoplasmic reticulum aminopeptidase 1,keep: rescued (muscle-expressed),keep: rescued (muscle-expressed),FALSE,TRUE,Secreted to blood,34000000,0.7,135.2,0.09696356275303643
Q9NZ45,CISD1,CDGSH iron-sulfur domain-containing protein 1,keep,keep,FALSE,TRUE,NA,13000,0,109.1,-0.022687798523664784
Q9NZA1,CLIC5,Chloride intracellular channel protein 5,keep,keep,FALSE,TRUE,NA,750000,0,427.4,-0.19576780758556891
Q9NZD4,AHSP,Alpha-hemoglobin-stabilizing protein,remove: globin,erythroid-specific haemoglobin chaperone,TRUE,TRUE,NA,3300000,2026.5,0,NA
Q9NZJ6,COQ3,"Ubiquinone biosynthesis O-methyltransferase, mitochondrial",keep,keep,FALSE,FALSE,NA,NA,0.2,35.3,-0.15737742830712304
Q9NZJ9,NUDT4,Diphosphoinositol polyphosphate phosphohydrolase 2,keep,keep,FALSE,TRUE,NA,NA,108.7,84.2,NA
Q9NZL4,HSPBP1,Hsp70-binding protein 1,keep,keep,FALSE,TRUE,NA,11000,1.7,7.9,0.08931788931788934
Q9NZL9,MAT2B,Methionine adenosyltransferase 2 subunit beta,keep,keep,FALSE,TRUE,NA,370000,44.9,13,-0.05134400483237692
Q9NZM1,MYOF,Myoferlin,keep,keep,FALSE,TRUE,NA,62000,0.6,13.9,-0.11401480111008326
Q9NZN4,EHD2,EH domain-containing protein 2,keep,keep,FALSE,FALSE,NA,740000,0,0.2,-0.17531480677377334
Q9NZQ9,TMOD4,Tropomodulin-4,keep,keep,FALSE,FALSE,NA,NA,0,137.4,0.11267911419887103
Q9NZU5,LMCD1,LIM and cysteine-rich domains protein 1,keep,keep,FALSE,FALSE,NA,5700,0,488.6,0.11452453321754234
Q9P003,CNIH4,Protein cornichon homolog 4,keep,keep,FALSE,TRUE,NA,NA,8.4,36,-0.20190274841437633
Q9P032,NDUFAF4,NADH dehydrogenase [ubiquinone] 1 alpha subcomplex assembly factor 4,keep,keep,FALSE,TRUE,NA,NA,0,36.8,-0.11128132180763758
Q9P0J0,NDUFA13,NADH dehydrogenase [ubiquinone] 1 alpha subcomplex subunit 13,keep,keep,FALSE,TRUE,NA,NA,0.7,5.8,7.598784194528875e-4
Q9P0J1,PDP1,"[Pyruvate dehydrogenase [acetyl-transferring]]-phosphatase 1, mitochondrial",keep,keep,FALSE,FALSE,NA,NA,0,26.7,-0.33834586466165417
Q9P0J7,KCMF1,E3 ubiquitin-protein ligase KCMF1,keep,keep,FALSE,TRUE,NA,NA,11.7,222,NA
Q9P0L0,VAPA,Vesicle-associated membrane protein-associated protein A,keep,keep,FALSE,TRUE,NA,520000,32.2,198.5,0.10638297872340424
Q9P0P8,MTRES1,Mitochondrial transcription rescue factor 1,keep,keep,FALSE,FALSE,NA,NA,0.1,44,-0.17899159663865546
Q9P0S9,TMEM14C,Transmembrane protein 14C,keep,keep,FALSE,TRUE,NA,20000,6.7,0.4,-0.05817245817245818
Q9P0U1,TOMM7,Mitochondrial import receptor subunit TOM7 homolog,keep,keep,FALSE,TRUE,NA,NA,45.9,28.8,0.1083743842364532
Q9P2E9,RRBP1,Ribosome-binding protein 1,keep,keep,FALSE,TRUE,NA,2200000,3.4,10.9,NA
Q9P2J5,LARS1,"Leucine--tRNA ligase, cytoplasmic",keep,keep,FALSE,TRUE,NA,78000,4.9,142.2,0.16081747709654687
Q9P2R7,SUCLA2,"Succinate--CoA ligase [ADP-forming] subunit beta, mitochondrial",keep,keep,FALSE,FALSE,NA,NA,2.2,158.7,-0.2072297003907946
Q9P2W9,STX18,Syntaxin-18,keep,keep,FALSE,TRUE,NA,NA,7.2,93.3,NA
Q9UBB4,ATXN10,Ataxin-10,keep,keep,FALSE,FALSE,NA,23000,4.9,179.6,0.01988795518207283
Q9UBC2,EPS15L1,Epidermal growth factor receptor substrate 15-like 1,keep,keep,FALSE,TRUE,NA,67000,0.5,253,-0.06523708849290245
Q9UBF2,COPG2,Coatomer subunit gamma-2,keep,keep,FALSE,TRUE,NA,26000,2.1,46.2,NA
Q9UBF6,RNF7,RING-box protein 2,keep,keep,FALSE,TRUE,NA,NA,0.1,0.6,0.037311131668208444
Q9UBF9,MYOT,Myotilin,keep,keep,FALSE,FALSE,NA,3500,0,3614.6,0.09845853234910985
Q9UBG0,MRC2,C-type mannose receptor 2,keep,keep,FALSE,TRUE,NA,24000000,11.6,0.7,-0.05263157894736842
Q9UBI6,GNG12,Guanine nucleotide-binding protein G(I)/G(S)/G(O) subunit gamma-12,keep,keep,FALSE,FALSE,NA,170000,0.2,39.9,-0.1655874190564292
Q9UBQ0,VPS29,Vacuolar protein sorting-associated protein 29,keep,keep,FALSE,TRUE,NA,200000,16.2,108.9,-0.05304347826086955
Q9UBQ5,EIF3K,Eukaryotic translation initiation factor 3 subunit K,keep,keep,FALSE,TRUE,NA,8800,43.1,8.2,-0.052266419981498606
Q9UBQ7,GRHPR,Glyoxylate reductase/hydroxypyruvate reductase,keep,keep,FALSE,TRUE,NA,3600000,5.3,20.9,-0.29103343465045595
Q9UBR2,CTSZ,Cathepsin Z,keep,keep,FALSE,TRUE,Intracellular and membrane,22000000,14,23,NA
Q9UBT2,UBA2,SUMO-activating enzyme subunit 2,keep,keep,FALSE,FALSE,NA,85000,12.6,283.2,0.01674143779406937
Q9UBW8,COPS7A,COP9 signalosome complex subunit 7a,keep,keep,FALSE,TRUE,NA,69000,1.7,11.7,-0.13684859697810667
Q9UBX5,FBLN5,Fibulin-5,keep,keep,FALSE,FALSE,Secreted to extracellular matrix,10000000,0,0.4,-0.23145161290322583
Q9UBY9,HSPB7,Heat shock protein beta-7,keep,keep,FALSE,FALSE,NA,50000,0,231.9,-0.04266174554928354
Q9UDT6,CLIP2,CAP-Gly domain-containing linker protein 2,keep,keep,FALSE,FALSE,NA,8800,0.2,2.5,0.031148696264975337
Q9UDW1,UQCR10,Cytochrome b-c1 complex subunit 9,keep,keep,FALSE,TRUE,NA,NA,72.8,23,0.0383195831524099
Q9UDX5,MTFP1,Mitochondrial fission process protein 1,keep,keep,FALSE,TRUE,NA,NA,1.5,0.3,-0.3192982456140351
Q9UDY4,DNAJB4,DnaJ homolog subfamily B member 4,remove: red-cell (blood-tracking + RBC proteome),remove: red-cell (blood-tracking + RBC proteome),TRUE,TRUE,NA,8100,0.6,4.3,0.47652916073968704
Q9UEY8,ADD3,Gamma-adducin,keep,keep,FALSE,TRUE,NA,120000,5.9,7.6,NA
Q9UFN0,NIPSNAP3A,Protein NipSnap homolog 3A,keep,keep,FALSE,FALSE,NA,18000,3.6,18,-0.008563899868247692
Q9UG63,ABCF2,ATP-binding cassette sub-family F member 2,keep,keep,FALSE,TRUE,NA,3800,0,0.1,0.26769626769626775
Q9UHA4,LAMTOR3,Ragulator complex protein LAMTOR3,keep,keep,FALSE,TRUE,NA,12000,11.3,15,0.04847478103292057
Q9UHD1,CHORDC1,Cysteine and histidine-rich domain-containing protein 1,keep,keep,FALSE,TRUE,NA,77000,3.4,3.7,-0.48023715415019763
Q9UHD8,SEPTIN9,Septin-9,keep,keep,FALSE,FALSE,NA,160000,1.2,115.5,-0.2994071146245059
Q9UHG3,PCYOX1,Prenylcysteine oxidase 1,keep,keep,FALSE,TRUE,Intracellular and membrane,390000000,1.9,40,0.06003039513677812
Q9UHL4,DPP7,Dipeptidyl peptidase 2,keep,keep,FALSE,FALSE,Secreted - unknown location,2000000,3.5,9.4,NA
Q9UHP9,SMPX,Small muscular protein,keep,keep,FALSE,FALSE,NA,24000,0,216,0.05388529139685476
Q9UHQ4,BCAP29,B-cell receptor-associated protein 29,keep,keep,FALSE,TRUE,NA,NA,1.5,1.8,-0.04153846153846154
Q9UHQ9,CYB5R1,NADH-cytochrome b5 reductase 1,keep,keep,FALSE,TRUE,NA,NA,2.9,194,-0.1915979157620495
Q9UHV9,PFDN2,Prefoldin subunit 2,keep,keep,FALSE,TRUE,NA,85000,17.9,26.9,-0.008942337341967314
Q9UHY7,ENOPH1,Enolase-phosphatase E1,keep,keep,FALSE,TRUE,NA,300000,0.1,9.2,-0.1883672525439408
Q9UI09,NDUFA12,NADH dehydrogenase [ubiquinone] 1 alpha subcomplex subunit 12,keep,keep,FALSE,TRUE,NA,NA,17.8,39.4,-0.18356491532783326
Q9UI12,ATP6V1H,V-type proton ATPase subunit H,keep,keep,FALSE,TRUE,NA,NA,19,104.2,-0.10501930501930502
Q9UI30,TRMT112,Multifunctional methyltransferase subunit TRM112-like protein,keep,keep,FALSE,FALSE,NA,17000,30.6,3,-0.008695652173913042
Q9UIA9,XPO7,Exportin-7,keep,keep,FALSE,TRUE,NA,120000,102.8,85,-0.20454545454545453
Q9UIC8,LCMT1,Leucine carboxyl methyltransferase 1,keep,keep,FALSE,TRUE,NA,NA,3.1,59.8,-0.2621013133208256
Q9UII2,ATP5IF1,"ATPase inhibitor, mitochondrial",keep,keep,FALSE,TRUE,NA,74000,88.9,5.3,NA
Q9UIJ7,AK3,"GTP:AMP phosphotransferase AK3, mitochondrial",keep,keep,FALSE,TRUE,NA,130000,3.3,99.5,-0.07457663916630482
Q9UIQ6,LNPEP,Leucyl-cystinyl aminopeptidase,keep,keep,FALSE,TRUE,Intracellular and membrane,8900000,14.6,253.9,NA
Q9UJ70,NAGK,N-acetyl-D-glucosamine kinase,keep,keep,FALSE,TRUE,NA,640000,2,12.9,0.1236786469344609
Q9UJS0,SLC25A13,Calcium-binding mitochondrial carrier protein Aralar2,keep,keep,FALSE,TRUE,NA,10000,3.2,236.1,-0.08195831524099001
Q9UJU6,DBNL,Drebrin-like protein,keep,keep,FALSE,TRUE,NA,6400000,0.9,28.3,NA
Q9UJW0,DCTN4,Dynactin subunit 4,keep,keep,FALSE,TRUE,NA,NA,13.3,115,0.08359133126934984
Q9UJY1,HSPB8,Heat shock protein beta-8,keep,keep,FALSE,FALSE,NA,NA,0,244.4,0.11723712611779216
Q9UJZ1,STOML2,"Stomatin-like protein 2, mitochondrial",keep,keep,FALSE,TRUE,NA,33000,18.5,4.6,0.0322540857230959
Q9UK76,JPT1,Jupiter microtubule associated homolog 1,keep,keep,FALSE,TRUE,NA,41000,16.2,17.2,NA
Q9UKG1,APPL1,DCC-interacting protein 13-alpha,keep,keep,FALSE,TRUE,NA,11000,0.6,214.1,-0.0665991902834008
Q9UKS6,PACSIN3,Protein kinase C and casein kinase substrate in neurons protein 3,keep,keep,FALSE,FALSE,NA,6200,0,37.3,-0.007164567954841512
Q9UKU7,ACAD8,"Isobutyryl-CoA dehydrogenase, mitochondrial",keep,keep,FALSE,FALSE,NA,NA,1.7,10.4,-0.06864014801110083
Q9UKV8,AGO2,Protein argonaute-2,keep,keep,FALSE,TRUE,NA,63000,36.4,135.1,0.1217741935483871
Q9UKX2,MYH2,Myosin-2,keep,keep,FALSE,FALSE,NA,17000000,0,699.1,0.1696699956578376
Q9UKX3,MYH13,Myosin-13,keep,keep,FALSE,FALSE,NA,11000000,0,1,0.32161089052750996
Q9UKY7,CDV3,Protein CDV3 homolog,keep,keep,FALSE,TRUE,NA,870000,22.8,16.2,0.3828828828828829
Q9UL25,RAB21,Ras-related protein Rab-21,keep,keep,FALSE,TRUE,NA,49000,9.3,141.1,-0.13333333333333333
Q9UL41,PNMA3,Paraneoplastic antigen Ma3,keep,keep,FALSE,FALSE,NA,NA,0,0.1,0.18873517786561264
Q9UL46,PSME2,Proteasome activator complex subunit 2,keep,keep,FALSE,TRUE,NA,2900000,3.2,1.6,0.0978919631093544
Q9ULA0,DNPEP,Aspartyl aminopeptidase,keep,keep,FALSE,TRUE,NA,360000,2,17.5,-0.03907946157186279
Q9ULC4,MCTS1,Malignant T-cell-amplified sequence 1,keep,keep,FALSE,TRUE,NA,100000,0.1,13.7,-0.1959990749306198
Q9ULT8,HECTD1,E3 ubiquitin-protein ligase HECTD1,keep,keep,FALSE,TRUE,NA,NA,10.9,685.6,0.08347826086956521
Q9ULV4,CORO1C,Coronin-1C,keep,keep,FALSE,TRUE,NA,17000000,11.6,139.7,0.26176470588235295
Q9ULX7,CA14,Carbonic anhydrase 14,keep,keep,FALSE,FALSE,NA,NA,0,3.7,-0.06623376623376623
Q9ULZ3,PYCARD,Apoptosis-associated speck-like protein containing a CARD,keep,keep,FALSE,TRUE,NA,390000,3.8,0.1,NA
Q9UM00,TMCO1,Calcium load-activated calcium channel,keep,keep,FALSE,TRUE,NA,NA,4.9,53.1,-0.22156862745098044
Q9UM07,PADI4,Protein-arginine deiminase type-4,keep,keep,FALSE,FALSE,NA,49000,1.5,0,NA
Q9UM22,EPDR1,Mammalian ependymin-related protein 1,keep,keep,FALSE,TRUE,Secreted in other tissues,NA,0.1,5.7,0.06857076780758557
Q9UM54,MYO6,Unconventional myosin-VI,keep,keep,FALSE,FALSE,NA,NA,0.2,78.8,-0.13656336725254395
Q9UMR2,DDX19B,ATP-dependent RNA helicase DDX19B,keep,keep,FALSE,TRUE,NA,NA,1.5,1.2,-0.12280058651026393
Q9UMS0,NFU1,"NFU1 iron-sulfur cluster scaffold homolog, mitochondrial",keep,keep,FALSE,FALSE,NA,NA,4.7,66.1,-0.39959514170040483
Q9UMS6,SYNPO2,Synaptopodin-2,keep,keep,FALSE,FALSE,NA,7300,0,974.7,0.11308973172987974
Q9UMX0,UBQLN1,Ubiquilin-1,keep,keep,FALSE,TRUE,NA,950000,21.4,150.2,0.05130373502466526
Q9UMY4,SNX12,Sorting nexin-12,keep,keep,FALSE,TRUE,NA,170000,4.7,3.6,NA
Q9UN36,NDRG2,Protein NDRG2,keep,keep,FALSE,FALSE,NA,470000,0,120.1,0.014329135909683023
Q9UN37,VPS4A,Vacuolar protein sorting-associated protein 4A,keep,keep,FALSE,TRUE,NA,NA,8.3,30.1,0.1713983690727877
Q9UNE7,STUB1,E3 ubiquitin-protein ligase CHIP,keep,keep,FALSE,TRUE,NA,8700,9.3,7.7,0.03605866623450288
Q9UNH7,SNX6,Sorting nexin-6,keep,keep,FALSE,TRUE,NA,33000,5.4,143.2,NA
Q9UNM6,PSMD13,26S proteasome non-ATPase regulatory subunit 13,keep,keep,FALSE,TRUE,NA,240000,6.8,35.6,-0.03538390379278446
Q9UNS2,COPS3,COP9 signalosome complex subunit 3,keep,keep,FALSE,TRUE,NA,95000,57.8,50.5,-0.0747800586510264
Q9UNZ2,NSFL1C,NSFL1 cofactor p47,keep,keep,FALSE,TRUE,NA,4300000,5.7,49.6,0.061658706035605734
Q9UP65,PLA2G4C,Cytosolic phospholipase A2 gamma,keep,keep,FALSE,FALSE,NA,NA,0.1,462.1,NA
Q9UPR0,PLCL2,Inactive phospholipase C-like protein 2,keep,keep,FALSE,TRUE,NA,NA,1,16.8,-0.16408668730650156
Q9UPU5,USP24,Ubiquitin carboxyl-terminal hydrolase 24,keep,keep,FALSE,TRUE,NA,NA,16.9,337.2,NA
Q9UPY8,MAPRE3,Microtubule-associated protein RP/EB family member 3,keep,keep,FALSE,FALSE,NA,NA,1.5,68.3,-0.1932806324110672
Q9UQ13,SHOC2,Leucine-rich repeat protein SHOC-2,keep,keep,FALSE,TRUE,NA,NA,13.8,96.5,0.12759462759462759
Q9UQ52,CNTN6,Contactin-6,keep,keep,FALSE,FALSE,NA,1300000,0,2,NA
Q9UQ80,PA2G4,Proliferation-associated protein 2G4,keep,keep,FALSE,TRUE,NA,4900000,86,6,0.21993052540165
Q9UQ90,SPG7,Paraplegin,keep,keep,FALSE,TRUE,NA,NA,4.2,121.1,-0.23054187192118222
Q9UQM7,CAMK2A,Calcium/calmodulin-dependent protein kinase type II subunit alpha,keep,keep,FALSE,FALSE,NA,110000,0,148.3,-0.026017576318223868
Q9Y224,RTRAF,"RNA transcription, translation and transport factor protein",keep,keep,FALSE,TRUE,NA,15000,16.9,15.2,-0.08818011257035649
Q9Y230,RUVBL2,RuvB-like 2,keep,keep,FALSE,TRUE,NA,150000,3.9,15.2,0.20978850984523134
Q9Y235,APOBEC2,C->U-editing enzyme APOBEC-2,keep,keep,FALSE,TRUE,NA,9100,0.6,107.7,0.039405123751628315
Q9Y237,PIN4,Peptidyl-prolyl cis-trans isomerase NIMA-interacting 4,keep,keep,FALSE,TRUE,NA,NA,56.3,47.9,0.02522355843354918
Q9Y241,HIGD1A,"HIG1 domain family member 1A, mitochondrial",keep,keep,FALSE,TRUE,NA,NA,0,0.1,-0.10394088669950736
Q9Y262,EIF3L,Eukaryotic translation initiation factor 3 subunit L,keep,keep,FALSE,TRUE,NA,18000,2.4,44.2,0.3071874240337088
Q9Y263,PLAA,Phospholipase A-2-activating protein,keep,keep,FALSE,TRUE,NA,20000,9.9,70.5,-0.025963613937711995
Q9Y265,RUVBL1,RuvB-like 1,keep,keep,FALSE,TRUE,NA,210000,3.9,33.3,0.0983114446529081
Q9Y266,NUDC,Nuclear migration protein nudC,keep,keep,FALSE,TRUE,NA,380000,16,31.2,-0.06960538043918646
Q9Y276,BCS1L,Mitochondrial chaperone BCS1,keep,keep,FALSE,TRUE,NA,NA,3,11.5,-0.1776923076923077
Q9Y277,VDAC3,Voltage-dependent anion-selective channel protein 3,keep,keep,FALSE,TRUE,NA,1800000,26,297.4,-0.017694311767260096
Q9Y281,CFL2,Cofilin-2,keep,keep,FALSE,TRUE,NA,39000000,1.5,139.8,0.02507598784194529
Q9Y285,FARSA,Phenylalanine--tRNA ligase alpha subunit,keep,keep,FALSE,TRUE,NA,17000,6.7,15.7,0.1885375494071146
Q9Y295,DRG1,Developmentally-regulated GTP-binding protein 1,keep,keep,FALSE,TRUE,NA,17000,5,128,0.12862616310892172
Q9Y2B0,CNPY2,Protein canopy homolog 2,keep,keep,FALSE,TRUE,Intracellular and membrane,410000,6.2,1.7,0.2751942225626436
Q9Y2H1,STK38L,Serine/threonine-protein kinase 38-like,keep,keep,FALSE,TRUE,NA,NA,2.2,29.2,-0.1399496662654557
Q9Y2J8,PADI2,Protein-arginine deiminase type-2,keep,keep,FALSE,FALSE,NA,9700,0.2,231.4,-0.023881893182805036
Q9Y2Q3,GSTK1,Glutathione S-transferase kappa 1,keep,keep,FALSE,TRUE,NA,140000,9.2,58.2,-0.23067737733391228
Q9Y2Q5,LAMTOR2,Ragulator complex protein LAMTOR2,keep,keep,FALSE,TRUE,NA,8000,5.4,5.3,-0.1253846153846154
Q9Y2Q9,MRPS28,"28S ribosomal protein S28, mitochondrial",keep,keep,FALSE,FALSE,NA,NA,0,1.5,-0.032238349885408704
Q9Y2R0,COA3,"Cytochrome c oxidase assembly factor 3 homolog, mitochondrial",keep,keep,FALSE,TRUE,NA,NA,9.4,4,0.17127799736495386
Q9Y2R5,MRPS17,"28S ribosomal protein S17, mitochondrial",keep,keep,FALSE,FALSE,NA,NA,0,0.3,0.19552710477270885
Q9Y2S2,CRYL1,Lambda-crystallin homolog,keep,keep,FALSE,TRUE,NA,990000,2.3,51.6,NA
Q9Y2S7,POLDIP2,Polymerase delta-interacting protein 2,keep,keep,FALSE,FALSE,NA,NA,4,18,0.1693548387096774
Q9Y2X3,NOP58,Nucleolar protein 58,keep,keep,FALSE,FALSE,NA,37000,16.2,128.4,NA
Q9Y2Z0,SUGT1,Protein SGT1 homolog,keep,keep,FALSE,TRUE,NA,13000,19,38.1,-0.19593450028232642
Q9Y2Z9,COQ6,"Ubiquinone biosynthesis monooxygenase COQ6, mitochondrial",keep,keep,FALSE,FALSE,NA,NA,1.5,62.8,-0.07628738822078321
Q9Y305,ACOT9,"Acyl-coenzyme A thioesterase 9, mitochondrial",keep,keep,FALSE,TRUE,NA,9500,0.4,56.4,0.17086409031697786
Q9Y315,DERA,Deoxyribose-phosphate aldolase,keep,keep,FALSE,TRUE,NA,290000,3.6,61.4,NA
Q9Y316,MEMO1,Protein MEMO1,keep,keep,FALSE,TRUE,NA,15000,0.2,21.8,0.1653846153846154
Q9Y333,LSM2,U6 snRNA-associated Sm-like protein LSm2,keep,keep,FALSE,TRUE,NA,91000,0,0.1,0.21396761133603237
Q9Y371,SH3GLB1,Endophilin-B1,keep,keep,FALSE,TRUE,NA,12000,12.1,191.8,0.22607470049330516
Q9Y376,CAB39,Calcium-binding protein 39,keep,keep,FALSE,TRUE,NA,85000,28,378.8,-0.06833950046253469
Q9Y383,LUC7L2,Putative RNA-binding protein Luc7-like 2,keep,keep,FALSE,TRUE,NA,200000,13,21.1,0.1912280701754386
Q9Y394,DHRS7,Dehydrogenase/reductase SDR family member 7,keep,keep,FALSE,TRUE,NA,NA,2,68.6,-0.22818063395570992
Q9Y3A3,MOB4,MOB-like protein phocein,keep,keep,FALSE,TRUE,NA,NA,4.6,6.1,0.2687258687258688
Q9Y3A5,SBDS,Ribosome maturation protein SBDS,keep,keep,FALSE,TRUE,NA,18000,12.6,22.7,0.010421189752496743
Q9Y3A6,TMED5,Transmembrane emp24 domain-containing protein 5,keep,keep,FALSE,TRUE,NA,20000,2.8,125.5,-0.02695652173913043
Q9Y3B3,TMED7,Transmembrane emp24 domain-containing protein 7,keep,keep,FALSE,TRUE,NA,49000,0,0.2,NA
Q9Y3C4,TPRKB,EKC/KEOPS complex subunit TPRKB,keep,keep,FALSE,FALSE,NA,NA,6,18.7,-0.019607843137254905
Q9Y3C6,PPIL1,Peptidyl-prolyl cis-trans isomerase-like 1,keep,keep,FALSE,TRUE,NA,71000,8.9,6.1,0.180881899475794
Q9Y3D2,MSRB2,"Methionine-R-sulfoxide reductase B2, mitochondrial",keep,keep,FALSE,FALSE,Intracellular and membrane,NA,0.5,34.6,-0.07657657657657657
Q9Y3D3,MRPS16,"28S ribosomal protein S16, mitochondrial",keep,keep,FALSE,FALSE,NA,NA,7.3,33.1,-0.22642574816487865
Q9Y3D6,FIS1,Mitochondrial fission 1 protein,keep,keep,FALSE,TRUE,NA,55000,213.8,13.2,0.05373425966131133
Q9Y3D9,MRPS23,"28S ribosomal protein S23, mitochondrial",keep,keep,FALSE,FALSE,NA,NA,1.8,23.7,-0.22177700348432058
Q9Y3F4,STRAP,Serine-threonine kinase receptor-associated protein,keep,keep,FALSE,TRUE,NA,330000,21.2,29.8,0.204563675609004
Q9Y3I0,RTCB,RNA-splicing ligase RtcB homolog,keep,keep,FALSE,TRUE,NA,94000,2.7,47,0.04125809435707678
Q9Y3I1,FBXO7,F-box only protein 7,remove: red-cell (blood-tracking + RBC proteome),remove: red-cell (blood-tracking + RBC proteome),TRUE,TRUE,NA,310000,347.7,35.7,0.5686274509803922
Q9Y3U8,RPL36,60S ribosomal protein L36,keep,keep,FALSE,TRUE,NA,NA,247.9,9.5,0.21688311688311687
Q9Y3Z3,SAMHD1,Deoxynucleoside triphosphate triphosphohydrolase SAMHD1,keep,keep,FALSE,FALSE,NA,NA,6.3,37.2,NA
Q9Y450,HBS1L,HBS1-like protein,keep,keep,FALSE,TRUE,NA,4800,36.5,142.6,0.06582100070472163
Q9Y490,TLN1,Talin-1,keep,keep,FALSE,TRUE,NA,1300000000,33.5,20.7,0.3099218410768563
Q9Y4E8,USP15,Ubiquitin carboxyl-terminal hydrolase 15,keep,keep,FALSE,TRUE,NA,320000,164.2,489.8,0.32452431289640593
Q9Y4G6,TLN2,Talin-2,keep,keep,FALSE,TRUE,NA,45000000,4,273.3,0.04946524064171123
Q9Y4J8,DTNA,Dystrobrevin alpha,keep,keep,FALSE,FALSE,NA,NA,0.2,1700.4,0.30519480519480524
Q9Y4L1,HYOU1,Hypoxia up-regulated protein 1,keep,keep,FALSE,TRUE,Intracellular and membrane,59000000,0.5,0.5,0.189321468298109
Q9Y4W6,AFG3L2,AFG3-like protein 2,keep,keep,FALSE,TRUE,NA,NA,7.6,150.1,-0.11783071230342275
Q9Y4X5,ARIH1,E3 ubiquitin-protein ligase ARIH1,keep,keep,FALSE,TRUE,NA,NA,26.1,413,0.16666666666666669
Q9Y4Z0,LSM4,U6 snRNA-associated Sm-like protein LSm4,keep,keep,FALSE,TRUE,NA,NA,9.4,8.8,-0.46688560481663927
Q9Y508,RNF114,E3 ubiquitin-protein ligase RNF114,keep,keep,FALSE,TRUE,NA,NA,6.8,160.8,5.226480836236935e-4
Q9Y512,SAMM50,Sorting and assembly machinery component 50 homolog,keep,keep,FALSE,TRUE,NA,NA,9.1,47.2,-0.18570767807585567
Q9Y570,PPME1,Protein phosphatase methylesterase 1,keep,keep,FALSE,TRUE,NA,52000,23.3,129.9,0.1236786469344609
Q9Y5J7,TIMM9,Mitochondrial import inner membrane translocase subunit Tim9,keep,keep,FALSE,TRUE,NA,19000,3,43.1,-0.2388663967611336
Q9Y5K5,UCHL5,Ubiquitin carboxyl-terminal hydrolase isozyme L5,keep,keep,FALSE,TRUE,NA,16000,8.8,55.6,0.20957264957264954
Q9Y5L0,TNPO3,Transportin-3,keep,keep,FALSE,TRUE,NA,5100,6.8,88.6,-0.013929618768328446
Q9Y5L4,TIMM13,Mitochondrial import inner membrane translocase subunit Tim13,keep,keep,FALSE,TRUE,NA,62000,13.2,10.6,-0.12932469935245142
Q9Y5M8,SRPRB,Signal recognition particle receptor subunit beta,keep,keep,FALSE,TRUE,NA,6000,6.4,10.5,0.14400527009222658
Q9Y5P6,GMPPB,Mannose-1-phosphate guanyltransferase beta,keep,keep,FALSE,TRUE,NA,47000,2,2.9,0.11970443349753693
Q9Y5U8,MPC1,Mitochondrial pyruvate carrier 1,keep,keep,FALSE,TRUE,NA,NA,12.4,131.1,-0.1368421052631579
Q9Y5U9,IER3IP1,Immediate early response 3-interacting protein 1,keep,keep,FALSE,TRUE,NA,NA,0,0.2,NA
Q9Y5X3,SNX5,Sorting nexin-5,keep,keep,FALSE,TRUE,NA,33000,4.5,33.6,-0.026769626769626773
Q9Y5Y2,NUBP2,Cytosolic Fe-S cluster assembly factor NUBP2,keep,keep,FALSE,TRUE,NA,NA,3.4,7.9,-0.08771929824561403
Q9Y5Z4,HEBP2,Heme-binding protein 2,keep,keep,FALSE,TRUE,NA,1400000,2.4,13.2,0.11571862787668259
Q9Y613,FHOD1,FH1/FH2 domain-containing protein 1,keep,keep,FALSE,TRUE,NA,640000,1.5,69.9,-0.16131133304385584
Q9Y623,MYH4,Myosin-4,keep,keep,FALSE,FALSE,NA,14000000,0,7,0.18555347091932461
Q9Y676,MRPS18B,"28S ribosomal protein S18b, mitochondrial",keep,keep,FALSE,FALSE,NA,NA,0.2,1,0.09019607843137256
Q9Y678,COPG1,Coatomer subunit gamma-1,keep,keep,FALSE,TRUE,NA,150000,3.3,12.1,NA
Q9Y696,CLIC4,Chloride intracellular channel protein 4,keep,keep,FALSE,TRUE,NA,3800000,22.9,6.4,-0.022386679000925065
Q9Y6A9,SPCS1,Signal peptidase complex subunit 1,keep,keep,FALSE,TRUE,NA,NA,30.2,14.8,0.14255156608097785
Q9Y6B6,SAR1B,GTP-binding protein SAR1b,keep,keep,FALSE,TRUE,NA,360000,7.8,217.3,-0.21081198436821538
Q9Y6C9,MTCH2,Mitochondrial carrier homolog 2,keep,keep,FALSE,TRUE,NA,100000,3.3,2.6,-0.07886216466234967
Q9Y6E2,BZW2,Basic leucine zipper and W2 domain-containing protein 2,keep,keep,FALSE,TRUE,NA,19000,0.7,184.2,-0.09878419452887537
Q9Y6G9,DYNC1LI1,Cytoplasmic dynein 1 light intermediate chain 1,keep,keep,FALSE,TRUE,NA,NA,18.3,50,-0.02987197724039829
Q9Y6H1,CHCHD2,Coiled-coil-helix-coiled-coil-helix domain-containing protein 2,keep,keep,FALSE,FALSE,NA,11000,101.1,39.9,-0.01522198731501057
Q9Y6M9,NDUFB9,NADH dehydrogenase [ubiquinone] 1 beta subcomplex subunit 9,keep,keep,FALSE,TRUE,NA,NA,40.1,100.7,-0.12060356057316544
Q9Y6N1,COX11,"Cytochrome c oxidase assembly protein COX11, mitochondrial",keep,keep,FALSE,TRUE,NA,NA,2.2,39.4,-0.4617647058823529
Q9Y6N5,SQOR,"Sulfide:quinone oxidoreductase, mitochondrial",keep,keep,FALSE,TRUE,NA,NA,3.5,11.5,0.0969187675070028
Q9Y6P5,SESN1,Sestrin-1,keep,keep,FALSE,TRUE,NA,NA,16.5,1614.7,-0.19999999999999998
